-0.989488
-0.984219
-0.485416
-0.487587
-0.999248
-0.861152
-0.861793
-0.867264
-0.994205
-0.987977
-0.986896
-0.992001
-0.996174
-0.979627
-0.985824
-0.876076
-0.994037
-0.432552
-0.970733
-0.854316
-0.995066
-0.96857
-0.501587
-0.946182
-0.998828
-0.999316
-0.428779
-0.858555
-0.9688
-0.478818
-0.93824
-0.935936
-0.996468
-0.850275
-0.96887
-0.973871
-0.983418
-0.984135
-0.999709
-0.868541
-0.989472
-0.972847
-0.999021
-0.467097
-0.96961
-0.481866
-0.995596
-0.853825
-0.990631
-0.990996
-0.999963
-0.949965
-0.860821
-0.969186
-0.854765
-0.965048
-0.432745
-0.980103
-0.442229
-0.994604
-0.994582
-0.696633
-0.995646
-0.480667
-0.852612
-0.996956
-0.99844
-0.997025
-0.704935
-0.990389
-0.980862
-0.994173
-0.999343
-0.966649
-0.974556
-0.856962
-0.913998
-0.933214
-0.99329
-0.468662
-0.998701
-0.868675
-0.965554
-0.971209
-0.856038
-0.488283
-0.991123
-0.996699
-0.993035
-0.716492
-0.992248
-0.984167
-0.991409
-0.993357
-0.995761
-0.997261
-0.449054
-0.996811
-0.999875
-0.498699
-0.973095
-0.867205
-0.993236
-0.997873
-0.812406
-0.864054
-0.949309
-0.529748
-0.452192
-0.969588
-0.967819
-0.980255
-0.865525
-0.4308
-0.863812
-0.97303
-0.492143
-0.996803
-0.966826
-0.850904
-0.996518
-0.983469
-0.979547
-0.997623
-0.990234
-0.464345
-0.997669
-0.98113
-0.992195
-0.992868
-0.993499
-0.999452
-0.99165
-0.979084
-0.435173
-0.862227
-0.976009
-0.973041
-0.953965
-0.99223
-0.95445
-0.991808
-0.52982
-0.990298
-0.994728
-0.864418
-0.957455
-0.980469
-0.969719
-0.996511
-0.969259
-0.866868
-0.503904
-0.855219
-0.973779
-0.95295
-0.989598
-0.997481
-0.444947
-0.964343
-0.975929
-0.531167
-0.446692
-0.872286
-0.849352
-0.935059
-0.968393
-0.97774
-0.953672
-0.988536
-0.498556
-0.947715
-0.839885
-0.994714
-0.953325
-0.828968
-0.995259
-0.990465
-0.873309
-0.994063
-0.988886
-0.969993
-0.886475
-0.964355
-0.995167
-0.981355
-0.481596
-0.993847
-0.990272
-0.982959
-0.961867
-0.873305
-0.949923
-0.858237
-0.496575
-0.956103
-0.423615
-0.987183
-0.54463
-0.976325
-0.974894
-0.536783
-0.977221
-0.535022
-0.870973
-0.968274
-0.971113
-0.859224
-0.97571
-0.85905
-0.854448
-0.426497
-0.968856
-0.950677
-0.87153
-0.975855
-0.527719
-0.950886
-0.603651
-0.969203
-0.840174
-0.488386
-0.955578
-0.97717
-0.995699
-0.84552
-0.996634
-0.999316
-0.999536
-0.964844
-0.862159
-0.864139
-0.828535
-0.965608
-0.474981
-0.448133
-0.990559
-0.97297
-0.866495
-0.432082
-0.96468
-0.979692
-0.999317
-0.996448
-0.987949
-0.964999
-0.969137
-0.466577
-0.953095
-0.862209
-0.987027
-0.961122
-0.98728
-0.862141
-0.972595
-0.971005
-0.867772
-0.991066
-0.997242
-0.843351
-0.460962
-0.412462
-0.957465
-0.994494
-0.997392
-0.995613
-0.858311
-0.861832
-0.995271
-0.962477
-0.992102
-0.995109
-0.842138
-0.997282
-0.953235
-0.536397
-0.971194
-0.414212
-0.989563
-0.994867
-0.969135
-0.469735
-0.967793
-0.97553
-0.857636
-0.855153
-0.477019
-0.961978
-0.481144
-0.983761
-0.972115
-0.858951
-0.997585
-0.998358
-0.848385
-0.981296
-0.97937
-0.445577
-0.968045
-0.85271
-0.995443
-0.479631
-0.943812
-0.991265
-0.988659
-0.461001
-0.96491
-0.966591
-0.99516
-0.988948
-0.990832
-0.9683
-0.995842
-0.939073
-0.99202
-0.471216
-0.993699
-0.96778
-0.867224
-0.969711
-0.862772
-0.944471
-0.512848
-0.968603
-0.861619
-0.961257
-0.480155
-0.463779
-0.966613
-0.857143
-0.843323
-0.993635
-0.997958
-0.485341
-0.860571
-0.854298
-0.99637
-0.997526
-0.977125
-0.507418
-0.846436
-0.967811
-0.426885
-0.992024
-0.939482
-0.966101
-0.851726
-0.855938
-0.998866
-0.964718
-0.843145
-0.999011
-0.457997
-0.972121
-0.919266
-0.433011
-0.847595
-0.97045
-0.998791
-0.95761
-0.992368
-0.97094
-0.839348
-0.439161
-0.997626
-0.993227
-0.957665
-0.984259
-0.996752
-0.437397
-0.525355
-0.93123
-0.954189
-0.946419
-0.973915
-0.485761
-0.429798
-0.989971
-0.424157
-0.994797
-0.870045
-0.982457
-0.998081
-0.988972
-0.870786
-0.8705
-0.860127
