-0.989488 -0.485416 -0.984135 
-0.989488 -0.487587 -0.999709 
-0.989488 -0.999248 -0.868541 
-0.989488 -0.861152 -0.989472 
-0.989488 -0.994205 -0.467097 
-0.989488 -0.986896 -0.481866 
-0.989488 -0.996174 -0.853825 
-0.984219 -0.487587 -0.990631 
-0.984219 -0.987977 -0.432745 
-0.984219 -0.992001 -0.442229 
-0.485416 -0.487587 -0.696633 
-0.485416 -0.999248 -0.995646 
-0.485416 -0.861152 -0.480667 
-0.485416 -0.861793 -0.852612 
-0.485416 -0.867264 -0.704935 
-0.485416 -0.994205 -0.990389 
-0.485416 -0.986896 -0.980862 
-0.485416 -0.996174 -0.994173 
-0.487587 -0.861152 -0.856038 
-0.487587 -0.861793 -0.488283 
-0.487587 -0.867264 -0.716492 
-0.487587 -0.987977 -0.984167 
-0.487587 -0.986896 -0.991409 
-0.487587 -0.996174 -0.993357 
-0.999248 -0.994205 -0.498699 
-0.999248 -0.986896 -0.973095 
-0.861152 -0.861793 -0.850904 
-0.861152 -0.867264 -0.464345 
-0.861152 -0.994205 -0.997669 
-0.861152 -0.986896 -0.98113 
-0.861152 -0.996174 -0.992195 
-0.861793 -0.867264 -0.481596 
-0.861793 -0.986896 -0.993847 
-0.861793 -0.996174 -0.990272 
-0.867264 -0.986896 -0.988948 
-0.867264 -0.996174 -0.990832 
-0.994205 -0.986896 -0.867224 
-0.994205 -0.996174 -0.969711 
-0.987977 -0.992001 -0.846436 
-0.986896 -0.996174 -0.426885 
-0.979627 -0.876076 -0.996518 
-0.979627 -0.432552 -0.979547 
-0.979627 -0.96857 -0.992868 
-0.979627 -0.501587 -0.993499 
-0.979627 -0.998828 -0.999452 
-0.985824 -0.876076 -0.873305 
-0.985824 -0.432552 -0.949923 
-0.985824 -0.96857 -0.956103 
-0.985824 -0.946182 -0.423615 
-0.985824 -0.998828 -0.987183 
-0.876076 -0.432552 -0.54463 
-0.876076 -0.96857 -0.536783 
-0.876076 -0.501587 -0.977221 
-0.876076 -0.946182 -0.535022 
-0.876076 -0.998828 -0.870973 
-0.994037 -0.970733 -0.603651 
-0.994037 -0.854316 -0.840174 
-0.994037 -0.995066 -0.488386 
-0.994037 -0.501587 -0.955578 
-0.994037 -0.999316 -0.84552 
-0.432552 -0.854316 -0.964844 
-0.432552 -0.96857 -0.862159 
-0.432552 -0.501587 -0.864139 
-0.432552 -0.946182 -0.828535 
-0.432552 -0.998828 -0.965608 
-0.970733 -0.854316 -0.485341 
-0.970733 -0.995066 -0.860571 
-0.970733 -0.501587 -0.854298 
-0.970733 -0.999316 -0.507418 
-0.854316 -0.995066 -0.919266 
-0.854316 -0.501587 -0.433011 
-0.854316 -0.999316 -0.847595 
-0.995066 -0.501587 -0.97045 
-0.995066 -0.999316 -0.95761 
-0.96857 -0.946182 -0.839348 
-0.96857 -0.998828 -0.439161 
-0.501587 -0.946182 -0.993227 
-0.501587 -0.999316 -0.957665 
-0.946182 -0.998828 -0.946419 
-0.428779 -0.858555 -0.966649 
-0.428779 -0.9688 -0.974556 
-0.428779 -0.478818 -0.856962 
-0.428779 -0.93824 -0.913998 
-0.428779 -0.935936 -0.933214 
-0.428779 -0.850275 -0.468662 
-0.428779 -0.96887 -0.868675 
-0.428779 -0.983418 -0.965554 
-0.858555 -0.9688 -0.997261 
-0.858555 -0.478818 -0.449054 
-0.858555 -0.935936 -0.996811 
-0.858555 -0.850275 -0.999875 
-0.858555 -0.973871 -0.498699 
-0.9688 -0.478818 -0.980255 
-0.9688 -0.93824 -0.865525 
-0.9688 -0.935936 -0.4308 
-0.9688 -0.996468 -0.492143 
-0.9688 -0.850275 -0.996803 
-0.9688 -0.983418 -0.966826 
-0.478818 -0.93824 -0.980469 
-0.478818 -0.935936 -0.969719 
-0.478818 -0.996468 -0.996511 
-0.478818 -0.850275 -0.969259 
-0.478818 -0.973871 -0.866868 
-0.93824 -0.935936 -0.503904 
-0.93824 -0.996468 -0.973779 
-0.93824 -0.850275 -0.95295 
-0.93824 -0.96887 -0.989598 
-0.93824 -0.983418 -0.444947 
-0.935936 -0.996468 -0.859224 
-0.935936 -0.850275 -0.97571 
-0.935936 -0.983418 -0.85905 
-0.850275 -0.96887 -0.481144 
-0.850275 -0.983418 -0.972115 
-0.96887 -0.983418 -0.991265 
-0.984135 -0.999709 -0.696633 
-0.984135 -0.868541 -0.995646 
-0.984135 -0.989472 -0.480667 
-0.984135 -0.467097 -0.990389 
-0.984135 -0.481866 -0.980862 
-0.984135 -0.853825 -0.994173 
-0.999709 -0.989472 -0.856038 
-0.999709 -0.481866 -0.991409 
-0.999709 -0.853825 -0.993357 
-0.868541 -0.972847 -0.449054 
-0.868541 -0.467097 -0.498699 
-0.868541 -0.481866 -0.973095 
-0.989472 -0.467097 -0.997669 
-0.989472 -0.481866 -0.98113 
-0.989472 -0.853825 -0.992195 
-0.972847 -0.467097 -0.866868 
-0.999021 -0.96961 -0.981296 
-0.999021 -0.481866 -0.97937 
-0.999021 -0.995596 -0.445577 
-0.999021 -0.853825 -0.968045 
-0.467097 -0.481866 -0.867224 
-0.467097 -0.853825 -0.969711 
-0.96961 -0.481866 -0.862772 
-0.96961 -0.995596 -0.944471 
-0.96961 -0.853825 -0.512848 
-0.481866 -0.995596 -0.967811 
-0.481866 -0.853825 -0.426885 
-0.995596 -0.853825 -0.939482 
-0.990631 -0.854765 -0.992248 
-0.990631 -0.432745 -0.984167 
-0.990996 -0.949965 -0.435173 
-0.990996 -0.860821 -0.862227 
-0.990996 -0.965048 -0.953965 
-0.990996 -0.980103 -0.99223 
-0.990996 -0.442229 -0.95445 
-0.990996 -0.994582 -0.957455 
-0.999963 -0.969186 -0.446692 
-0.999963 -0.854765 -0.849352 
-0.999963 -0.432745 -0.968393 
-0.949965 -0.860821 -0.498556 
-0.949965 -0.965048 -0.839885 
-0.949965 -0.432745 -0.994714 
-0.949965 -0.980103 -0.953325 
-0.949965 -0.442229 -0.828968 
-0.949965 -0.994604 -0.995259 
-0.949965 -0.994582 -0.886475 
-0.860821 -0.965048 -0.603651 
-0.860821 -0.432745 -0.969203 
-0.860821 -0.980103 -0.840174 
-0.860821 -0.442229 -0.488386 
-0.860821 -0.994604 -0.955578 
-0.860821 -0.994582 -0.84552 
-0.969186 -0.854765 -0.466577 
-0.969186 -0.432745 -0.862209 
-0.854765 -0.432745 -0.471216 
-0.854765 -0.442229 -0.96778 
-0.965048 -0.432745 -0.997958 
-0.965048 -0.980103 -0.485341 
-0.965048 -0.442229 -0.860571 
-0.965048 -0.994604 -0.854298 
-0.965048 -0.994582 -0.507418 
-0.432745 -0.442229 -0.846436 
-0.980103 -0.442229 -0.919266 
-0.980103 -0.994604 -0.433011 
-0.980103 -0.994582 -0.847595 
-0.442229 -0.994604 -0.97045 
-0.442229 -0.994582 -0.95761 
-0.994604 -0.994582 -0.957665 
-0.696633 -0.480667 -0.856038 
-0.696633 -0.852612 -0.488283 
-0.696633 -0.996956 -0.991123 
-0.696633 -0.99844 -0.996699 
-0.696633 -0.997025 -0.993035 
-0.696633 -0.704935 -0.716492 
-0.696633 -0.980862 -0.991409 
-0.696633 -0.994173 -0.993357 
-0.696633 -0.999343 -0.995761 
-0.995646 -0.990389 -0.498699 
-0.995646 -0.980862 -0.973095 
-0.480667 -0.852612 -0.850904 
-0.480667 -0.996956 -0.983469 
-0.480667 -0.99844 -0.997623 
-0.480667 -0.997025 -0.990234 
-0.480667 -0.704935 -0.464345 
-0.480667 -0.990389 -0.997669 
-0.480667 -0.980862 -0.98113 
-0.480667 -0.994173 -0.992195 
-0.480667 -0.999343 -0.979084 
-0.852612 -0.996956 -0.964355 
-0.852612 -0.99844 -0.995167 
-0.852612 -0.997025 -0.981355 
-0.852612 -0.704935 -0.481596 
-0.852612 -0.980862 -0.993847 
-0.852612 -0.994173 -0.990272 
-0.852612 -0.999343 -0.961867 
-0.996956 -0.99844 -0.854448 
-0.996956 -0.997025 -0.426497 
-0.996956 -0.704935 -0.950677 
-0.996956 -0.999343 -0.527719 
-0.99844 -0.997025 -0.474981 
-0.99844 -0.704935 -0.990559 
-0.99844 -0.999343 -0.97297 
-0.997025 -0.704935 -0.972595 
-0.997025 -0.999343 -0.867772 
-0.704935 -0.980862 -0.988948 
-0.704935 -0.994173 -0.990832 
-0.704935 -0.999343 -0.939073 
-0.990389 -0.980862 -0.867224 
-0.990389 -0.994173 -0.969711 
-0.980862 -0.994173 -0.426885 
-0.966649 -0.974556 -0.997261 
-0.966649 -0.856962 -0.449054 
-0.966649 -0.933214 -0.996811 
-0.966649 -0.468662 -0.999875 
-0.974556 -0.856962 -0.980255 
-0.974556 -0.913998 -0.865525 
-0.974556 -0.933214 -0.4308 
-0.974556 -0.468662 -0.996803 
-0.974556 -0.965554 -0.966826 
-0.856962 -0.913998 -0.980469 
-0.856962 -0.933214 -0.969719 
-0.856962 -0.468662 -0.969259 
-0.913998 -0.933214 -0.503904 
-0.913998 -0.99329 -0.855219 
-0.913998 -0.468662 -0.95295 
-0.913998 -0.868675 -0.989598 
-0.913998 -0.965554 -0.444947 
-0.933214 -0.99329 -0.971113 
-0.933214 -0.468662 -0.97571 
-0.933214 -0.965554 -0.85905 
-0.99329 -0.468662 -0.991066 
-0.99329 -0.868675 -0.997242 
-0.99329 -0.965554 -0.460962 
-0.468662 -0.998701 -0.961978 
-0.468662 -0.868675 -0.481144 
-0.468662 -0.965554 -0.972115 
-0.468662 -0.971209 -0.858951 
-0.998701 -0.868675 -0.848385 
-0.998701 -0.971209 -0.445577 
-0.868675 -0.965554 -0.991265 
-0.868675 -0.971209 -0.461001 
-0.856038 -0.488283 -0.850904 
-0.856038 -0.991123 -0.983469 
-0.856038 -0.996699 -0.997623 
-0.856038 -0.993035 -0.990234 
-0.856038 -0.716492 -0.464345 
-0.856038 -0.991409 -0.98113 
-0.856038 -0.993357 -0.992195 
-0.856038 -0.995761 -0.979084 
-0.488283 -0.991123 -0.964355 
-0.488283 -0.996699 -0.995167 
-0.488283 -0.993035 -0.981355 
-0.488283 -0.716492 -0.481596 
-0.488283 -0.991409 -0.993847 
-0.488283 -0.993357 -0.990272 
-0.488283 -0.995761 -0.961867 
-0.991123 -0.996699 -0.854448 
-0.991123 -0.993035 -0.426497 
-0.991123 -0.716492 -0.950677 
-0.991123 -0.995761 -0.527719 
-0.996699 -0.993035 -0.474981 
-0.996699 -0.716492 -0.990559 
-0.996699 -0.995761 -0.97297 
-0.993035 -0.716492 -0.972595 
-0.993035 -0.995761 -0.867772 
-0.716492 -0.991409 -0.988948 
-0.716492 -0.993357 -0.990832 
-0.716492 -0.995761 -0.939073 
-0.992248 -0.984167 -0.471216 
-0.991409 -0.993357 -0.426885 
-0.997261 -0.449054 -0.980255 
-0.997261 -0.996811 -0.4308 
-0.997261 -0.999875 -0.996803 
-0.449054 -0.996811 -0.969719 
-0.449054 -0.999875 -0.969259 
-0.449054 -0.498699 -0.866868 
-0.996811 -0.999875 -0.97571 
-0.498699 -0.973095 -0.867224 
-0.867205 -0.993236 -0.995271 
-0.867205 -0.812406 -0.842138 
-0.867205 -0.949309 -0.953235 
-0.867205 -0.529748 -0.536397 
-0.867205 -0.452192 -0.971194 
-0.867205 -0.967819 -0.414212 
-0.993236 -0.812406 -0.843145 
-0.993236 -0.949309 -0.457997 
-0.993236 -0.529748 -0.972121 
-0.997873 -0.452192 -0.997626 
-0.812406 -0.864054 -0.984259 
-0.812406 -0.949309 -0.437397 
-0.812406 -0.529748 -0.525355 
-0.812406 -0.452192 -0.93123 
-0.812406 -0.967819 -0.954189 
-0.864054 -0.529748 -0.973915 
-0.864054 -0.452192 -0.485761 
-0.864054 -0.969588 -0.429798 
-0.949309 -0.529748 -0.870045 
-0.949309 -0.452192 -0.982457 
-0.949309 -0.967819 -0.988972 
-0.529748 -0.452192 -0.870786 
-0.529748 -0.967819 -0.8705 
-0.452192 -0.969588 -0.860127 
-0.980255 -0.865525 -0.980469 
-0.980255 -0.4308 -0.969719 
-0.980255 -0.492143 -0.996511 
-0.980255 -0.996803 -0.969259 
-0.865525 -0.4308 -0.503904 
-0.865525 -0.492143 -0.973779 
-0.865525 -0.996803 -0.95295 
-0.865525 -0.966826 -0.444947 
-0.4308 -0.863812 -0.968274 
-0.4308 -0.492143 -0.859224 
-0.4308 -0.996803 -0.97571 
-0.4308 -0.966826 -0.85905 
-0.863812 -0.97303 -0.474981 
-0.863812 -0.492143 -0.448133 
-0.97303 -0.492143 -0.862141 
-0.996803 -0.966826 -0.972115 
-0.850904 -0.983469 -0.964355 
-0.850904 -0.997623 -0.995167 
-0.850904 -0.990234 -0.981355 
-0.850904 -0.464345 -0.481596 
-0.850904 -0.98113 -0.993847 
-0.850904 -0.992195 -0.990272 
-0.850904 -0.99165 -0.982959 
-0.850904 -0.979084 -0.961867 
-0.996518 -0.979547 -0.54463 
-0.996518 -0.992868 -0.536783 
-0.996518 -0.993499 -0.977221 
-0.996518 -0.999452 -0.870973 
-0.983469 -0.997623 -0.854448 
-0.983469 -0.990234 -0.426497 
-0.983469 -0.464345 -0.950677 
-0.983469 -0.99165 -0.87153 
-0.983469 -0.979084 -0.527719 
-0.979547 -0.464345 -0.999536 
-0.979547 -0.992868 -0.862159 
-0.979547 -0.993499 -0.864139 
-0.979547 -0.999452 -0.965608 
-0.997623 -0.990234 -0.474981 
-0.997623 -0.464345 -0.990559 
-0.997623 -0.979084 -0.97297 
-0.990234 -0.464345 -0.972595 
-0.990234 -0.99165 -0.971005 
-0.990234 -0.979084 -0.867772 
-0.464345 -0.98113 -0.988948 
-0.464345 -0.992195 -0.990832 
-0.464345 -0.99165 -0.9683 
-0.464345 -0.979084 -0.939073 
-0.997669 -0.98113 -0.867224 
-0.997669 -0.992195 -0.969711 
-0.98113 -0.992195 -0.426885 
-0.98113 -0.999452 -0.992024 
-0.992195 -0.999452 -0.992368 
-0.992868 -0.999452 -0.439161 
-0.99165 -0.979084 -0.429798 
-0.435173 -0.862227 -0.498556 
-0.435173 -0.976009 -0.947715 
-0.435173 -0.953965 -0.839885 
-0.435173 -0.99223 -0.953325 
-0.435173 -0.95445 -0.828968 
-0.435173 -0.991808 -0.990465 
-0.435173 -0.52982 -0.873309 
-0.435173 -0.990298 -0.994063 
-0.435173 -0.994728 -0.988886 
-0.435173 -0.864418 -0.969993 
-0.435173 -0.957455 -0.886475 
-0.862227 -0.976009 -0.950886 
-0.862227 -0.953965 -0.603651 
-0.862227 -0.99223 -0.840174 
-0.862227 -0.95445 -0.488386 
-0.862227 -0.52982 -0.97717 
-0.862227 -0.994728 -0.995699 
-0.862227 -0.957455 -0.84552 
-0.976009 -0.953965 -0.861832 
-0.976009 -0.99223 -0.962477 
-0.976009 -0.95445 -0.992102 
-0.976009 -0.991808 -0.842138 
-0.976009 -0.52982 -0.997282 
-0.976009 -0.990298 -0.953235 
-0.976009 -0.994728 -0.536397 
-0.976009 -0.957455 -0.414212 
-0.973041 -0.52982 -0.855153 
-0.973041 -0.864418 -0.477019 
-0.953965 -0.99223 -0.485341 
-0.953965 -0.95445 -0.860571 
-0.953965 -0.991808 -0.99637 
-0.953965 -0.52982 -0.997526 
-0.953965 -0.994728 -0.977125 
-0.953965 -0.957455 -0.507418 
-0.99223 -0.95445 -0.919266 
-0.99223 -0.957455 -0.847595 
-0.95445 -0.52982 -0.998791 
-0.95445 -0.957455 -0.95761 
-0.991808 -0.52982 -0.996752 
-0.991808 -0.990298 -0.437397 
-0.991808 -0.994728 -0.525355 
-0.991808 -0.957455 -0.954189 
-0.52982 -0.990298 -0.989971 
-0.52982 -0.864418 -0.424157 
-0.52982 -0.957455 -0.994797 
-0.990298 -0.994728 -0.870045 
-0.990298 -0.864418 -0.998081 
-0.990298 -0.957455 -0.988972 
-0.994728 -0.957455 -0.8705 
-0.980469 -0.969719 -0.503904 
-0.980469 -0.996511 -0.973779 
-0.980469 -0.969259 -0.95295 
-0.969719 -0.996511 -0.859224 
-0.969719 -0.969259 -0.97571 
-0.503904 -0.855219 -0.971113 
-0.503904 -0.973779 -0.859224 
-0.503904 -0.95295 -0.97571 
-0.503904 -0.444947 -0.85905 
-0.855219 -0.95295 -0.991066 
-0.855219 -0.989598 -0.997242 
-0.855219 -0.997481 -0.843351 
-0.855219 -0.444947 -0.460962 
-0.855219 -0.964343 -0.412462 
-0.95295 -0.989598 -0.481144 
-0.95295 -0.444947 -0.972115 
-0.989598 -0.444947 -0.991265 
-0.997481 -0.444947 -0.961257 
-0.997481 -0.964343 -0.480155 
-0.444947 -0.964343 -0.843323 
-0.975929 -0.531167 -0.858237 
-0.975929 -0.872286 -0.496575 
-0.531167 -0.446692 -0.866495 
-0.531167 -0.872286 -0.432082 
-0.531167 -0.849352 -0.96468 
-0.531167 -0.935059 -0.979692 
-0.531167 -0.968393 -0.999317 
-0.531167 -0.97774 -0.996448 
-0.531167 -0.953672 -0.987949 
-0.446692 -0.872286 -0.969137 
-0.446692 -0.849352 -0.466577 
-0.446692 -0.935059 -0.953095 
-0.446692 -0.968393 -0.862209 
-0.446692 -0.97774 -0.987027 
-0.446692 -0.953672 -0.961122 
-0.446692 -0.988536 -0.98728 
-0.872286 -0.849352 -0.997392 
-0.849352 -0.935059 -0.99202 
-0.849352 -0.968393 -0.471216 
-0.849352 -0.953672 -0.993699 
-0.935059 -0.97774 -0.480155 
-0.935059 -0.953672 -0.463779 
-0.935059 -0.988536 -0.857143 
-0.97774 -0.953672 -0.855938 
-0.97774 -0.988536 -0.964718 
-0.953672 -0.988536 -0.457997 
-0.498556 -0.947715 -0.950886 
-0.498556 -0.839885 -0.603651 
-0.498556 -0.994714 -0.969203 
-0.498556 -0.953325 -0.840174 
-0.498556 -0.828968 -0.488386 
-0.498556 -0.995259 -0.955578 
-0.498556 -0.873309 -0.97717 
-0.498556 -0.988886 -0.995699 
-0.498556 -0.886475 -0.84552 
-0.947715 -0.839885 -0.861832 
-0.947715 -0.953325 -0.962477 
-0.947715 -0.828968 -0.992102 
-0.947715 -0.995259 -0.995109 
-0.947715 -0.990465 -0.842138 
-0.947715 -0.873309 -0.997282 
-0.947715 -0.994063 -0.953235 
-0.947715 -0.988886 -0.536397 
-0.947715 -0.886475 -0.414212 
-0.839885 -0.994714 -0.997958 
-0.839885 -0.953325 -0.485341 
-0.839885 -0.828968 -0.860571 
-0.839885 -0.995259 -0.854298 
-0.839885 -0.990465 -0.99637 
-0.839885 -0.873309 -0.997526 
-0.839885 -0.988886 -0.977125 
-0.839885 -0.886475 -0.507418 
-0.994714 -0.828968 -0.846436 
-0.953325 -0.828968 -0.919266 
-0.953325 -0.995259 -0.433011 
-0.953325 -0.886475 -0.847595 
-0.828968 -0.995259 -0.97045 
-0.828968 -0.873309 -0.998791 
-0.828968 -0.886475 -0.95761 
-0.995259 -0.886475 -0.957665 
-0.990465 -0.873309 -0.996752 
-0.990465 -0.994063 -0.437397 
-0.990465 -0.988886 -0.525355 
-0.990465 -0.886475 -0.954189 
-0.873309 -0.994063 -0.989971 
-0.873309 -0.969993 -0.424157 
-0.873309 -0.886475 -0.994797 
-0.994063 -0.988886 -0.870045 
-0.994063 -0.969993 -0.998081 
-0.994063 -0.886475 -0.988972 
-0.988886 -0.886475 -0.8705 
-0.964355 -0.995167 -0.854448 
-0.964355 -0.981355 -0.426497 
-0.964355 -0.481596 -0.950677 
-0.964355 -0.982959 -0.87153 
-0.964355 -0.961867 -0.527719 
-0.995167 -0.981355 -0.474981 
-0.995167 -0.481596 -0.990559 
-0.995167 -0.961867 -0.97297 
-0.981355 -0.481596 -0.972595 
-0.981355 -0.982959 -0.971005 
-0.981355 -0.961867 -0.867772 
-0.481596 -0.993847 -0.988948 
-0.481596 -0.990272 -0.990832 
-0.481596 -0.982959 -0.9683 
-0.481596 -0.961867 -0.939073 
-0.993847 -0.990272 -0.426885 
-0.982959 -0.961867 -0.429798 
-0.873305 -0.949923 -0.54463 
-0.873305 -0.496575 -0.976325 
-0.873305 -0.956103 -0.536783 
-0.873305 -0.423615 -0.535022 
-0.873305 -0.987183 -0.870973 
-0.949923 -0.496575 -0.996634 
-0.949923 -0.956103 -0.862159 
-0.949923 -0.423615 -0.828535 
-0.949923 -0.987183 -0.965608 
-0.858237 -0.496575 -0.432082 
-0.858237 -0.423615 -0.964999 
-0.496575 -0.956103 -0.995613 
-0.496575 -0.423615 -0.858311 
-0.956103 -0.423615 -0.839348 
-0.956103 -0.987183 -0.439161 
-0.423615 -0.987183 -0.946419 
-0.54463 -0.976325 -0.996634 
-0.54463 -0.974894 -0.999316 
-0.54463 -0.536783 -0.862159 
-0.54463 -0.977221 -0.864139 
-0.54463 -0.535022 -0.828535 
-0.54463 -0.870973 -0.965608 
-0.976325 -0.536783 -0.995613 
-0.976325 -0.535022 -0.858311 
-0.974894 -0.536783 -0.85271 
-0.974894 -0.535022 -0.995443 
-0.974894 -0.870973 -0.479631 
-0.536783 -0.535022 -0.839348 
-0.536783 -0.870973 -0.439161 
-0.977221 -0.535022 -0.993227 
-0.535022 -0.870973 -0.946419 
-0.968274 -0.859224 -0.448133 
-0.971113 -0.97571 -0.991066 
-0.971113 -0.85905 -0.460962 
-0.97571 -0.85905 -0.972115 
-0.854448 -0.426497 -0.474981 
-0.854448 -0.968856 -0.448133 
-0.854448 -0.950677 -0.990559 
-0.854448 -0.527719 -0.97297 
-0.426497 -0.968856 -0.862141 
-0.426497 -0.950677 -0.972595 
-0.426497 -0.87153 -0.971005 
-0.426497 -0.527719 -0.867772 
-0.950677 -0.87153 -0.9683 
-0.950677 -0.975855 -0.995842 
-0.950677 -0.527719 -0.939073 
-0.87153 -0.975855 -0.485761 
-0.87153 -0.527719 -0.429798 
-0.975855 -0.527719 -0.860127 
-0.950886 -0.603651 -0.861832 
-0.950886 -0.840174 -0.962477 
-0.950886 -0.488386 -0.992102 
-0.950886 -0.955578 -0.995109 
-0.950886 -0.97717 -0.997282 
-0.950886 -0.995699 -0.536397 
-0.950886 -0.84552 -0.414212 
-0.603651 -0.969203 -0.997958 
-0.603651 -0.840174 -0.485341 
-0.603651 -0.488386 -0.860571 
-0.603651 -0.955578 -0.854298 
-0.603651 -0.97717 -0.997526 
-0.603651 -0.995699 -0.977125 
-0.603651 -0.84552 -0.507418 
-0.969203 -0.488386 -0.846436 
-0.840174 -0.488386 -0.919266 
-0.840174 -0.955578 -0.433011 
-0.840174 -0.84552 -0.847595 
-0.488386 -0.955578 -0.97045 
-0.488386 -0.97717 -0.998791 
-0.488386 -0.84552 -0.95761 
-0.955578 -0.84552 -0.957665 
-0.97717 -0.84552 -0.994797 
-0.995699 -0.84552 -0.8705 
-0.996634 -0.862159 -0.995613 
-0.996634 -0.828535 -0.858311 
-0.999316 -0.862159 -0.85271 
-0.999316 -0.828535 -0.995443 
-0.999316 -0.965608 -0.479631 
-0.964844 -0.864139 -0.433011 
-0.862159 -0.828535 -0.839348 
-0.862159 -0.965608 -0.439161 
-0.864139 -0.828535 -0.993227 
-0.828535 -0.965608 -0.946419 
-0.474981 -0.448133 -0.862141 
-0.474981 -0.990559 -0.972595 
-0.474981 -0.97297 -0.867772 
-0.990559 -0.97297 -0.939073 
-0.866495 -0.432082 -0.969137 
-0.866495 -0.96468 -0.466577 
-0.866495 -0.979692 -0.953095 
-0.866495 -0.999317 -0.862209 
-0.866495 -0.996448 -0.987027 
-0.866495 -0.987949 -0.961122 
-0.432082 -0.96468 -0.997392 
-0.432082 -0.964999 -0.858311 
-0.96468 -0.979692 -0.99202 
-0.96468 -0.999317 -0.471216 
-0.96468 -0.987949 -0.993699 
-0.979692 -0.996448 -0.480155 
-0.979692 -0.987949 -0.463779 
-0.996448 -0.987949 -0.855938 
-0.969137 -0.466577 -0.997392 
-0.466577 -0.953095 -0.99202 
-0.466577 -0.862209 -0.471216 
-0.466577 -0.961122 -0.993699 
-0.953095 -0.987027 -0.480155 
-0.953095 -0.961122 -0.463779 
-0.953095 -0.98728 -0.857143 
-0.987027 -0.961122 -0.855938 
-0.987027 -0.98728 -0.964718 
-0.961122 -0.98728 -0.457997 
-0.972595 -0.971005 -0.9683 
-0.972595 -0.867772 -0.939073 
-0.971005 -0.867772 -0.429798 
-0.991066 -0.997242 -0.481144 
-0.991066 -0.460962 -0.972115 
-0.997242 -0.460962 -0.991265 
-0.843351 -0.460962 -0.961257 
-0.843351 -0.412462 -0.480155 
-0.843351 -0.957465 -0.463779 
-0.843351 -0.994494 -0.857143 
-0.460962 -0.412462 -0.843323 
-0.460962 -0.957465 -0.993635 
-0.412462 -0.957465 -0.855938 
-0.412462 -0.994494 -0.964718 
-0.957465 -0.994494 -0.457997 
-0.995613 -0.858311 -0.839348 
-0.861832 -0.962477 -0.485341 
-0.861832 -0.992102 -0.860571 
-0.861832 -0.995109 -0.854298 
-0.861832 -0.842138 -0.99637 
-0.861832 -0.997282 -0.997526 
-0.861832 -0.536397 -0.977125 
-0.861832 -0.414212 -0.507418 
-0.995271 -0.842138 -0.843145 
-0.995271 -0.997282 -0.999011 
-0.995271 -0.953235 -0.457997 
-0.995271 -0.536397 -0.972121 
-0.962477 -0.992102 -0.919266 
-0.962477 -0.995109 -0.433011 
-0.962477 -0.414212 -0.847595 
-0.992102 -0.995109 -0.97045 
-0.992102 -0.997282 -0.998791 
-0.992102 -0.414212 -0.95761 
-0.995109 -0.414212 -0.957665 
-0.842138 -0.997282 -0.996752 
-0.842138 -0.953235 -0.437397 
-0.842138 -0.536397 -0.525355 
-0.842138 -0.971194 -0.93123 
-0.842138 -0.414212 -0.954189 
-0.997282 -0.953235 -0.989971 
-0.997282 -0.414212 -0.994797 
-0.953235 -0.536397 -0.870045 
-0.953235 -0.971194 -0.982457 
-0.953235 -0.414212 -0.988972 
-0.536397 -0.971194 -0.870786 
-0.536397 -0.414212 -0.8705 
-0.989563 -0.994867 -0.961978 
-0.989563 -0.969135 -0.481144 
-0.989563 -0.469735 -0.983761 
-0.989563 -0.97553 -0.858951 
-0.989563 -0.857636 -0.997585 
-0.994867 -0.969135 -0.848385 
-0.994867 -0.469735 -0.981296 
-0.994867 -0.967793 -0.97937 
-0.994867 -0.97553 -0.445577 
-0.994867 -0.857636 -0.968045 
-0.969135 -0.469735 -0.943812 
-0.969135 -0.967793 -0.988659 
-0.969135 -0.97553 -0.461001 
-0.969135 -0.857636 -0.96491 
-0.969135 -0.477019 -0.99516 
-0.469735 -0.967793 -0.862772 
-0.469735 -0.97553 -0.944471 
-0.469735 -0.857636 -0.512848 
-0.469735 -0.855153 -0.968603 
-0.469735 -0.477019 -0.861619 
-0.967793 -0.97553 -0.967811 
-0.967793 -0.857636 -0.426885 
-0.97553 -0.857636 -0.939482 
-0.857636 -0.477019 -0.97094 
-0.855153 -0.477019 -0.424157 
-0.961978 -0.481144 -0.848385 
-0.961978 -0.983761 -0.981296 
-0.961978 -0.858951 -0.445577 
-0.961978 -0.997585 -0.968045 
-0.961978 -0.998358 -0.479631 
-0.481144 -0.983761 -0.943812 
-0.481144 -0.972115 -0.991265 
-0.481144 -0.858951 -0.461001 
-0.481144 -0.997585 -0.96491 
-0.481144 -0.998358 -0.966591 
-0.983761 -0.858951 -0.944471 
-0.983761 -0.997585 -0.512848 
-0.858951 -0.997585 -0.939482 
-0.858951 -0.998358 -0.851726 
-0.997585 -0.998358 -0.992368 
-0.848385 -0.981296 -0.943812 
-0.848385 -0.97937 -0.988659 
-0.848385 -0.445577 -0.461001 
-0.848385 -0.968045 -0.96491 
-0.848385 -0.479631 -0.966591 
-0.981296 -0.97937 -0.862772 
-0.981296 -0.445577 -0.944471 
-0.981296 -0.968045 -0.512848 
-0.97937 -0.445577 -0.967811 
-0.97937 -0.968045 -0.426885 
-0.97937 -0.479631 -0.992024 
-0.445577 -0.968045 -0.939482 
-0.445577 -0.85271 -0.966101 
-0.445577 -0.479631 -0.851726 
-0.968045 -0.479631 -0.992368 
-0.85271 -0.995443 -0.839348 
-0.85271 -0.479631 -0.439161 
-0.995443 -0.479631 -0.946419 
-0.943812 -0.988659 -0.862772 
-0.943812 -0.461001 -0.944471 
-0.943812 -0.96491 -0.512848 
-0.943812 -0.99516 -0.861619 
-0.988659 -0.461001 -0.967811 
-0.988659 -0.96491 -0.426885 
-0.988659 -0.966591 -0.992024 
-0.461001 -0.96491 -0.939482 
-0.461001 -0.966591 -0.851726 
-0.96491 -0.966591 -0.992368 
-0.96491 -0.99516 -0.97094 
-0.988948 -0.990832 -0.426885 
-0.9683 -0.995842 -0.485761 
-0.9683 -0.939073 -0.429798 
-0.995842 -0.939073 -0.860127 
-0.99202 -0.993699 -0.463779 
-0.471216 -0.96778 -0.846436 
-0.867224 -0.969711 -0.426885 
-0.862772 -0.944471 -0.967811 
-0.862772 -0.512848 -0.426885 
-0.944471 -0.512848 -0.939482 
-0.512848 -0.861619 -0.97094 
-0.968603 -0.861619 -0.424157 
-0.961257 -0.480155 -0.843323 
-0.961257 -0.463779 -0.993635 
-0.480155 -0.463779 -0.855938 
-0.480155 -0.966613 -0.998866 
-0.480155 -0.857143 -0.964718 
-0.463779 -0.966613 -0.843145 
-0.463779 -0.857143 -0.457997 
-0.966613 -0.857143 -0.437397 
-0.843323 -0.993635 -0.855938 
-0.997958 -0.860571 -0.846436 
-0.485341 -0.860571 -0.919266 
-0.485341 -0.854298 -0.433011 
-0.485341 -0.507418 -0.847595 
-0.860571 -0.854298 -0.97045 
-0.860571 -0.997526 -0.998791 
-0.860571 -0.507418 -0.95761 
-0.854298 -0.507418 -0.957665 
-0.99637 -0.997526 -0.996752 
-0.99637 -0.977125 -0.525355 
-0.99637 -0.507418 -0.954189 
-0.997526 -0.507418 -0.994797 
-0.977125 -0.507418 -0.8705 
-0.967811 -0.426885 -0.939482 
-0.967811 -0.992024 -0.851726 
-0.426885 -0.992024 -0.992368 
-0.939482 -0.851726 -0.992368 
-0.966101 -0.851726 -0.439161 
-0.855938 -0.998866 -0.843145 
-0.855938 -0.964718 -0.457997 
-0.998866 -0.964718 -0.437397 
-0.843145 -0.999011 -0.996752 
-0.843145 -0.457997 -0.437397 
-0.843145 -0.972121 -0.525355 
-0.999011 -0.457997 -0.989971 
-0.457997 -0.972121 -0.870045 
-0.919266 -0.433011 -0.97045 
-0.919266 -0.847595 -0.95761 
-0.433011 -0.847595 -0.957665 
-0.97045 -0.95761 -0.957665 
-0.998791 -0.95761 -0.994797 
-0.839348 -0.439161 -0.946419 
-0.984259 -0.525355 -0.973915 
-0.984259 -0.93123 -0.485761 
-0.996752 -0.437397 -0.989971 
-0.996752 -0.954189 -0.994797 
-0.437397 -0.525355 -0.870045 
-0.437397 -0.93123 -0.982457 
-0.437397 -0.954189 -0.988972 
-0.525355 -0.93123 -0.870786 
-0.525355 -0.954189 -0.8705 
-0.973915 -0.485761 -0.870786 
-0.485761 -0.429798 -0.860127 
-0.989971 -0.424157 -0.998081 
-0.989971 -0.994797 -0.988972 
-0.870045 -0.982457 -0.870786 
-0.870045 -0.988972 -0.8705 
