4.42631 1.33828 4.22558 2.58105 4.42564 1.32933 
4.42631 1.33828 4.22558 4.32406 1.33158 4.12014 
4.42631 2.58105 4.42564 4.32406 1.33158 4.12835 
4.22844 1.3424 4.47495 4.36544 1.24322 4.22667 
1.33828 1.3424 1.84897 2.58105 1.32933 2.54805 
1.33828 1.3424 1.84897 2.58527 2.52653 1.34372 
1.33828 1.3424 1.84897 2.62198 1.87551 1.91368 
1.33828 2.58105 1.32933 2.58527 2.52653 2.51598 
1.33828 2.58105 1.32933 2.62198 1.87551 1.29916 
1.33828 2.58105 1.32933 4.32406 4.12014 4.12835 
1.33828 2.58527 2.52653 2.62198 1.87551 1.33107 
1.33828 2.62198 1.87551 4.32406 4.12014 4.40414 
1.3424 2.58105 2.54805 2.58527 1.34372 2.51598 
1.3424 2.58105 2.54805 2.62198 1.91368 1.29916 
1.3424 2.58527 1.34372 2.62198 1.91368 1.33107 
2.58105 2.58527 2.51598 2.62198 1.29916 1.33107 
2.58105 2.62198 1.29916 4.32406 4.12835 4.40414 
4.28466 2.6841 2.66415 1.24289 3.45436 1.45719 
4.28466 2.6841 2.66415 3.80106 3.5565 1.4406 
4.28466 2.6841 2.66415 3.39723 1.22762 1.43691 
4.28466 1.24289 3.45436 3.80106 3.5565 2.58769 
4.28466 1.24289 3.45436 3.39723 1.22762 2.38713 
4.28466 3.80106 3.5565 3.39723 1.22762 2.44735 
2.6841 1.24289 1.45719 3.80106 1.4406 2.58769 
2.6841 1.24289 1.45719 1.36938 4.01457 2.60085 
2.6841 1.24289 1.45719 3.39723 1.43691 2.38713 
2.6841 3.80106 1.4406 3.39723 1.43691 2.44735 
1.24289 2.53718 3.72151 1.36938 2.60085 1.24368 
1.24289 3.80106 2.58769 3.39723 2.38713 2.44735 
3.85032 2.53718 1.33814 1.36938 2.53707 1.24368 
1.23641 2.56416 3.75925 1.32586 2.55394 1.2717 
1.23641 3.80617 3.94381 1.32586 2.55394 4.10173 
1.23641 3.80617 3.94381 3.28583 3.00681 2.61017 
1.23641 3.80617 3.94381 3.25569 3.22122 1.23987 
1.23641 3.80617 3.94381 4.20149 3.73619 3.76303 
1.23641 1.32586 2.55394 3.28583 3.00681 4.10817 
1.23641 1.32586 2.55394 3.25569 3.22122 3.82694 
1.23641 1.32586 2.55394 2.51212 1.30705 3.81648 
1.23641 3.28583 3.00681 3.25569 3.22122 1.37391 
1.23641 3.28583 3.00681 2.51212 1.30705 3.50309 
1.23641 3.28583 3.00681 3.80774 2.63167 4.43089 
1.23641 3.28583 3.00681 4.20149 3.73619 1.26445 
1.23641 3.25569 3.22122 2.51212 1.30705 3.97384 
1.23641 3.25569 3.22122 4.20149 3.73619 2.56736 
1.23641 2.51212 1.30705 3.80774 2.63167 1.33022 
1.23641 2.51212 1.30705 4.20149 3.73619 3.88312 
2.56416 1.32586 1.2717 3.92641 1.36375 2.61928 
3.80617 1.32586 4.10173 3.28583 2.61017 4.10817 
3.80617 1.32586 4.10173 3.25569 1.23987 3.82694 
3.80617 3.28583 2.61017 3.25569 1.23987 1.37391 
3.80617 3.28583 2.61017 4.20149 3.76303 1.26445 
3.80617 3.25569 1.23987 4.20149 3.76303 2.56736 
1.32586 3.28583 4.10817 3.25569 3.82694 1.37391 
1.32586 3.28583 4.10817 2.51212 3.81648 3.50309 
1.32586 3.25569 3.82694 2.51212 3.81648 3.97384 
3.28583 3.25569 1.37391 2.51212 3.50309 3.97384 
3.28583 3.25569 1.37391 4.20149 1.26445 2.56736 
3.28583 2.51212 3.50309 3.80774 4.43089 1.33022 
3.28583 2.51212 3.50309 4.20149 1.26445 3.88312 
3.25569 2.51212 3.97384 4.20149 2.56736 3.88312 
4.22558 4.42564 1.32933 1.33158 4.12014 4.12835 
4.22558 1.30418 4.46443 1.33158 4.12014 2.62171 
2.63075 3.90095 1.2717 1.30418 1.36375 2.61928 
2.63075 1.30418 1.36375 1.33158 3.90704 2.62171 
1.30418 1.33158 2.62171 2.5341 3.82675 1.23318 
3.82444 1.33158 2.59174 2.5341 1.39162 1.23318 
4.49099 3.45501 1.24741 2.57889 2.58813 1.36347 
4.49099 3.45501 1.24741 3.7257 3.51996 2.45043 
4.49099 3.45501 1.24741 1.25968 3.52814 2.38948 
4.49099 2.57889 2.58813 3.7257 3.51996 1.59171 
4.49099 2.57889 2.58813 1.25968 3.52814 1.34392 
4.49099 3.7257 3.51996 1.25968 3.52814 2.57725 
3.45501 2.57889 1.36347 3.7257 2.45043 1.59171 
3.45501 2.57889 1.36347 4.09717 3.50929 2.4521 
3.45501 2.57889 1.36347 1.25968 2.38948 1.34392 
3.45501 3.7257 2.45043 4.09717 3.50929 1.33814 
3.45501 3.7257 2.45043 1.25968 2.38948 2.57725 
3.45501 4.09717 3.50929 1.25968 2.38948 3.06116 
2.57889 3.7257 1.59171 4.09717 2.4521 1.33814 
2.57889 3.7257 1.59171 1.25968 1.34392 2.57725 
2.57889 1.24322 3.81523 1.25968 1.34392 2.48889 
2.57889 4.09717 2.4521 1.25968 1.34392 3.06116 
3.81485 2.54 1.30323 1.24322 2.58801 1.31175 
2.54 1.24322 1.31175 1.25968 3.78366 2.48889 
3.7257 4.09717 1.33814 1.25968 2.57725 3.06116 
1.84897 1.32933 2.54805 2.52653 1.34372 2.51598 
1.84897 1.32933 2.54805 1.87551 1.91368 1.29916 
1.84897 2.52653 1.34372 1.87551 1.91368 1.33107 
1.32933 2.52653 2.51598 1.87551 1.29916 1.33107 
1.32933 1.87551 1.29916 4.12014 4.12835 4.40414 
3.94381 2.55394 4.10173 3.00681 2.61017 4.10817 
3.94381 2.55394 4.10173 3.22122 1.23987 3.82694 
3.94381 3.00681 2.61017 3.22122 1.23987 1.37391 
3.94381 3.00681 2.61017 3.73619 3.76303 1.26445 
3.94381 3.22122 1.23987 3.73619 3.76303 2.56736 
2.55394 3.00681 4.10817 3.22122 3.82694 1.37391 
2.55394 3.00681 4.10817 1.30705 3.81648 3.50309 
2.55394 3.22122 3.82694 1.30705 3.81648 3.97384 
3.00681 3.22122 1.37391 1.30705 3.50309 3.97384 
3.00681 3.22122 1.37391 3.73619 1.26445 2.56736 
3.00681 1.30705 3.50309 2.63167 4.43089 1.33022 
3.00681 1.30705 3.50309 3.73619 1.26445 3.88312 
3.22122 1.30705 3.97384 3.73619 2.56736 3.88312 
1.30705 2.63167 1.33022 3.86149 2.56672 1.29309 
2.54805 1.34372 2.51598 4.49665 4.2032 3.71152 
2.54805 1.34372 2.51598 1.91368 1.29916 1.33107 
2.54805 4.49665 4.2032 1.91368 1.29916 3.46627 
1.34372 4.49665 3.71152 1.91368 1.33107 3.46627 
2.62157 2.30355 2.46349 3.44475 3.50779 1.25126 
2.62157 2.30355 2.46349 1.42595 1.43979 1.41691 
2.62157 2.30355 2.46349 1.27727 3.86115 3.19684 
2.62157 2.30355 2.46349 3.78451 1.21181 3.52373 
2.62157 3.44475 3.50779 1.42595 1.43979 2.64117 
2.62157 3.44475 3.50779 1.27727 3.86115 4.17012 
2.62157 3.44475 3.50779 3.78451 1.21181 4.40511 
2.62157 1.42595 1.43979 1.27727 3.86115 2.64635 
2.62157 1.42595 1.43979 3.78451 1.21181 2.64435 
2.30355 2.60028 4.22979 1.42595 1.41691 3.92751 
2.30355 2.60028 4.22979 1.27727 3.19684 1.33893 
2.30355 3.44475 1.25126 1.42595 1.41691 2.64117 
2.30355 3.44475 1.25126 1.27727 3.19684 4.17012 
2.30355 3.44475 1.25126 3.78451 3.52373 4.40511 
2.30355 1.42595 1.41691 1.27727 3.19684 2.64635 
2.30355 1.42595 1.41691 3.78451 3.52373 2.64435 
2.60028 1.42595 3.92751 1.27727 1.33893 2.64635 
2.60028 1.27727 1.33893 3.82394 1.23816 2.57435 
3.44475 1.42595 2.64117 1.27727 4.17012 2.64635 
3.44475 1.42595 2.64117 3.78451 4.40511 2.64435 
4.10173 2.61017 4.10817 1.23987 3.82694 1.37391 
2.61017 1.23987 1.37391 1.3511 3.92408 2.56849 
2.61017 1.23987 1.37391 3.76303 1.26445 2.56736 
1.23987 2.59866 3.79451 1.3511 2.56849 1.27007 
2.59866 3.90543 1.31872 1.3511 1.27007 2.58756 
2.51598 4.2032 3.71152 4.45779 4.13531 1.23252 
2.51598 4.2032 3.71152 1.29916 1.33107 3.46627 
2.51598 4.2032 3.71152 4.0672 3.6622 1.42177 
2.51598 4.45779 4.13531 1.29916 1.33107 3.89477 
2.51598 4.45779 4.13531 4.0672 3.6622 2.62546 
2.51598 1.29916 1.33107 4.0672 3.6622 3.29694 
4.2032 4.45779 1.23252 1.29916 3.46627 3.89477 
4.2032 4.45779 1.23252 4.0672 1.42177 2.62546 
4.2032 1.29916 3.46627 4.0672 1.42177 3.29694 
4.45779 1.29916 3.89477 4.0672 2.62546 3.29694 
1.24741 2.58813 1.36347 3.98178 3.42024 3.4696 
1.24741 2.58813 1.36347 3.51996 2.45043 1.59171 
1.24741 2.58813 1.36347 3.52814 2.38948 1.34392 
1.24741 2.58813 1.36347 1.4261 2.66418 4.01316 
1.24741 2.58813 1.36347 3.58031 2.76275 2.48342 
1.24741 3.98178 3.42024 3.51996 2.45043 2.58553 
1.24741 3.98178 3.42024 3.58031 2.76275 1.21181 
1.24741 3.51996 2.45043 3.52814 2.38948 2.57725 
1.24741 3.51996 2.45043 3.58031 2.76275 1.38083 
1.24741 3.52814 2.38948 3.58031 2.76275 3.58308 
1.24741 1.4261 2.66418 2.60272 3.83318 1.22854 
2.58813 3.98178 3.4696 3.51996 1.59171 2.58553 
2.58813 3.98178 3.4696 3.58031 2.48342 1.21181 
2.58813 3.51996 1.59171 3.52814 1.34392 2.57725 
2.58813 3.51996 1.59171 3.58031 2.48342 1.38083 
2.58813 3.52814 1.34392 3.58031 2.48342 3.58308 
3.98178 3.51996 2.58553 3.58031 1.21181 1.38083 
3.98178 4.46051 3.50779 3.58031 1.21181 4.40511 
3.90572 1.4261 2.54245 2.60272 1.32251 1.22854 
3.51996 3.52814 2.57725 3.58031 1.38083 3.58308 
4.10817 3.82694 1.37391 3.81648 3.50309 3.97384 
1.37391 2.54287 3.85925 3.50309 3.97384 4.49407 
1.37391 2.54287 3.85925 1.26445 2.56736 1.29302 
1.37391 3.50309 3.97384 1.26445 2.56736 3.88312 
2.54287 3.50309 4.49407 1.26445 1.29302 3.88312 
2.54287 1.26445 1.29302 3.71127 1.20889 2.47043 
3.97963 1.42889 2.56211 2.65691 1.35964 1.24208 
1.42889 1.26752 2.61674 2.65691 1.24208 3.81374 
1.42889 1.26752 2.61674 2.50648 3.71815 1.30323 
1.42889 1.26752 2.61674 3.24446 4.08498 3.50548 
1.42889 1.26752 2.61674 3.51507 4.36436 3.64789 
1.42889 3.24446 4.08498 3.51507 4.36436 1.29813 
1.26752 2.50648 1.30323 3.79714 2.58801 1.31175 
1.26752 3.24446 3.50548 4.02896 4.329 1.32837 
1.26752 3.24446 3.50548 3.51507 3.64789 1.29813 
1.26752 3.24446 3.50548 4.38753 4.33859 2.55509 
1.26752 4.02896 4.329 3.51507 3.64789 2.54741 
1.26752 4.02896 4.329 4.38753 4.33859 3.71892 
1.26752 3.51507 3.64789 4.38753 4.33859 1.28767 
3.24446 4.02896 1.32837 3.51507 1.29813 2.54741 
3.24446 4.02896 1.32837 4.38753 2.55509 3.71892 
3.24446 3.51507 1.29813 4.38753 2.55509 1.28767 
4.02896 3.51507 2.54741 4.38753 3.71892 1.28767 
1.36347 3.42024 3.4696 2.45043 1.59171 2.58553 
1.36347 3.42024 3.4696 3.50929 2.4521 3.67407 
1.36347 3.42024 3.4696 2.76275 2.48342 1.21181 
1.36347 2.45043 1.59171 3.50929 2.4521 1.33814 
1.36347 2.45043 1.59171 2.38948 1.34392 2.57725 
1.36347 2.45043 1.59171 2.76275 2.48342 1.38083 
1.36347 3.50929 2.4521 2.38948 1.34392 3.06116 
1.36347 3.50929 2.4521 2.76275 2.48342 2.49584 
1.36347 2.38948 1.34392 2.76275 2.48342 3.58308 
3.42024 2.45043 2.58553 3.50929 3.67407 1.33814 
3.42024 2.45043 2.58553 4.40163 1.43979 4.01192 
3.42024 2.45043 2.58553 2.76275 1.21181 1.38083 
3.42024 3.50929 3.67407 2.76275 1.21181 2.49584 
3.42024 4.46773 2.46349 4.40163 1.43979 1.41691 
3.42024 4.46773 2.46349 2.76275 1.21181 3.52373 
3.42024 4.40163 1.43979 2.76275 1.21181 2.64435 
2.45043 3.50929 1.33814 2.38948 2.57725 3.06116 
2.45043 3.50929 1.33814 2.76275 1.38083 2.49584 
2.45043 2.38948 2.57725 2.76275 1.38083 3.58308 
2.45043 4.40163 4.01192 2.76275 1.38083 2.64435 
3.50929 2.38948 3.06116 2.76275 2.49584 3.58308 
4.46773 4.40163 1.41691 2.76275 3.52373 2.64435 
3.71152 4.13531 1.23252 1.33107 3.46627 3.89477 
3.71152 4.13531 1.23252 4.1864 2.65157 3.85669 
3.71152 4.13531 1.23252 3.6622 1.42177 2.62546 
3.71152 1.33107 3.46627 4.1864 2.65157 3.79508 
3.71152 1.33107 3.46627 3.6622 1.42177 3.29694 
3.71152 4.1864 2.65157 3.6622 1.42177 1.23816 
4.13531 1.33107 3.89477 4.1864 3.85669 3.79508 
4.13531 1.33107 3.89477 3.6622 2.62546 3.29694 
4.13531 4.1864 3.85669 3.6622 2.62546 1.23816 
1.33107 4.1864 3.79508 3.6622 3.29694 1.23816 
2.66415 3.45436 1.45719 3.5565 1.4406 2.58769 
2.66415 3.45436 1.45719 1.22762 1.43691 2.38713 
2.66415 3.45436 1.45719 4.33488 2.64766 3.73731 
2.66415 1.35964 3.99023 1.22762 1.43691 2.56258 
2.66415 3.5565 1.4406 1.22762 1.43691 2.44735 
2.66415 3.5565 1.4406 4.33488 2.64766 1.25433 
2.66415 1.22762 1.43691 4.33488 2.64766 3.40076 
3.45436 3.5565 2.58769 1.22762 2.38713 2.44735 
3.45436 3.5565 2.58769 4.33488 3.73731 1.25433 
3.45436 1.22762 2.38713 4.33488 3.73731 3.40076 
2.56211 1.35964 1.24208 1.22762 3.7247 2.56258 
3.5565 1.22762 2.44735 4.33488 1.25433 3.40076 
1.45719 1.4406 2.58769 1.43691 2.38713 2.44735 
1.45719 1.4406 2.58769 2.64766 3.73731 1.25433 
1.45719 1.43691 2.38713 2.64766 3.73731 3.40076 
3.95252 1.4406 2.52715 2.64766 1.32739 1.25433 
1.4406 1.43691 2.44735 2.64766 1.25433 3.40076 
3.85925 3.97384 4.49407 2.56736 1.29302 3.88312 
2.53801 1.23252 1.31872 3.80745 1.27007 2.58756 
2.53801 1.23252 1.31872 3.46627 4.4718 3.89477 
2.53801 1.23252 1.31872 1.42177 3.90396 2.62546 
2.53801 3.46627 4.4718 1.42177 3.90396 3.29694 
1.23252 3.46627 3.89477 2.65157 3.85669 3.79508 
1.23252 3.46627 3.89477 1.42177 2.62546 3.29694 
1.23252 2.65157 3.85669 1.42177 2.62546 1.23816 
3.46627 2.65157 3.79508 1.42177 3.29694 1.23816 
2.65157 3.97769 1.33893 1.42177 1.23816 2.57435 
3.4696 1.59171 2.58553 2.4521 3.67407 1.33814 
3.4696 1.59171 2.58553 2.48342 1.21181 1.38083 
3.4696 2.4521 3.67407 2.48342 1.21181 2.49584 
1.59171 2.4521 1.33814 1.34392 2.57725 3.06116 
1.59171 2.4521 1.33814 3.5474 2.53707 1.24368 
1.59171 2.4521 1.33814 2.48342 1.38083 2.49584 
1.59171 1.34392 2.57725 3.5474 2.53707 3.84374 
1.59171 1.34392 2.57725 2.48342 1.38083 3.58308 
1.59171 3.5474 2.53707 2.48342 1.38083 3.58406 
2.4521 1.34392 3.06116 3.5474 1.24368 3.84374 
2.4521 1.34392 3.06116 2.48342 2.49584 3.58308 
2.4521 3.5474 1.24368 2.48342 2.49584 3.58406 
1.34392 3.5474 3.84374 2.48342 3.58308 3.58406 
2.58769 2.38713 2.44735 3.73731 1.25433 3.40076 
1.31872 4.4718 3.89477 3.90396 2.62546 3.29694 
2.61674 4.08498 3.50548 4.36436 3.64789 1.29813 
3.50548 4.329 1.32837 3.64789 1.29813 2.54741 
3.50548 4.329 1.32837 4.33859 2.55509 3.71892 
3.50548 3.64789 1.29813 4.33859 2.55509 1.28767 
4.329 3.64789 2.54741 4.33859 3.71892 1.28767 
3.89477 3.85669 3.79508 2.62546 3.29694 1.23816 
2.4706 1.29302 3.65047 1.20889 1.32837 2.47043 
2.4706 1.20889 1.32837 3.58049 1.29813 2.54741 
2.58553 3.67407 1.33814 1.21181 1.38083 2.49584 
2.58553 1.43979 4.01192 1.21181 1.38083 2.64435 
2.46349 3.50779 1.25126 1.43979 1.41691 2.64117 
2.46349 3.50779 1.25126 3.86115 3.19684 4.17012 
2.46349 3.50779 1.25126 1.21181 3.52373 4.40511 
2.46349 1.43979 1.41691 3.86115 3.19684 2.64635 
2.46349 1.43979 1.41691 1.21181 3.52373 2.64435 
3.50779 1.43979 2.64117 3.86115 4.17012 2.64635 
3.50779 1.43979 2.64117 1.21181 4.40511 2.64435 
4.42945 3.81369 1.33022 1.30902 4.21295 3.36267 
4.42945 3.81369 1.33022 3.9691 2.56672 1.29309 
4.42945 1.30902 4.21295 3.9691 2.56672 3.37216 
3.81369 1.30902 3.36267 3.78394 4.39246 2.59174 
3.81369 1.30902 3.36267 3.9691 1.29309 3.37216 
3.81369 1.30902 3.36267 2.55825 3.72287 1.39162 
3.81369 3.78394 4.39246 3.9691 1.29309 3.78433 
3.81369 3.78394 4.39246 2.55825 3.72287 1.23318 
3.81369 3.9691 1.29309 2.55825 3.72287 3.30244 
1.30902 3.78394 2.59174 3.9691 3.37216 3.78433 
1.30902 3.78394 2.59174 2.55825 1.39162 1.23318 
1.30902 3.9691 3.37216 2.55825 1.39162 3.30244 
1.30902 2.55825 1.39162 1.32251 2.58412 3.85516 
1.30902 2.54245 3.8018 1.32251 2.58412 1.22854 
3.78394 3.9691 3.78433 2.55825 1.23318 3.30244 
3.66436 1.33022 2.50061 4.21295 4.13349 3.36267 
3.66436 1.33022 2.50061 2.56672 1.26556 1.29309 
3.66436 4.21295 4.13349 2.56672 1.26556 3.37216 
1.33022 4.21295 3.36267 2.56672 1.29309 3.37216 
2.50061 4.13349 3.36267 4.07553 4.39246 2.59174 
2.50061 4.13349 3.36267 1.26556 1.29309 3.37216 
2.50061 4.13349 3.36267 3.78946 3.72287 1.39162 
2.50061 4.07553 4.39246 1.26556 1.29309 3.78433 
2.50061 4.07553 4.39246 3.78946 3.72287 1.23318 
2.50061 1.26556 1.29309 3.78946 3.72287 3.30244 
2.50061 1.26556 1.29309 1.32739 3.75802 2.52105 
4.13349 4.07553 2.59174 1.26556 3.37216 3.78433 
4.13349 4.07553 2.59174 3.78946 1.39162 1.23318 
4.13349 1.26556 3.37216 3.78946 1.39162 3.30244 
4.07553 1.26556 3.78433 3.78946 1.23318 3.30244 
1.26556 2.52715 3.74765 1.32739 2.52105 1.25433 
3.36267 4.39246 2.59174 1.29309 3.37216 3.78433 
3.36267 4.39246 2.59174 3.72287 1.39162 1.23318 
3.36267 1.29309 3.37216 3.72287 1.39162 3.30244 
4.39246 1.29309 3.78433 3.72287 1.23318 3.30244 
2.59174 3.37216 3.78433 1.39162 1.23318 3.30244 
1.32837 1.29813 2.54741 2.55509 3.71892 1.28767 
1.29813 3.7585 2.46938 2.55509 1.28767 1.25126 
1.33814 2.57725 3.06116 2.53707 1.24368 3.84374 
1.33814 2.57725 3.06116 1.38083 2.49584 3.58308 
1.33814 2.53707 1.24368 1.38083 2.49584 3.58406 
2.57725 2.53707 3.84374 1.38083 3.58308 3.58406 
2.46938 1.28767 1.25126 3.88325 1.41691 2.64117 
3.06116 1.24368 3.84374 2.49584 3.58308 3.58406 
4.22979 1.41691 3.92751 3.19684 1.33893 2.64635 
1.25126 1.41691 2.64117 3.19684 4.17012 2.64635 
1.25126 1.41691 2.64117 3.52373 4.40511 2.64435 
