-0.998282 -0.491982 -0.992906 -0.869379 -0.998266 -0.487212 
-0.998282 -0.491982 -0.992906 -0.995678 -0.488416 -0.989618 
-0.998282 -0.869379 -0.998266 -0.995678 -0.488416 -0.989887 
-0.99299 -0.494162 -0.99943 -0.996764 -0.439078 -0.992938 
-0.491982 -0.494162 -0.704132 -0.869379 -0.487212 -0.864242 
-0.491982 -0.494162 -0.704132 -0.870022 -0.860801 -0.494861 
-0.491982 -0.494162 -0.704132 -0.875517 -0.712471 -0.724079 
-0.491982 -0.869379 -0.487212 -0.870022 -0.860801 -0.859085 
-0.491982 -0.869379 -0.487212 -0.875517 -0.712471 -0.470817 
-0.491982 -0.869379 -0.487212 -0.995678 -0.989618 -0.989887 
-0.491982 -0.870022 -0.860801 -0.875517 -0.712471 -0.488145 
-0.491982 -0.875517 -0.712471 -0.995678 -0.989618 -0.99774 
-0.494162 -0.869379 -0.864242 -0.870022 -0.494861 -0.859085 
-0.494162 -0.869379 -0.864242 -0.875517 -0.724079 -0.470817 
-0.494162 -0.870022 -0.494861 -0.875517 -0.724079 -0.488145 
-0.869379 -0.870022 -0.859085 -0.875517 -0.470817 -0.488145 
-0.869379 -0.875517 -0.470817 -0.995678 -0.989887 -0.99774 
-0.994601 -0.884368 -0.881585 -0.438884 -0.958542 -0.551457 
-0.994601 -0.884368 -0.881585 -0.977271 -0.96475 -0.543576 
-0.994601 -0.884368 -0.881585 -0.954784 -0.429908 -0.541807 
-0.994601 -0.438884 -0.958542 -0.977271 -0.96475 -0.87039 
-0.994601 -0.438884 -0.958542 -0.954784 -0.429908 -0.836617 
-0.994601 -0.977271 -0.96475 -0.954784 -0.429908 -0.847478 
-0.884368 -0.438884 -0.551457 -0.977271 -0.543576 -0.87039 
-0.884368 -0.438884 -0.551457 -0.508224 -0.98596 -0.872379 
-0.884368 -0.438884 -0.551457 -0.954784 -0.541807 -0.836617 
-0.884368 -0.977271 -0.543576 -0.954784 -0.541807 -0.847478 
-0.438884 -0.862512 -0.973529 -0.508224 -0.872379 -0.439345 
-0.438884 -0.977271 -0.87039 -0.954784 -0.836617 -0.847478 
-0.979444 -0.862512 -0.491906 -0.508224 -0.862494 -0.439345 
-0.435095 -0.86677 -0.975341 -0.485354 -0.865171 -0.455459 
-0.435095 -0.977502 -0.983284 -0.485354 -0.865171 -0.989008 
-0.435095 -0.977502 -0.983284 -0.946808 -0.922458 -0.873771 
-0.435095 -0.977502 -0.983284 -0.944493 -0.941759 -0.437124 
-0.435095 -0.977502 -0.983284 -0.992185 -0.974242 -0.975519 
-0.435095 -0.485354 -0.865171 -0.946808 -0.922458 -0.989223 
-0.435095 -0.485354 -0.865171 -0.944493 -0.941759 -0.978426 
-0.435095 -0.485354 -0.865171 -0.858454 -0.475154 -0.977963 
-0.435095 -0.946808 -0.922458 -0.944493 -0.941759 -0.510552 
-0.435095 -0.946808 -0.922458 -0.858454 -0.475154 -0.961583 
-0.435095 -0.946808 -0.922458 -0.977572 -0.876935 -0.998392 
-0.435095 -0.946808 -0.922458 -0.992185 -0.974242 -0.451334 
-0.435095 -0.944493 -0.941759 -0.858454 -0.475154 -0.984443 
-0.435095 -0.944493 -0.941759 -0.992185 -0.974242 -0.867267 
-0.435095 -0.858454 -0.475154 -0.977572 -0.876935 -0.487691 
-0.435095 -0.858454 -0.475154 -0.992185 -0.974242 -0.980832 
-0.86677 -0.485354 -0.455459 -0.982596 -0.505324 -0.87512 
-0.977502 -0.485354 -0.989008 -0.946808 -0.873771 -0.989223 
-0.977502 -0.485354 -0.989008 -0.944493 -0.437124 -0.978426 
-0.977502 -0.946808 -0.873771 -0.944493 -0.437124 -0.510552 
-0.977502 -0.946808 -0.873771 -0.992185 -0.975519 -0.451334 
-0.977502 -0.944493 -0.437124 -0.992185 -0.975519 -0.867267 
-0.485354 -0.946808 -0.989223 -0.944493 -0.978426 -0.510552 
-0.485354 -0.946808 -0.989223 -0.858454 -0.977963 -0.961583 
-0.485354 -0.944493 -0.978426 -0.858454 -0.977963 -0.984443 
-0.946808 -0.944493 -0.510552 -0.858454 -0.961583 -0.984443 
-0.946808 -0.944493 -0.510552 -0.992185 -0.451334 -0.867267 
-0.946808 -0.858454 -0.961583 -0.977572 -0.998392 -0.487691 
-0.946808 -0.858454 -0.961583 -0.992185 -0.451334 -0.980832 
-0.944493 -0.858454 -0.984443 -0.992185 -0.867267 -0.980832 
-0.992906 -0.998266 -0.487212 -0.488416 -0.989618 -0.989887 
-0.992906 -0.473582 -0.999186 -0.488416 -0.989618 -0.875477 
-0.8768 -0.981568 -0.455459 -0.473582 -0.505324 -0.87512 
-0.8768 -0.473582 -0.505324 -0.488416 -0.981816 -0.875477 
-0.473582 -0.488416 -0.875477 -0.862019 -0.978418 -0.433192 
-0.978316 -0.488416 -0.871006 -0.862019 -0.519535 -0.433192 
-0.999797 -0.958584 -0.441516 -0.869046 -0.870458 -0.50518 
-0.999797 -0.958584 -0.441516 -0.973734 -0.962601 -0.848017 
-0.999797 -0.958584 -0.441516 -0.448604 -0.963089 -0.837053 
-0.999797 -0.869046 -0.870458 -0.973734 -0.962601 -0.61074 
-0.999797 -0.869046 -0.870458 -0.448604 -0.963089 -0.494965 
-0.999797 -0.973734 -0.962601 -0.448604 -0.963089 -0.868795 
-0.958584 -0.869046 -0.50518 -0.973734 -0.848017 -0.61074 
-0.958584 -0.869046 -0.50518 -0.988855 -0.961959 -0.848307 
-0.958584 -0.869046 -0.50518 -0.448604 -0.837053 -0.494965 
-0.958584 -0.973734 -0.848017 -0.988855 -0.961959 -0.491906 
-0.958584 -0.973734 -0.848017 -0.448604 -0.837053 -0.868795 
-0.958584 -0.988855 -0.961959 -0.448604 -0.837053 -0.927749 
-0.869046 -0.973734 -0.61074 -0.988855 -0.848307 -0.491906 
-0.869046 -0.973734 -0.61074 -0.448604 -0.494965 -0.868795 
-0.869046 -0.439078 -0.977907 -0.448604 -0.494965 -0.854598 
-0.869046 -0.988855 -0.848307 -0.448604 -0.494965 -0.927749 
-0.97789 -0.862963 -0.473059 -0.439078 -0.87044 -0.477719 
-0.862963 -0.439078 -0.477719 -0.448604 -0.976478 -0.854598 
-0.973734 -0.988855 -0.491906 -0.448604 -0.868795 -0.927749 
-0.704132 -0.487212 -0.864242 -0.860801 -0.494861 -0.859085 
-0.704132 -0.487212 -0.864242 -0.712471 -0.724079 -0.470817 
-0.704132 -0.860801 -0.494861 -0.712471 -0.724079 -0.488145 
-0.487212 -0.860801 -0.859085 -0.712471 -0.470817 -0.488145 
-0.487212 -0.712471 -0.470817 -0.989618 -0.989887 -0.99774 
-0.983284 -0.865171 -0.989008 -0.922458 -0.873771 -0.989223 
-0.983284 -0.865171 -0.989008 -0.941759 -0.437124 -0.978426 
-0.983284 -0.922458 -0.873771 -0.941759 -0.437124 -0.510552 
-0.983284 -0.922458 -0.873771 -0.974242 -0.975519 -0.451334 
-0.983284 -0.941759 -0.437124 -0.974242 -0.975519 -0.867267 
-0.865171 -0.922458 -0.989223 -0.941759 -0.978426 -0.510552 
-0.865171 -0.922458 -0.989223 -0.475154 -0.977963 -0.961583 
-0.865171 -0.941759 -0.978426 -0.475154 -0.977963 -0.984443 
-0.922458 -0.941759 -0.510552 -0.475154 -0.961583 -0.984443 
-0.922458 -0.941759 -0.510552 -0.974242 -0.451334 -0.867267 
-0.922458 -0.475154 -0.961583 -0.876935 -0.998392 -0.487691 
-0.922458 -0.475154 -0.961583 -0.974242 -0.451334 -0.980832 
-0.941759 -0.475154 -0.984443 -0.974242 -0.867267 -0.980832 
-0.475154 -0.876935 -0.487691 -0.979922 -0.867168 -0.467459 
-0.864242 -0.494861 -0.859085 -0.999925 -0.992236 -0.973038 
-0.864242 -0.494861 -0.859085 -0.724079 -0.470817 -0.488145 
-0.864242 -0.999925 -0.992236 -0.724079 -0.470817 -0.959299 
-0.494861 -0.999925 -0.973038 -0.724079 -0.488145 -0.959299 
-0.875458 -0.820417 -0.850281 -0.957925 -0.961868 -0.44375 
-0.875458 -0.820417 -0.850281 -0.53651 -0.543188 -0.532097 
-0.875458 -0.820417 -0.850281 -0.458611 -0.979907 -0.939766 
-0.875458 -0.820417 -0.850281 -0.976517 -0.420463 -0.962826 
-0.875458 -0.957925 -0.961868 -0.53651 -0.543188 -0.878311 
-0.875458 -0.957925 -0.961868 -0.458611 -0.979907 -0.99122 
-0.875458 -0.957925 -0.961868 -0.976517 -0.420463 -0.997764 
-0.875458 -0.53651 -0.543188 -0.458611 -0.979907 -0.879055 
-0.875458 -0.53651 -0.543188 -0.976517 -0.420463 -0.878768 
-0.820417 -0.872293 -0.99303 -0.53651 -0.532097 -0.98264 
-0.820417 -0.872293 -0.99303 -0.458611 -0.939766 -0.492328 
-0.820417 -0.957925 -0.44375 -0.53651 -0.532097 -0.878311 
-0.820417 -0.957925 -0.44375 -0.458611 -0.939766 -0.99122 
-0.820417 -0.957925 -0.44375 -0.976517 -0.962826 -0.997764 
-0.820417 -0.53651 -0.532097 -0.458611 -0.939766 -0.879055 
-0.820417 -0.53651 -0.532097 -0.976517 -0.962826 -0.878768 
-0.872293 -0.53651 -0.98264 -0.458611 -0.492328 -0.879055 
-0.872293 -0.458611 -0.492328 -0.978294 -0.436117 -0.86835 
-0.957925 -0.53651 -0.878311 -0.458611 -0.99122 -0.879055 
-0.957925 -0.53651 -0.878311 -0.976517 -0.997764 -0.878768 
-0.989008 -0.873771 -0.989223 -0.437124 -0.978426 -0.510552 
-0.873771 -0.437124 -0.510552 -0.498739 -0.982503 -0.867442 
-0.873771 -0.437124 -0.510552 -0.975519 -0.451334 -0.867267 
-0.437124 -0.87205 -0.976974 -0.498739 -0.867442 -0.454534 
-0.87205 -0.981751 -0.481501 -0.498739 -0.454534 -0.870372 
-0.859085 -0.992236 -0.973038 -0.999031 -0.990113 -0.432802 
-0.859085 -0.992236 -0.973038 -0.470817 -0.488145 -0.959299 
-0.859085 -0.992236 -0.973038 -0.987832 -0.970539 -0.534472 
-0.859085 -0.999031 -0.990113 -0.470817 -0.488145 -0.981314 
-0.859085 -0.999031 -0.990113 -0.987832 -0.970539 -0.876028 
-0.859085 -0.470817 -0.488145 -0.987832 -0.970539 -0.947644 
-0.992236 -0.999031 -0.432802 -0.470817 -0.959299 -0.981314 
-0.992236 -0.999031 -0.432802 -0.987832 -0.534472 -0.876028 
-0.992236 -0.470817 -0.959299 -0.987832 -0.534472 -0.947644 
-0.999031 -0.470817 -0.981314 -0.987832 -0.876028 -0.947644 
-0.441516 -0.870458 -0.50518 -0.984744 -0.956324 -0.95951 
-0.441516 -0.870458 -0.50518 -0.962601 -0.848017 -0.61074 
-0.441516 -0.870458 -0.50518 -0.963089 -0.837053 -0.494965 
-0.441516 -0.870458 -0.50518 -0.536582 -0.881589 -0.985909 
-0.441516 -0.870458 -0.50518 -0.966107 -0.894813 -0.853677 
-0.441516 -0.984744 -0.956324 -0.962601 -0.848017 -0.870062 
-0.441516 -0.984744 -0.956324 -0.966107 -0.894813 -0.420463 
-0.441516 -0.962601 -0.848017 -0.963089 -0.837053 -0.868795 
-0.441516 -0.962601 -0.848017 -0.966107 -0.894813 -0.514081 
-0.441516 -0.963089 -0.837053 -0.966107 -0.894813 -0.966263 
-0.441516 -0.536582 -0.881589 -0.87266 -0.9787 -0.430452 
-0.870458 -0.984744 -0.95951 -0.962601 -0.61074 -0.870062 
-0.870458 -0.984744 -0.95951 -0.966107 -0.853677 -0.420463 
-0.870458 -0.962601 -0.61074 -0.963089 -0.494965 -0.868795 
-0.870458 -0.962601 -0.61074 -0.966107 -0.853677 -0.514081 
-0.870458 -0.963089 -0.494965 -0.966107 -0.853677 -0.966263 
-0.984744 -0.962601 -0.870062 -0.966107 -0.420463 -0.514081 
-0.984744 -0.999095 -0.961868 -0.966107 -0.420463 -0.997764 
-0.981762 -0.536582 -0.863353 -0.87266 -0.483547 -0.430452 
-0.962601 -0.963089 -0.868795 -0.966107 -0.514081 -0.966263 
-0.989223 -0.978426 -0.510552 -0.977963 -0.961583 -0.984443 
-0.510552 -0.863419 -0.979826 -0.961583 -0.984443 -0.999866 
-0.510552 -0.863419 -0.979826 -0.451334 -0.867267 -0.46742 
-0.510552 -0.961583 -0.984443 -0.451334 -0.867267 -0.980832 
-0.863419 -0.961583 -0.999866 -0.451334 -0.46742 -0.980832 
-0.863419 -0.451334 -0.46742 -0.973026 -0.418705 -0.851471 
-0.984663 -0.537935 -0.866451 -0.880562 -0.50319 -0.438412 
-0.537935 -0.453087 -0.874745 -0.880562 -0.438412 -0.977841 
-0.537935 -0.453087 -0.874745 -0.857526 -0.973365 -0.473059 
-0.537935 -0.453087 -0.874745 -0.943613 -0.988443 -0.961728 
-0.537935 -0.453087 -0.874745 -0.962308 -0.996736 -0.96979 
-0.537935 -0.943613 -0.988443 -0.962308 -0.996736 -0.470249 
-0.453087 -0.857526 -0.473059 -0.977094 -0.87044 -0.477719 
-0.453087 -0.943613 -0.961728 -0.986482 -0.99581 -0.486697 
-0.453087 -0.943613 -0.961728 -0.962308 -0.96979 -0.470249 
-0.453087 -0.943613 -0.961728 -0.997326 -0.996064 -0.865352 
-0.453087 -0.986482 -0.99581 -0.962308 -0.96979 -0.864141 
-0.453087 -0.986482 -0.99581 -0.997326 -0.996064 -0.973402 
-0.453087 -0.962308 -0.96979 -0.997326 -0.996064 -0.464442 
-0.943613 -0.986482 -0.486697 -0.962308 -0.470249 -0.864141 
-0.943613 -0.986482 -0.486697 -0.997326 -0.865352 -0.973402 
-0.943613 -0.962308 -0.470249 -0.997326 -0.865352 -0.464442 
-0.986482 -0.962308 -0.864141 -0.997326 -0.973402 -0.464442 
-0.50518 -0.956324 -0.95951 -0.848017 -0.61074 -0.870062 
-0.50518 -0.956324 -0.95951 -0.961959 -0.848307 -0.971152 
-0.50518 -0.956324 -0.95951 -0.894813 -0.853677 -0.420463 
-0.50518 -0.848017 -0.61074 -0.961959 -0.848307 -0.491906 
-0.50518 -0.848017 -0.61074 -0.837053 -0.494965 -0.868795 
-0.50518 -0.848017 -0.61074 -0.894813 -0.853677 -0.514081 
-0.50518 -0.961959 -0.848307 -0.837053 -0.494965 -0.927749 
-0.50518 -0.961959 -0.848307 -0.894813 -0.853677 -0.855761 
-0.50518 -0.837053 -0.494965 -0.894813 -0.853677 -0.966263 
-0.956324 -0.848017 -0.870062 -0.961959 -0.971152 -0.491906 
-0.956324 -0.848017 -0.870062 -0.997678 -0.543188 -0.985864 
-0.956324 -0.848017 -0.870062 -0.894813 -0.420463 -0.514081 
-0.956324 -0.961959 -0.971152 -0.894813 -0.420463 -0.855761 
-0.956324 -0.999263 -0.850281 -0.997678 -0.543188 -0.532097 
-0.956324 -0.999263 -0.850281 -0.894813 -0.420463 -0.962826 
-0.956324 -0.997678 -0.543188 -0.894813 -0.420463 -0.878768 
-0.848017 -0.961959 -0.491906 -0.837053 -0.868795 -0.927749 
-0.848017 -0.961959 -0.491906 -0.894813 -0.514081 -0.855761 
-0.848017 -0.837053 -0.868795 -0.894813 -0.514081 -0.966263 
-0.848017 -0.997678 -0.985864 -0.894813 -0.514081 -0.878768 
-0.961959 -0.837053 -0.927749 -0.894813 -0.855761 -0.966263 
-0.999263 -0.997678 -0.532097 -0.894813 -0.962826 -0.878768 
-0.973038 -0.990113 -0.432802 -0.488145 -0.959299 -0.981314 
-0.973038 -0.990113 -0.432802 -0.991724 -0.879803 -0.979717 
-0.973038 -0.990113 -0.432802 -0.970539 -0.534472 -0.876028 
-0.973038 -0.488145 -0.959299 -0.991724 -0.879803 -0.977 
-0.973038 -0.488145 -0.959299 -0.970539 -0.534472 -0.947644 
-0.973038 -0.991724 -0.879803 -0.970539 -0.534472 -0.436117 
-0.990113 -0.488145 -0.981314 -0.991724 -0.979717 -0.977 
-0.990113 -0.488145 -0.981314 -0.970539 -0.876028 -0.947644 
-0.990113 -0.991724 -0.979717 -0.970539 -0.876028 -0.436117 
-0.488145 -0.991724 -0.977 -0.970539 -0.947644 -0.436117 
-0.881585 -0.958542 -0.551457 -0.96475 -0.543576 -0.87039 
-0.881585 -0.958542 -0.551457 -0.429908 -0.541807 -0.836617 
-0.881585 -0.958542 -0.551457 -0.995966 -0.879243 -0.974296 
-0.881585 -0.50319 -0.985061 -0.429908 -0.541807 -0.866525 
-0.881585 -0.96475 -0.543576 -0.429908 -0.541807 -0.847478 
-0.881585 -0.96475 -0.543576 -0.995966 -0.879243 -0.445522 
-0.881585 -0.429908 -0.541807 -0.995966 -0.879243 -0.955022 
-0.958542 -0.96475 -0.87039 -0.429908 -0.836617 -0.847478 
-0.958542 -0.96475 -0.87039 -0.995966 -0.974296 -0.445522 
-0.958542 -0.429908 -0.836617 -0.995966 -0.974296 -0.955022 
-0.866451 -0.50319 -0.438412 -0.429908 -0.973685 -0.866525 
-0.96475 -0.429908 -0.847478 -0.995966 -0.445522 -0.955022 
-0.551457 -0.543576 -0.87039 -0.541807 -0.836617 -0.847478 
-0.551457 -0.543576 -0.87039 -0.879243 -0.974296 -0.445522 
-0.551457 -0.541807 -0.836617 -0.879243 -0.974296 -0.955022 
-0.983623 -0.543576 -0.8609 -0.879243 -0.486171 -0.445522 
-0.543576 -0.541807 -0.847478 -0.879243 -0.445522 -0.955022 
-0.979826 -0.984443 -0.999866 -0.867267 -0.46742 -0.980832 
-0.862644 -0.432802 -0.481501 -0.977559 -0.454534 -0.870372 
-0.862644 -0.432802 -0.481501 -0.959299 -0.999357 -0.981314 
-0.862644 -0.432802 -0.481501 -0.534472 -0.981691 -0.876028 
-0.862644 -0.959299 -0.999357 -0.534472 -0.981691 -0.947644 
-0.432802 -0.959299 -0.981314 -0.879803 -0.979717 -0.977 
-0.432802 -0.959299 -0.981314 -0.534472 -0.876028 -0.947644 
-0.432802 -0.879803 -0.979717 -0.534472 -0.876028 -0.436117 
-0.959299 -0.879803 -0.977 -0.534472 -0.947644 -0.436117 
-0.879803 -0.984589 -0.492328 -0.534472 -0.436117 -0.86835 
-0.95951 -0.61074 -0.870062 -0.848307 -0.971152 -0.491906 
-0.95951 -0.61074 -0.870062 -0.853677 -0.420463 -0.514081 
-0.95951 -0.848307 -0.971152 -0.853677 -0.420463 -0.855761 
-0.61074 -0.848307 -0.491906 -0.494965 -0.868795 -0.927749 
-0.61074 -0.848307 -0.491906 -0.964222 -0.862494 -0.439345 
-0.61074 -0.848307 -0.491906 -0.853677 -0.514081 -0.855761 
-0.61074 -0.494965 -0.868795 -0.964222 -0.862494 -0.97916 
-0.61074 -0.494965 -0.868795 -0.853677 -0.514081 -0.966263 
-0.61074 -0.964222 -0.862494 -0.853677 -0.514081 -0.966318 
-0.848307 -0.494965 -0.927749 -0.964222 -0.439345 -0.97916 
-0.848307 -0.494965 -0.927749 -0.853677 -0.855761 -0.966263 
-0.848307 -0.964222 -0.439345 -0.853677 -0.855761 -0.966318 
-0.494965 -0.964222 -0.97916 -0.853677 -0.966263 -0.966318 
-0.87039 -0.836617 -0.847478 -0.974296 -0.445522 -0.955022 
-0.481501 -0.999357 -0.981314 -0.981691 -0.876028 -0.947644 
-0.874745 -0.988443 -0.961728 -0.996736 -0.96979 -0.470249 
-0.961728 -0.99581 -0.486697 -0.96979 -0.470249 -0.864141 
-0.961728 -0.99581 -0.486697 -0.996064 -0.865352 -0.973402 
-0.961728 -0.96979 -0.470249 -0.996064 -0.865352 -0.464442 
-0.99581 -0.96979 -0.864141 -0.996064 -0.973402 -0.464442 
-0.981314 -0.979717 -0.977 -0.876028 -0.947644 -0.436117 
-0.851499 -0.46742 -0.969926 -0.418705 -0.486697 -0.851471 
-0.851499 -0.418705 -0.486697 -0.966117 -0.470249 -0.864141 
-0.870062 -0.971152 -0.491906 -0.420463 -0.514081 -0.855761 
-0.870062 -0.543188 -0.985864 -0.420463 -0.514081 -0.878768 
-0.850281 -0.961868 -0.44375 -0.543188 -0.532097 -0.878311 
-0.850281 -0.961868 -0.44375 -0.979907 -0.939766 -0.99122 
-0.850281 -0.961868 -0.44375 -0.420463 -0.962826 -0.997764 
-0.850281 -0.543188 -0.532097 -0.979907 -0.939766 -0.879055 
-0.850281 -0.543188 -0.532097 -0.420463 -0.962826 -0.878768 
-0.961868 -0.543188 -0.878311 -0.979907 -0.99122 -0.879055 
-0.961868 -0.543188 -0.878311 -0.420463 -0.997764 -0.878768 
-0.998358 -0.977839 -0.487691 -0.476231 -0.99253 -0.952404 
-0.998358 -0.977839 -0.487691 -0.984262 -0.867168 -0.467459 
-0.998358 -0.476231 -0.99253 -0.984262 -0.867168 -0.953066 
-0.977839 -0.476231 -0.952404 -0.976491 -0.997449 -0.871006 
-0.977839 -0.476231 -0.952404 -0.984262 -0.467459 -0.953066 
-0.977839 -0.476231 -0.952404 -0.865847 -0.973596 -0.519535 
-0.977839 -0.976491 -0.997449 -0.984262 -0.467459 -0.976509 
-0.977839 -0.976491 -0.997449 -0.865847 -0.973596 -0.433192 
-0.977839 -0.984262 -0.467459 -0.865847 -0.973596 -0.948054 
-0.476231 -0.976491 -0.871006 -0.984262 -0.953066 -0.976509 
-0.476231 -0.976491 -0.871006 -0.865847 -0.519535 -0.433192 
-0.476231 -0.984262 -0.953066 -0.865847 -0.519535 -0.948054 
-0.476231 -0.865847 -0.519535 -0.483547 -0.869847 -0.979652 
-0.476231 -0.863353 -0.977305 -0.483547 -0.869847 -0.430452 
-0.976491 -0.984262 -0.976509 -0.865847 -0.433192 -0.948054 
-0.970651 -0.487691 -0.856555 -0.99253 -0.990054 -0.952404 
-0.970651 -0.487691 -0.856555 -0.867168 -0.451966 -0.467459 
-0.970651 -0.99253 -0.990054 -0.867168 -0.451966 -0.953066 
-0.487691 -0.99253 -0.952404 -0.867168 -0.467459 -0.953066 
-0.856555 -0.990054 -0.952404 -0.98812 -0.997449 -0.871006 
-0.856555 -0.990054 -0.952404 -0.451966 -0.467459 -0.953066 
-0.856555 -0.990054 -0.952404 -0.976744 -0.973596 -0.519535 
-0.856555 -0.98812 -0.997449 -0.451966 -0.467459 -0.976509 
-0.856555 -0.98812 -0.997449 -0.976744 -0.973596 -0.433192 
-0.856555 -0.451966 -0.467459 -0.976744 -0.973596 -0.948054 
-0.856555 -0.451966 -0.467459 -0.486171 -0.975284 -0.859911 
-0.990054 -0.98812 -0.871006 -0.451966 -0.953066 -0.976509 
-0.990054 -0.98812 -0.871006 -0.976744 -0.519535 -0.433192 
-0.990054 -0.451966 -0.953066 -0.976744 -0.519535 -0.948054 
-0.98812 -0.451966 -0.976509 -0.976744 -0.433192 -0.948054 
-0.451966 -0.8609 -0.974792 -0.486171 -0.859911 -0.445522 
-0.952404 -0.997449 -0.871006 -0.467459 -0.953066 -0.976509 
-0.952404 -0.997449 -0.871006 -0.973596 -0.519535 -0.433192 
-0.952404 -0.467459 -0.953066 -0.973596 -0.519535 -0.948054 
-0.997449 -0.467459 -0.976509 -0.973596 -0.433192 -0.948054 
-0.871006 -0.953066 -0.976509 -0.519535 -0.433192 -0.948054 
-0.486697 -0.470249 -0.864141 -0.865352 -0.973402 -0.464442 
-0.470249 -0.975306 -0.851292 -0.865352 -0.464442 -0.44375 
-0.491906 -0.868795 -0.927749 -0.862494 -0.439345 -0.97916 
-0.491906 -0.868795 -0.927749 -0.514081 -0.855761 -0.966263 
-0.491906 -0.862494 -0.439345 -0.514081 -0.855761 -0.966318 
-0.868795 -0.862494 -0.97916 -0.514081 -0.966263 -0.966318 
-0.851292 -0.464442 -0.44375 -0.980838 -0.532097 -0.878311 
-0.927749 -0.439345 -0.97916 -0.855761 -0.966263 -0.966318 
-0.99303 -0.532097 -0.98264 -0.939766 -0.492328 -0.879055 
-0.44375 -0.532097 -0.878311 -0.939766 -0.99122 -0.879055 
-0.44375 -0.532097 -0.878311 -0.962826 -0.997764 -0.878768 
