4.42631
4.22844
1.33828
1.3424
4.94606
2.58105
2.58527
2.62198
4.64432
4.36544
4.32406
4.53652
4.75157
4.08306
4.28466
2.6841
4.6357
1.24289
3.85032
2.53718
4.6898
3.80106
1.36938
3.39723
4.91717
4.95079
1.23641
2.56416
3.80617
1.32586
3.28583
3.25569
4.76862
2.51212
3.80774
3.92641
4.20149
4.22558
4.97876
2.63075
4.42564
3.90095
4.93035
1.30418
3.82444
1.33158
4.71891
2.5341
4.47495
4.49099
4.99725
3.45501
2.57889
3.81485
2.54
3.7257
1.24322
4.09717
1.25968
4.66516
4.66402
1.84897
4.72166
1.32933
2.52653
4.79759
4.89115
4.80173
1.87551
4.46443
4.12014
4.6427
4.95273
3.75925
3.94381
2.55394
3.00681
3.22122
4.59814
1.30705
4.90853
2.63167
3.73619
3.86149
2.54805
1.34372
4.49665
4.78225
4.58567
1.91368
4.54807
4.22667
4.50947
4.60148
4.72809
4.81614
1.2717
4.7889
4.99082
1.36375
3.90704
2.62157
4.59549
4.85438
2.30355
2.60028
3.44475
1.42595
1.27727
3.82394
3.78451
4.10173
2.61017
1.23987
2.59866
3.90543
1.3511
4.78841
3.76303
2.51598
4.77157
4.2032
4.0807
4.83853
4.45779
1.29916
4.84144
4.12835
4.54555
4.57757
4.6085
4.96041
4.52037
4.0672
1.24741
2.58813
3.98178
3.90572
3.51996
4.54721
3.52814
4.52761
1.4261
4.46051
4.67173
2.60272
3.58031
4.10817
3.82694
4.77114
3.81648
2.61928
1.37391
2.54287
3.92408
3.50309
4.43089
4.82967
1.26445
3.71127
3.97963
1.42889
1.26752
2.65691
2.50648
3.24446
3.79714
4.02896
3.51507
4.38753
1.36347
3.42024
2.45043
4.67096
3.50929
2.38948
4.70032
4.46773
2.66418
4.63701
4.40163
3.83318
2.76275
3.71152
4.6953
4.13531
1.33107
4.62601
4.45943
4.1864
3.6622
2.66415
3.45436
2.56211
1.35964
3.5565
1.22762
4.33488
1.45719
3.99023
3.95252
1.4406
4.01457
1.43691
2.64766
3.79451
3.85925
2.56849
3.97384
2.56736
2.53801
1.23252
3.80745
3.46627
2.65157
3.97769
1.42177
3.4696
1.59171
3.81523
2.4521
1.34392
3.5474
4.01316
4.72464
2.48342
4.77837
4.95081
4.9664
3.72151
2.58769
2.60085
2.38713
3.73731
1.31872
1.27007
4.4718
3.90396
2.61674
1.24208
3.71815
4.08498
4.95088
4.76746
4.36436
3.7247
3.81374
1.30323
3.50548
2.58801
4.329
3.64789
4.33859
2.58756
3.89477
3.85669
2.62546
4.49407
4.81492
2.4706
1.29302
1.20889
3.58049
4.65937
4.82421
4.71981
2.56258
2.58553
4.70099
3.67407
4.54125
4.69218
2.46349
4.81738
3.50779
1.43979
3.86115
1.21181
4.42945
4.67912
3.81369
1.30902
3.78394
3.9691
2.55825
2.54245
1.32251
3.66436
1.33022
4.21295
3.88312
2.56672
4.83616
4.88579
2.50061
4.13349
4.07553
1.26556
3.78946
2.52715
4.71042
1.32739
3.36267
4.50299
4.39246
1.29309
3.72287
3.75802
4.69489
4.40414
4.48376
3.79508
4.73267
3.29694
4.53742
1.31175
4.61852
3.78366
2.62171
3.82675
2.59174
3.37216
1.39162
3.8018
2.58412
3.65047
1.32837
1.29813
3.7585
2.55509
2.47043
4.61535
4.85978
1.33814
2.57725
2.53707
4.76293
4.8325
4.01192
1.38083
2.48889
3.78433
1.23318
4.5376
3.30244
3.74765
2.52105
2.54741
4.91975
3.71892
2.46938
4.92963
1.28767
3.88325
3.06116
1.24368
2.49584
3.84374
4.91463
3.58308
4.55367
3.85516
2.44735
1.25433
4.83874
4.59503
3.58406
4.22979
4.78535
1.25126
1.41691
3.19684
3.52373
3.40076
3.92751
1.33893
1.23816
4.44659
1.22854
4.67537
2.64117
4.17012
4.86769
4.40511
2.64635
2.64435
2.57435
