-0.967185
-0.461423
-0.467109
-0.983345
-0.849159
-0.991871
-0.996868
-0.854216
-0.982751
-0.996125
-0.98264
-0.991451
-0.99826
-0.974183
-0.849537
-0.995465
-0.995653
-0.980203
-0.972057
-0.994369
-0.988762
-0.859434
-0.998753
-0.990749
-0.442991
-0.997628
-0.967724
-0.837153
-0.991873
-0.961226
-0.418949
-0.947921
-0.997297
-0.997674
-0.441246
-0.850632
-0.995869
-0.450961
-0.985685
-0.98651
-0.856181
-0.965746
-0.966403
-0.998616
-0.999482
-0.994908
-0.856865
-0.970358
-0.998105
-0.999239
-0.986346
-0.999226
-0.466069
-0.964995
-0.455526
-0.994116
-0.857004
-0.989069
-0.988475
-0.911969
-0.999365
-0.998141
-0.968437
-0.930171
-0.875441
-0.96987
-0.977139
-0.858795
-0.949509
-0.469657
-0.952457
-0.440773
-0.973352
-0.995879
-0.697864
-0.996356
-0.466171
-0.999748
-0.859436
-0.998012
-0.998958
-0.984029
-0.984808
-0.985619
-0.69629
-0.998507
-0.987563
-0.966382
-0.851127
-0.982766
-0.992517
-0.983914
-0.471343
-0.856522
-0.999624
-0.997838
-0.992612
-0.972643
-0.992056
-0.976411
-0.855586
-0.999419
-0.477139
-0.992217
-0.994053
-0.996534
-0.995975
-0.99279
-0.696161
-0.969182
-0.929748
-0.947644
-0.995126
-0.996524
-0.458462
-0.99731
-0.456599
-0.96989
-0.99735
-0.851082
-0.997073
-0.829493
-0.852526
-0.950684
-0.508102
-0.434098
-0.964294
-0.966245
-0.98646
-0.857937
-0.426276
-0.999239
-0.851015
-0.968447
-0.997508
-0.508293
-0.963117
-0.864069
-0.992849
-0.991838
-0.982408
-0.998497
-0.48971
-0.995781
-0.999381
-0.418845
-0.868329
-0.95981
-0.970627
-0.973303
-0.943389
-0.991811
-0.957791
-0.994955
-0.962688
-0.956722
-0.483982
-0.958795
-0.982647
-0.859328
-0.933352
-0.991034
-0.982759
-0.969063
-0.999795
-0.859028
-0.480299
-0.998002
-0.840709
-0.968656
-0.99248
-0.999328
-0.404493
-0.961299
-0.971228
-0.530861
-0.435742
-0.865955
-0.851042
-0.966814
-0.999754
-0.522488
-0.94055
-0.9988
-0.993454
-0.805045
-0.984546
-0.955575
-0.85807
-0.995316
-0.972707
-0.841411
-0.981811
-0.983074
-0.960402
-0.856252
-0.999818
-0.996313
-0.998106
-0.496654
-0.972324
-0.937292
-0.968715
-0.863396
-0.958031
-0.858227
-0.995932
-0.476021
-0.999675
-0.942162
-0.413466
-0.985939
-0.499267
-0.972609
-0.969815
-0.998211
-0.515434
-0.96646
-0.510202
-0.873837
-0.95953
-0.997699
-0.961772
-0.851253
-0.843982
-0.996721
-0.998695
-0.837481
-0.414716
-0.956873
-0.996874
-0.849163
-0.959752
-0.468891
-0.957624
-0.519418
-0.974016
-0.827964
-0.538177
-0.949779
-0.995797
-0.969888
-0.995363
-0.999344
-0.84383
-0.996982
-0.997717
-0.999846
-0.962209
-0.829869
-0.844143
-0.842092
-0.958159
-0.465912
-0.384333
-0.998864
-0.997968
-0.963862
-0.856554
-0.437533
-0.968487
-0.991973
-0.988756
-0.966629
-0.95913
-0.449221
-0.852312
-0.839374
-0.992284
-0.999689
-0.96332
-0.996166
-0.851238
-0.856616
-0.474495
-0.457481
-0.961519
-0.999667
-0.996932
-0.999844
-0.995088
-0.993218
-0.850269
-0.879192
-0.991037
-0.962914
-0.996194
-0.997084
-0.815009
-0.998502
-0.982834
-0.949415
-0.505427
-0.962805
-0.999192
-0.439881
-0.997537
-0.997251
-0.960156
-0.997528
-0.970713
-0.425596
-0.962521
-0.974931
-0.845142
-0.851692
-0.477205
-0.972422
-0.450778
-0.976874
-0.995599
-0.862813
-0.99874
-0.991981
-0.966297
-0.871005
-0.985836
-0.976192
-0.474895
-0.98673
-0.844854
-0.985797
-0.450736
-0.972104
-0.998056
-0.50814
-0.992274
-0.972227
-0.985252
-0.998525
-0.989295
-0.985285
-0.445641
-0.966193
-0.999952
-0.85925
-0.968776
-0.998937
-0.839534
-0.95954
-0.44654
-0.963929
-0.855166
-0.969353
-0.470531
-0.416888
-0.965613
-0.983059
-0.861881
-0.998694
-0.850409
-0.999329
-0.992079
-0.511294
-0.837522
-0.868919
-0.989803
-0.988904
-0.976773
-0.55036
-0.989021
-0.853086
-0.993606
-0.976246
-0.458685
-0.988796
-0.999558
-0.975386
-0.96729
-0.860658
-0.994187
-0.845335
-0.999121
-0.998977
-0.970232
-0.856596
-0.970861
-0.502642
-0.974396
-0.992812
-0.999205
-0.8991
-0.437893
-0.852213
-0.959551
-0.999332
-0.962536
-0.999301
-0.998505
-0.967576
-0.997968
-0.806132
-0.461646
-0.990807
-0.964207
-0.994822
-0.969867
-0.437226
-0.531329
-0.95301
-0.990799
-0.934291
-0.945229
-0.972143
-0.465673
-0.438059
-0.969211
-0.991681
-0.430555
-0.977569
-0.873531
-0.989528
-0.990525
-0.982202
-0.867599
-0.863528
-0.843609
-0.998225
-0.998918
