3.77074 1.29385 4.38511 1.30421 2.98664 1.85286 
3.77074 1.29385 4.38511 2.53655 3.18405 2.56986 
3.77074 1.29385 4.38511 2.50761 4.01232 1.84789 
3.77074 1.29385 4.38511 3.88172 1.25714 4.34939 
3.77074 1.30421 2.98664 2.53655 3.18405 1.32273 
3.77074 1.30421 2.98664 2.50761 4.01232 1.84748 
3.77074 1.30421 2.98664 4.10018 1.30888 3.179 
3.77074 1.30421 2.98664 3.88172 1.25714 3.41918 
3.77074 2.53655 3.18405 2.50761 4.01232 1.35979 
3.77074 2.53655 3.18405 4.10018 1.30888 3.27331 
3.77074 2.53655 3.18405 3.88172 1.25714 3.8043 
3.77074 2.50761 4.01232 4.10018 1.30888 4.41834 
3.77074 2.50761 4.01232 3.88172 1.25714 4.26542 
3.77074 4.10018 1.30888 3.88172 1.25714 2.52949 
1.29385 1.30421 1.85286 2.50531 1.30249 2.54519 
1.29385 1.30421 1.85286 2.53655 2.56986 1.32273 
1.29385 1.30421 1.85286 2.50761 1.84789 1.84748 
1.29385 1.30421 1.85286 3.88172 4.34939 3.41918 
1.29385 2.50531 1.30249 2.53655 2.56986 2.60037 
1.29385 2.50531 1.30249 2.50761 1.84789 1.34644 
1.29385 2.53655 2.56986 2.50761 1.84789 1.35979 
1.29385 2.53655 2.56986 3.88172 4.34939 3.8043 
1.29385 4.17603 4.22196 3.93429 4.2773 1.16316 
1.29385 2.50761 1.84789 3.88172 4.34939 4.26542 
1.30421 2.50531 2.54519 2.53655 1.32273 2.60037 
1.30421 2.50531 2.54519 2.50761 1.84748 1.34644 
1.30421 2.53655 1.32273 2.50761 1.84748 1.35979 
1.30421 2.53655 1.32273 4.10018 3.179 3.27331 
1.30421 2.53655 1.32273 3.88172 3.41918 3.8043 
1.30421 2.50761 1.84748 4.10018 3.179 4.41834 
1.30421 2.50761 1.84748 3.88172 3.41918 4.26542 
1.30421 4.10018 3.179 3.88172 3.41918 2.52949 
4.1991 4.17962 1.23214 4.17603 2.51666 3.61799 
4.1991 4.17962 1.23214 3.93429 1.38256 2.51813 
4.1991 4.17603 2.51666 3.93429 1.38256 1.16316 
2.50531 2.53655 2.60037 2.50761 1.34644 1.35979 
2.53655 2.50761 1.35979 4.10018 3.27331 4.41834 
2.53655 2.50761 1.35979 3.88172 3.8043 4.26542 
2.53655 4.10018 3.27331 3.88172 3.8043 2.52949 
4.17962 4.17603 3.61799 3.93429 2.51813 1.16316 
2.50761 4.10018 4.41834 3.88172 4.26542 2.52949 
4.39663 2.56985 2.59589 1.26102 3.59063 1.36486 
4.39663 2.56985 2.59589 3.64987 3.33929 1.39679 
4.39663 2.56985 2.59589 3.42338 1.21057 1.38635 
4.39663 1.26102 3.59063 3.64987 3.33929 2.39437 
4.39663 1.26102 3.59063 3.42338 1.21057 2.46322 
4.39663 3.64987 3.33929 3.42338 1.21057 2.27284 
2.56985 1.26102 1.36486 3.64987 1.39679 2.39437 
2.56985 1.26102 1.36486 1.21974 3.75524 2.47526 
2.56985 1.26102 1.36486 3.42338 1.38635 2.46322 
2.56985 3.64987 1.39679 3.42338 1.38635 2.27284 
2.56985 1.21974 3.75524 3.42338 1.38635 4.48267 
4.48009 3.78244 1.40483 2.43483 2.38405 1.38852 
4.48009 3.78244 1.40483 1.21974 3.45209 2.63336 
4.48009 2.43483 2.38405 1.21974 3.45209 1.25212 
1.26102 2.43483 3.66883 1.21974 2.47526 1.25212 
1.26102 3.64987 2.39437 3.42338 2.46322 2.27284 
1.26102 1.21974 2.47526 3.42338 2.46322 4.48267 
3.78244 2.43483 1.38852 1.21974 2.63336 1.25212 
1.25796 2.51431 3.75358 1.27508 2.51735 1.28851 
1.25796 1.27508 2.51735 4.27968 4.18012 4.49267 
1.25796 1.27508 2.51735 2.54896 1.31198 3.81208 
1.25796 2.54896 1.31198 3.74019 2.55113 1.27476 
2.51431 1.27508 1.28851 3.75402 1.28516 2.56722 
1.27508 4.27968 4.49267 4.30969 4.17989 1.32864 
2.55332 3.8416 1.28851 1.3023 1.28516 2.56722 
2.55332 1.3023 1.28516 1.28323 3.83084 2.56865 
4.30366 3.72461 4.28508 1.28323 3.98665 2.44842 
4.30366 3.72461 4.28508 2.5542 4.31786 1.26726 
4.30366 1.28323 3.98665 2.5542 4.31786 1.28891 
4.30366 1.28323 3.98665 4.40906 1.27468 4.39799 
1.3023 1.28323 2.56865 2.5542 3.80565 1.28891 
3.72461 1.28323 2.44842 2.5542 1.26726 1.28891 
4.38511 2.98664 1.85286 3.18405 2.56986 1.32273 
4.38511 2.98664 1.85286 4.01232 1.84789 1.84748 
4.38511 2.98664 1.85286 1.25714 4.34939 3.41918 
4.38511 3.18405 2.56986 4.01232 1.84789 1.35979 
4.38511 3.18405 2.56986 1.25714 4.34939 3.8043 
4.38511 4.01232 1.84789 1.25714 4.34939 4.26542 
2.98664 3.18405 1.32273 4.01232 1.84748 1.35979 
2.98664 3.18405 1.32273 2.56571 3.81475 3.88817 
2.98664 3.18405 1.32273 1.30888 3.179 3.27331 
2.98664 3.18405 1.32273 1.25714 3.41918 3.8043 
2.98664 4.01232 1.84748 1.30888 3.179 4.41834 
2.98664 4.01232 1.84748 1.25714 3.41918 4.26542 
2.98664 2.56571 3.81475 1.30888 3.179 1.26567 
2.98664 2.56571 3.81475 1.25714 3.41918 3.74958 
2.98664 1.30888 3.179 1.25714 3.41918 2.52949 
3.7981 2.67949 1.41106 3.44787 2.26762 1.40483 
3.7981 2.67949 1.41106 3.49498 3.54735 2.38405 
3.7981 2.67949 1.41106 1.25714 2.56103 1.44353 
3.7981 3.44787 2.26762 3.49498 3.54735 1.38852 
3.7981 3.44787 2.26762 1.25714 2.56103 2.43692 
3.7981 3.49498 3.54735 1.25714 2.56103 2.86737 
3.18405 4.01232 1.35979 1.30888 3.27331 4.41834 
3.18405 4.01232 1.35979 1.25714 3.8043 4.26542 
3.18405 2.56571 3.88817 1.30888 3.27331 1.26567 
3.18405 2.56571 3.88817 1.25714 3.8043 3.74958 
3.18405 1.30888 3.27331 1.25714 3.8043 2.52949 
2.67949 3.44787 1.40483 3.49498 2.38405 1.38852 
2.67949 3.44787 1.40483 1.25714 1.44353 2.43692 
2.67949 3.44787 1.40483 3.91341 3.45209 2.63336 
2.67949 1.30888 3.93005 3.49498 2.38405 4.40712 
2.67949 1.30888 3.93005 1.25714 1.44353 2.52949 
2.67949 3.49498 2.38405 1.25714 1.44353 2.86737 
2.67949 3.49498 2.38405 3.91341 3.45209 1.25212 
2.67949 1.25714 1.44353 3.91341 3.45209 3.61837 
3.83037 2.56571 1.272 1.30888 2.52467 1.26567 
4.01232 1.30888 4.41834 1.25714 4.26542 2.52949 
2.56571 1.30888 1.26567 1.25714 3.74958 2.52949 
3.44787 3.49498 1.38852 1.25714 2.43692 2.86737 
3.44787 3.49498 1.38852 3.91341 2.63336 1.25212 
3.44787 1.25714 2.43692 3.91341 2.63336 3.61837 
1.30888 3.49498 4.40712 1.25714 2.52949 2.86737 
3.49498 1.25714 2.86737 3.91341 1.25212 3.61837 
1.85286 1.30249 2.54519 2.56986 1.32273 2.60037 
1.85286 1.30249 2.54519 1.84789 1.84748 1.34644 
1.85286 2.56986 1.32273 1.84789 1.84748 1.35979 
1.85286 2.56986 1.32273 4.34939 3.41918 3.8043 
1.85286 1.84789 1.84748 4.34939 3.41918 4.26542 
1.30249 2.56986 2.60037 1.84789 1.34644 1.35979 
2.56986 1.84789 1.35979 4.34939 3.8043 4.26542 
4.22196 4.24871 1.30202 4.2773 1.16316 2.4475 
4.21808 1.31198 3.62964 2.55113 3.84987 1.27476 
4.21808 1.31198 3.62964 3.89593 3.95346 2.59201 
4.21808 1.31198 3.62964 3.99254 1.32285 3.75177 
4.21808 2.55113 3.84987 3.89593 3.95346 1.38226 
4.21808 2.55113 3.84987 3.99254 1.32285 4.26427 
1.31198 2.55113 1.27476 3.89593 2.59201 1.38226 
1.31198 2.55113 1.27476 3.99254 3.75177 4.26427 
2.54519 1.32273 2.60037 1.84748 1.34644 1.35979 
1.32273 1.84748 1.35979 3.179 3.27331 4.41834 
1.32273 1.84748 1.35979 3.41918 3.8043 4.26542 
1.32273 3.81475 3.88817 3.179 3.27331 1.26567 
1.32273 3.81475 3.88817 3.41918 3.8043 3.74958 
1.32273 3.179 3.27331 3.41918 3.8043 2.52949 
1.84748 3.179 4.41834 3.41918 4.26542 2.52949 
3.81475 3.179 1.26567 3.41918 3.74958 2.52949 
2.51708 2.39232 2.31658 3.46638 3.44641 1.25096 
2.51708 2.39232 2.31658 1.38218 1.37691 1.42922 
2.51708 2.39232 2.31658 1.24555 3.68051 3.50408 
2.51708 2.39232 2.31658 3.75068 1.25558 3.23473 
2.51708 3.46638 3.44641 1.38218 1.37691 2.66576 
2.51708 3.46638 3.44641 1.24555 3.68051 4.42796 
2.51708 3.46638 3.44641 3.75068 1.25558 4.16194 
2.51708 1.38218 1.37691 1.24555 3.68051 2.62427 
2.51708 1.38218 1.37691 3.75068 1.25558 2.59677 
2.39232 3.46638 1.25096 1.38218 1.42922 2.66576 
2.39232 3.46638 1.25096 1.24555 3.50408 4.42796 
2.39232 3.46638 1.25096 3.75068 3.23473 4.16194 
2.39232 1.38218 1.42922 1.24555 3.50408 2.62427 
2.39232 1.38218 1.42922 3.75068 3.23473 2.59677 
2.526 1.38218 3.88379 1.24555 1.30158 2.62427 
2.526 1.24555 1.30158 3.71027 1.25241 2.47211 
3.46638 1.38218 2.66576 1.24555 4.42796 2.62427 
3.46638 1.38218 2.66576 3.75068 4.16194 2.59677 
4.30786 2.56018 4.49267 1.23214 4.17989 1.32864 
2.56018 1.23214 1.32864 1.38256 3.80296 2.51813 
2.56018 1.23214 1.32864 3.68667 1.19572 2.4743 
1.23214 2.51666 3.61799 1.38256 2.51813 1.16316 
2.51666 3.79832 1.30202 1.38256 1.16316 2.4475 
1.21957 2.62929 1.41106 3.62319 3.31697 3.58333 
1.21957 2.62929 1.41106 3.35662 2.26762 1.40483 
1.21957 2.62929 1.41106 3.67821 2.56103 1.44353 
1.21957 2.62929 1.41106 1.33557 2.45926 3.83079 
1.21957 2.62929 1.41106 3.22295 2.54941 2.47341 
1.21957 3.62319 3.31697 3.35662 2.26762 2.70703 
1.21957 3.62319 3.31697 3.58631 4.23964 4.49279 
1.21957 3.62319 3.31697 3.56733 3.89749 2.31658 
1.21957 3.62319 3.31697 1.33557 2.45926 4.18232 
1.21957 3.62319 3.31697 3.60448 4.14957 3.44641 
1.21957 3.62319 3.31697 4.17624 4.19017 1.37691 
1.21957 3.62319 3.31697 3.22295 2.54941 1.25558 
1.21957 3.35662 2.26762 3.67821 2.56103 2.43692 
1.21957 3.35662 2.26762 3.56733 3.89749 4.43946 
1.21957 3.35662 2.26762 1.33557 2.45926 4.40234 
1.21957 3.35662 2.26762 4.17624 4.19017 4.00231 
1.21957 3.35662 2.26762 3.22295 2.54941 1.46949 
1.21957 3.58631 4.23964 3.56733 3.89749 2.5516 
1.21957 3.58631 4.23964 1.33557 2.45926 3.85333 
1.21957 3.58631 4.23964 3.60448 4.14957 1.37144 
1.21957 3.58631 4.23964 4.17624 4.19017 3.93972 
1.21957 3.67821 2.56103 3.22295 2.54941 3.67523 
1.21957 3.56733 3.89749 1.33557 2.45926 3.8303 
1.21957 3.56733 3.89749 3.60448 4.14957 1.25096 
1.21957 3.56733 3.89749 4.17624 4.19017 1.42922 
1.21957 3.56733 3.89749 2.56916 3.63425 4.48228 
1.21957 3.56733 3.89749 3.22295 2.54941 3.23473 
1.21957 1.33557 2.45926 3.60448 4.14957 3.81542 
1.21957 1.33557 2.45926 2.56916 3.63425 1.23945 
1.21957 1.33557 2.45926 3.22295 2.54941 4.02419 
1.21957 3.60448 4.14957 4.17624 4.19017 2.66576 
1.21957 3.60448 4.14957 2.56916 3.63425 4.47034 
1.21957 3.60448 4.14957 3.22295 2.54941 4.16194 
1.21957 4.17624 4.19017 3.22295 2.54941 2.59677 
2.62929 3.62319 3.58333 3.35662 1.40483 2.70703 
2.62929 3.62319 3.58333 1.33557 3.83079 4.18232 
2.62929 3.62319 3.58333 3.22295 2.47341 1.25558 
2.62929 3.35662 1.40483 3.67821 1.44353 2.43692 
2.62929 3.35662 1.40483 1.33557 3.83079 4.40234 
2.62929 3.35662 1.40483 3.22295 2.47341 1.46949 
2.62929 3.67821 1.44353 3.22295 2.47341 3.67523 
2.62929 1.33557 3.83079 3.22295 2.47341 4.02419 
3.62319 3.35662 2.70703 3.56733 2.31658 4.43946 
3.62319 3.35662 2.70703 1.33557 4.18232 4.40234 
3.62319 3.35662 2.70703 4.17624 1.37691 4.00231 
3.62319 3.35662 2.70703 3.22295 1.25558 1.46949 
3.62319 3.58631 4.49279 3.56733 2.31658 2.5516 
3.62319 3.58631 4.49279 1.33557 4.18232 3.85333 
3.62319 3.58631 4.49279 3.60448 3.44641 1.37144 
3.62319 3.58631 4.49279 4.17624 1.37691 3.93972 
3.62319 3.56733 2.31658 1.33557 4.18232 3.8303 
3.62319 3.56733 2.31658 3.60448 3.44641 1.25096 
3.62319 3.56733 2.31658 4.17624 1.37691 1.42922 
3.62319 3.56733 2.31658 3.22295 1.25558 3.23473 
3.62319 1.33557 4.18232 3.60448 3.44641 3.81542 
3.62319 1.33557 4.18232 3.22295 1.25558 4.02419 
3.62319 3.60448 3.44641 4.17624 1.37691 2.66576 
3.62319 3.60448 3.44641 3.22295 1.25558 4.16194 
3.62319 4.17624 1.37691 3.22295 1.25558 2.59677 
3.84786 1.33557 2.52084 2.56916 1.32285 1.23945 
3.91221 3.58631 1.21628 3.56733 3.73742 2.5516 
3.91221 3.58631 1.21628 1.33557 4.18967 3.85333 
3.91221 3.58631 1.21628 3.60448 2.58585 1.37144 
3.91221 3.56733 3.73742 1.33557 4.18967 3.8303 
3.91221 3.56733 3.73742 3.60448 2.58585 1.25096 
3.91221 1.33557 4.18967 3.60448 2.58585 3.81542 
3.35662 3.67821 2.43692 3.22295 1.46949 3.67523 
3.35662 3.56733 4.43946 1.33557 4.40234 3.8303 
3.35662 3.56733 4.43946 4.17624 4.00231 1.42922 
3.35662 3.56733 4.43946 3.22295 1.46949 3.23473 
3.35662 1.33557 4.40234 3.22295 1.46949 4.02419 
3.35662 4.17624 4.00231 3.22295 1.46949 2.59677 
3.58631 3.56733 2.5516 1.33557 3.85333 3.8303 
3.58631 3.56733 2.5516 3.60448 1.37144 1.25096 
3.58631 3.56733 2.5516 4.17624 3.93972 1.42922 
3.58631 1.33557 3.85333 3.60448 1.37144 3.81542 
3.58631 3.60448 1.37144 4.17624 3.93972 2.66576 
3.56733 1.33557 3.8303 3.60448 1.25096 3.81542 
3.56733 1.33557 3.8303 2.56916 4.48228 1.23945 
3.56733 1.33557 3.8303 3.22295 3.23473 4.02419 
3.56733 3.60448 1.25096 4.17624 1.42922 2.66576 
3.56733 3.60448 1.25096 2.56916 4.48228 4.47034 
3.56733 3.60448 1.25096 3.22295 3.23473 4.16194 
3.56733 4.17624 1.42922 3.22295 3.23473 2.59677 
1.33557 3.60448 3.81542 2.56916 1.23945 4.47034 
1.33557 3.60448 3.81542 3.22295 4.02419 4.16194 
3.60448 4.17624 2.66576 3.22295 4.16194 2.59677 
1.32864 2.45519 3.66036 1.19572 2.4743 1.31781 
2.45519 1.19572 1.31781 3.65127 1.28674 2.51294 
3.86194 1.42826 2.56204 2.61308 1.32065 1.2515 
1.42826 1.24839 2.55133 2.61308 1.2515 3.61062 
1.42826 1.24839 2.55133 2.51683 3.79922 1.272 
1.24839 2.51683 1.272 3.76278 2.52467 1.26567 
1.41106 3.31697 3.58333 2.26762 1.40483 2.70703 
1.41106 3.31697 3.58333 3.54735 2.38405 3.68266 
1.41106 3.31697 3.58333 2.45926 3.83079 4.18232 
1.41106 3.31697 3.58333 2.54941 2.47341 1.25558 
1.41106 2.26762 1.40483 3.54735 2.38405 1.38852 
1.41106 2.26762 1.40483 2.56103 1.44353 2.43692 
1.41106 2.26762 1.40483 2.45926 3.83079 4.40234 
1.41106 2.26762 1.40483 2.54941 2.47341 1.46949 
1.41106 3.54735 2.38405 2.56103 1.44353 2.86737 
1.41106 3.54735 2.38405 2.54941 2.47341 2.52406 
1.41106 2.56103 1.44353 2.54941 2.47341 3.67523 
1.41106 2.45926 3.83079 2.54941 2.47341 4.02419 
3.31697 2.26762 2.70703 3.54735 3.68266 1.38852 
3.31697 2.26762 2.70703 3.89749 2.31658 4.43946 
3.31697 2.26762 2.70703 2.45926 4.18232 4.40234 
3.31697 2.26762 2.70703 4.19017 1.37691 4.00231 
3.31697 2.26762 2.70703 2.54941 1.25558 1.46949 
3.31697 4.23964 4.49279 3.89749 2.31658 2.5516 
3.31697 4.23964 4.49279 2.45926 4.18232 3.85333 
3.31697 4.23964 4.49279 4.14957 3.44641 1.37144 
3.31697 4.23964 4.49279 4.19017 1.37691 3.93972 
3.31697 3.54735 3.68266 2.54941 1.25558 2.52406 
3.31697 3.89749 2.31658 2.45926 4.18232 3.8303 
3.31697 3.89749 2.31658 4.14957 3.44641 1.25096 
3.31697 3.89749 2.31658 4.19017 1.37691 1.42922 
3.31697 3.89749 2.31658 2.54941 1.25558 3.23473 
3.31697 2.45926 4.18232 4.14957 3.44641 3.81542 
3.31697 2.45926 4.18232 2.54941 1.25558 4.02419 
3.31697 4.14957 3.44641 4.19017 1.37691 2.66576 
3.31697 4.14957 3.44641 2.54941 1.25558 4.16194 
3.31697 4.19017 1.37691 2.54941 1.25558 2.59677 
2.26762 3.54735 1.38852 2.56103 2.43692 2.86737 
2.26762 3.54735 1.38852 2.54941 1.46949 2.52406 
2.26762 2.56103 2.43692 2.54941 1.46949 3.67523 
2.26762 3.89749 4.43946 2.45926 4.40234 3.8303 
2.26762 3.89749 4.43946 4.19017 4.00231 1.42922 
2.26762 3.89749 4.43946 2.54941 1.46949 3.23473 
2.26762 2.45926 4.40234 2.54941 1.46949 4.02419 
2.26762 4.19017 4.00231 2.54941 1.46949 2.59677 
4.23964 3.89749 2.5516 2.45926 3.85333 3.8303 
4.23964 3.89749 2.5516 4.14957 1.37144 1.25096 
4.23964 3.89749 2.5516 4.19017 3.93972 1.42922 
4.23964 2.45926 3.85333 4.14957 1.37144 3.81542 
4.23964 4.14957 1.37144 4.19017 3.93972 2.66576 
3.54735 2.56103 2.86737 2.54941 2.52406 3.67523 
3.89749 2.45926 3.8303 4.14957 1.25096 3.81542 
3.89749 2.45926 3.8303 3.63425 4.48228 1.23945 
3.89749 2.45926 3.8303 2.54941 3.23473 4.02419 
3.89749 4.14957 1.25096 4.19017 1.42922 2.66576 
3.89749 4.14957 1.25096 3.63425 4.48228 4.47034 
3.89749 4.14957 1.25096 2.54941 3.23473 4.16194 
3.89749 4.19017 1.42922 2.54941 3.23473 2.59677 
2.45926 4.14957 3.81542 3.63425 1.23945 4.47034 
2.45926 4.14957 3.81542 2.54941 4.02419 4.16194 
4.14957 4.19017 2.66576 2.54941 4.16194 2.59677 
1.35979 3.27331 4.41834 3.8043 4.26542 2.52949 
3.88817 3.27331 1.26567 3.8043 3.74958 2.52949 
2.59589 3.59063 1.36486 3.33929 1.39679 2.39437 
2.59589 3.59063 1.36486 1.21057 1.38635 2.46322 
2.59589 3.59063 1.36486 4.28884 2.66795 3.59293 
2.59589 1.32065 3.89511 1.21057 1.38635 2.51209 
2.59589 3.33929 1.39679 1.21057 1.38635 2.27284 
2.59589 3.33929 1.39679 4.28884 2.66795 1.29426 
2.59589 1.21057 1.38635 4.28884 2.66795 3.38319 
3.59063 3.33929 2.39437 1.21057 2.46322 2.27284 
3.59063 3.33929 2.39437 4.28884 3.59293 1.29426 
3.59063 1.21057 2.46322 4.28884 3.59293 3.38319 
2.56204 1.32065 1.2515 1.21057 3.75884 2.51209 
3.33929 1.21057 2.27284 4.28884 1.29426 3.38319 
1.36486 1.39679 2.39437 1.38635 2.46322 2.27284 
1.36486 1.39679 2.39437 2.66795 3.59293 1.29426 
1.36486 3.75524 2.47526 1.38635 2.46322 4.48267 
1.36486 1.38635 2.46322 2.66795 3.59293 3.38319 
3.82913 1.39679 2.47946 1.38635 4.28369 2.27284 
3.82913 1.39679 2.47946 2.66795 1.27468 1.29426 
3.82913 1.38635 4.28369 2.66795 1.27468 3.38319 
1.39679 1.38635 2.27284 2.66795 1.29426 3.38319 
2.43669 1.21265 1.30202 3.56999 1.16316 2.4475 
2.43669 1.21265 1.30202 1.30747 3.70156 2.51803 
1.21265 2.50534 3.69071 1.30747 2.51803 1.25241 
2.50534 3.62211 1.30158 1.30747 1.25241 2.47211 
3.58333 1.40483 2.70703 2.38405 3.68266 1.38852 
3.58333 1.40483 2.70703 3.83079 4.18232 4.40234 
3.58333 1.40483 2.70703 2.47341 1.25558 1.46949 
3.58333 2.38405 3.68266 2.47341 1.25558 2.52406 
3.58333 3.83079 4.18232 2.47341 1.25558 4.02419 
1.40483 2.38405 1.38852 1.44353 2.43692 2.86737 
1.40483 2.38405 1.38852 3.45209 2.63336 1.25212 
1.40483 2.38405 1.38852 2.47341 1.46949 2.52406 
1.40483 1.44353 2.43692 3.45209 2.63336 3.61837 
1.40483 1.44353 2.43692 2.47341 1.46949 3.67523 
1.40483 3.45209 2.63336 2.47341 1.46949 3.70852 
1.40483 3.83079 4.40234 2.47341 1.46949 4.02419 
3.93005 2.38405 4.40712 1.44353 2.52949 2.86737 
2.38405 1.44353 2.86737 3.45209 1.25212 3.61837 
2.38405 1.44353 2.86737 2.47341 2.52406 3.67523 
2.38405 3.45209 1.25212 2.47341 2.52406 3.70852 
1.44353 3.45209 3.61837 2.47341 3.67523 3.70852 
2.39437 2.46322 2.27284 3.59293 1.29426 3.38319 
2.55173 1.31781 3.8186 1.28674 1.31049 2.51294 
2.55173 1.28674 1.31049 3.6555 1.21628 2.48232 
2.70703 3.68266 1.38852 1.25558 1.46949 2.52406 
2.70703 2.31658 4.43946 4.18232 4.40234 3.8303 
2.70703 2.31658 4.43946 1.37691 4.00231 1.42922 
2.70703 2.31658 4.43946 1.25558 1.46949 3.23473 
2.70703 4.18232 4.40234 1.25558 1.46949 4.02419 
2.70703 1.37691 4.00231 1.25558 1.46949 2.59677 
4.49279 2.31658 2.5516 4.18232 3.85333 3.8303 
4.49279 2.31658 2.5516 3.44641 1.37144 1.25096 
4.49279 2.31658 2.5516 1.37691 3.93972 1.42922 
4.49279 4.18232 3.85333 3.44641 1.37144 3.81542 
4.49279 3.44641 1.37144 1.37691 3.93972 2.66576 
2.31658 4.18232 3.8303 3.44641 1.25096 3.81542 
2.31658 4.18232 3.8303 1.25558 3.23473 4.02419 
2.31658 3.44641 1.25096 1.37691 1.42922 2.66576 
2.31658 3.44641 1.25096 3.68051 3.50408 4.42796 
2.31658 3.44641 1.25096 1.25558 3.23473 4.16194 
2.31658 1.37691 1.42922 3.68051 3.50408 2.62427 
2.31658 1.37691 1.42922 1.25558 3.23473 2.59677 
4.18232 3.44641 3.81542 1.25558 4.02419 4.16194 
3.44641 1.37691 2.66576 3.68051 4.42796 2.62427 
3.44641 1.37691 2.66576 1.25558 4.16194 2.59677 
3.62964 3.84987 1.27476 1.23099 4.00507 3.88285 
3.62964 3.84987 1.27476 3.95346 2.59201 1.38226 
3.62964 3.84987 1.27476 1.32285 3.75177 4.26427 
3.62964 1.23099 4.00507 3.95346 2.59201 3.61817 
3.62964 1.23099 4.00507 1.32285 3.75177 2.54253 
3.84987 1.23099 3.88285 3.95346 1.38226 3.61817 
3.84987 1.23099 3.88285 1.32285 4.26427 2.54253 
1.23099 3.67493 2.44842 3.95346 3.61817 3.98811 
1.23099 3.67493 2.44842 2.48117 1.26726 1.28891 
1.23099 3.95346 3.61817 2.48117 1.26726 3.96531 
1.23099 2.48117 1.26726 1.32285 2.54253 3.77921 
1.23099 2.52084 3.7029 1.32285 2.54253 1.23945 
3.67493 3.95346 3.98811 2.48117 1.28891 3.96531 
3.89054 1.27476 2.64788 4.00507 4.28508 3.88285 
3.89054 1.27476 2.64788 2.59201 1.31856 1.38226 
3.89054 4.00507 4.28508 2.59201 1.31856 3.61817 
1.27476 4.00507 3.88285 2.59201 1.38226 3.61817 
1.27476 4.00507 3.88285 3.75177 4.26427 2.54253 
2.64788 4.28508 3.88285 1.31856 1.38226 3.61817 
2.64788 1.31856 1.38226 1.27468 3.88581 2.57782 
4.28508 3.98665 2.44842 1.31856 3.61817 3.98811 
4.28508 3.98665 2.44842 4.31786 1.26726 1.28891 
4.28508 1.31856 3.61817 4.31786 1.26726 3.96531 
3.98665 1.31856 3.98811 4.31786 1.28891 3.96531 
3.98665 1.31856 3.98811 1.27468 4.39799 2.57782 
1.31856 2.47946 3.77302 1.27468 2.57782 1.29426 
2.47946 4.28369 2.27284 1.27468 1.29426 3.38319 
2.44842 3.61817 3.98811 1.26726 1.28891 3.96531 
1.31049 1.21628 2.48232 2.58585 3.8387 1.37144 
1.21628 3.73742 2.5516 4.18967 3.85333 3.8303 
1.21628 3.73742 2.5516 2.58585 1.37144 1.25096 
1.21628 4.18967 3.85333 2.58585 1.37144 3.81542 
3.73742 4.18967 3.8303 2.58585 1.25096 3.81542 
1.38852 2.43692 2.86737 2.63336 1.25212 3.61837 
1.38852 2.43692 2.86737 1.46949 2.52406 3.67523 
1.38852 2.63336 1.25212 1.46949 2.52406 3.70852 
2.43692 2.63336 3.61837 1.46949 3.67523 3.70852 
4.43946 4.40234 3.8303 1.46949 3.23473 4.02419 
4.43946 4.00231 1.42922 1.46949 3.23473 2.59677 
2.5516 3.85333 3.8303 1.37144 1.25096 3.81542 
2.5516 1.37144 1.25096 3.93972 1.42922 2.66576 
2.86737 1.25212 3.61837 2.52406 3.67523 3.70852 
3.8303 1.25096 3.81542 4.48228 1.23945 4.47034 
3.8303 1.25096 3.81542 3.23473 4.02419 4.16194 
1.25096 1.42922 2.66576 3.50408 4.42796 2.62427 
1.25096 1.42922 2.66576 3.23473 4.16194 2.59677 
