3.77074
1.29385
1.30421
4.1991
2.50531
4.53054
4.79228
2.53655
4.17962
4.74874
4.17603
4.51136
4.8793
3.93429
2.50761
4.7116
4.72205
4.10018
3.88172
4.65284
4.39663
2.56985
4.91207
4.48009
1.26102
4.83887
3.78244
2.43483
4.53064
3.64987
1.21974
3.42338
4.81834
4.84174
1.25796
2.51431
4.73417
1.27508
4.27968
4.30969
2.54896
3.74019
3.75402
4.90287
4.96255
4.68129
2.55332
3.8416
4.86927
4.94539
4.30366
4.9445
1.3023
3.72461
1.28323
4.63976
2.5542
4.40906
4.38511
2.98664
4.95422
4.87157
3.7981
3.18405
2.67949
3.83037
4.01232
2.56571
3.44787
1.30888
3.49498
1.25714
3.91341
4.73473
1.85286
4.76212
1.30249
4.98158
2.56986
4.86327
4.92603
4.22196
4.24871
4.2773
1.84789
4.89557
4.34939
3.75358
2.51735
4.18012
4.56074
4.21808
1.31198
2.55113
4.97267
4.85215
4.56527
3.89593
4.53906
3.99254
2.54519
4.95807
1.32273
4.5466
4.63652
4.77247
4.7402
4.5738
1.84748
3.81475
3.179
3.41918
4.69308
4.77192
1.28851
4.81909
1.28516
3.83084
4.82159
2.51708
4.80462
2.39232
2.526
3.46638
1.38218
1.24555
3.71027
3.75068
4.30786
2.56018
1.23214
4.9454
2.51666
3.79832
4.83139
1.38256
3.68667
2.60037
4.57665
4.52898
4.16855
4.89495
1.34644
4.72924
4.95538
1.21957
2.62929
3.62319
3.84786
3.91221
3.35662
4.52776
3.58631
4.68386
3.67821
3.56733
1.33557
3.60448
4.17624
2.56916
3.22295
4.49267
4.17989
3.81208
4.98501
2.56722
1.32864
4.8626
2.45519
3.80296
4.55901
4.95162
1.19572
3.65127
3.86194
1.42826
1.24839
2.61308
2.51683
3.76278
4.98204
1.41106
3.31697
4.91521
4.60626
2.26762
4.23964
3.54735
2.56103
4.70344
3.89749
2.45926
4.14957
4.19017
3.63425
2.54941
4.98666
4.75958
4.86931
1.35979
3.88817
3.27331
3.8043
2.59589
3.59063
2.56204
4.73776
1.32065
4.97632
3.33929
1.21057
4.28884
1.36486
3.89511
3.82913
4.87615
1.39679
3.75524
1.38635
2.66795
3.61799
4.84334
3.66036
2.51813
2.4743
4.78353
4.90817
2.43669
1.21265
3.56999
4.79265
2.50534
3.62211
1.30747
3.58333
1.40483
3.93005
2.38405
1.44353
3.45209
4.73016
3.83079
4.70601
4.95277
2.47341
4.79913
4.84447
4.98873
3.66883
2.39437
2.47526
2.46322
3.59293
1.30202
1.16316
4.91958
4.86045
3.70156
2.55133
1.2515
3.79922
4.53525
4.39635
3.75884
3.61062
1.272
2.52467
2.4475
4.54974
4.97736
3.69071
4.75109
2.51803
2.55173
1.31781
1.28674
3.6555
4.97577
4.79612
4.98856
4.69103
4.59462
2.51209
2.70703
4.49279
3.68266
4.75271
4.80531
2.31658
4.89524
4.18232
3.44641
1.37691
3.68051
4.94216
1.25558
4.83316
4.81552
3.62964
4.83262
3.84987
1.23099
3.67493
3.95346
2.48117
2.52084
1.32285
3.89054
1.27476
4.00507
4.71903
2.59201
4.91119
4.53561
3.75177
2.64788
4.28508
3.98665
1.31856
4.31786
2.47946
4.28369
1.27468
3.88285
4.86611
1.38226
4.54927
3.88581
4.26427
4.89681
4.41834
4.26542
1.26567
3.74958
4.99648
2.56865
3.80565
4.9246
2.44842
3.61817
1.26726
3.7029
2.54253
3.8186
1.31049
1.21628
3.73742
4.18967
2.58585
4.90813
2.51294
4.95174
4.54016
1.38852
2.43692
2.63336
4.43946
4.40234
4.00231
1.46949
4.40712
2.52949
4.61386
3.98811
1.28891
4.39799
4.96793
3.96531
3.77302
2.57782
4.64341
2.48232
4.93722
4.92729
3.8387
2.5516
3.85333
1.37144
3.93972
4.57485
4.94308
2.86737
1.25212
2.52406
3.61837
4.95192
3.67523
4.94976
4.89545
3.77921
4.86041
2.27284
1.29426
4.48267
3.70852
4.67675
3.8303
1.25096
1.42922
3.50408
4.48228
3.23473
3.38319
3.88379
1.30158
1.25241
3.81542
4.52179
1.23945
4.02419
2.66576
4.42796
4.47034
4.16194
2.62427
2.59677
2.47211
4.87707
4.92324
