-0.97588 -0.467882 -0.997265 -0.473594 -0.92042 -0.705369 
-0.97588 -0.467882 -0.997265 -0.862412 -0.938702 -0.867655 
-0.97588 -0.467882 -0.997265 -0.857713 -0.985878 -0.703788 
-0.97588 -0.467882 -0.997265 -0.980774 -0.447142 -0.996348 
-0.97588 -0.473594 -0.92042 -0.862412 -0.938702 -0.483668 
-0.97588 -0.473594 -0.92042 -0.857713 -0.985878 -0.703659 
-0.97588 -0.473594 -0.92042 -0.988956 -0.476153 -0.938278 
-0.97588 -0.473594 -0.92042 -0.980774 -0.447142 -0.956253 
-0.97588 -0.862412 -0.938702 -0.857713 -0.985878 -0.50327 
-0.97588 -0.862412 -0.938702 -0.988956 -0.476153 -0.945855 
-0.97588 -0.862412 -0.938702 -0.980774 -0.447142 -0.977418 
-0.97588 -0.857713 -0.985878 -0.988956 -0.476153 -0.998088 
-0.97588 -0.857713 -0.985878 -0.980774 -0.447142 -0.99406 
-0.97588 -0.988956 -0.476153 -0.980774 -0.447142 -0.861277 
-0.467882 -0.473594 -0.705369 -0.857332 -0.472652 -0.863788 
-0.467882 -0.473594 -0.705369 -0.862412 -0.867655 -0.483668 
-0.467882 -0.473594 -0.705369 -0.857713 -0.703788 -0.703659 
-0.467882 -0.473594 -0.705369 -0.980774 -0.996348 -0.956253 
-0.467882 -0.857332 -0.472652 -0.862412 -0.867655 -0.872308 
-0.467882 -0.857332 -0.472652 -0.857713 -0.703788 -0.496295 
-0.467882 -0.862412 -0.867655 -0.857713 -0.703788 -0.50327 
-0.467882 -0.862412 -0.867655 -0.980774 -0.996348 -0.977418 
-0.467882 -0.991404 -0.992798 -0.982909 -0.994396 -0.390452 
-0.467882 -0.857713 -0.703788 -0.980774 -0.996348 -0.99406 
-0.473594 -0.857332 -0.863788 -0.862412 -0.483668 -0.872308 
-0.473594 -0.857332 -0.863788 -0.857713 -0.703659 -0.496295 
-0.473594 -0.862412 -0.483668 -0.857713 -0.703659 -0.50327 
-0.473594 -0.862412 -0.483668 -0.988956 -0.938278 -0.945855 
-0.473594 -0.862412 -0.483668 -0.980774 -0.956253 -0.977418 
-0.473594 -0.857713 -0.703659 -0.988956 -0.938278 -0.998088 
-0.473594 -0.857713 -0.703659 -0.980774 -0.956253 -0.99406 
-0.473594 -0.988956 -0.938278 -0.980774 -0.956253 -0.861277 
-0.992112 -0.991515 -0.43258 -0.991404 -0.859197 -0.968192 
-0.992112 -0.991515 -0.43258 -0.982909 -0.51496 -0.859436 
-0.992112 -0.991404 -0.859197 -0.982909 -0.51496 -0.390452 
-0.857332 -0.862412 -0.872308 -0.857713 -0.496295 -0.50327 
-0.862412 -0.857713 -0.50327 -0.988956 -0.945855 -0.998088 
-0.862412 -0.857713 -0.50327 -0.980774 -0.977418 -0.99406 
-0.862412 -0.988956 -0.945855 -0.980774 -0.977418 -0.861277 
-0.991515 -0.991404 -0.968192 -0.982909 -0.859436 -0.390452 
-0.857713 -0.988956 -0.998088 -0.980774 -0.99406 -0.861277 
-0.997553 -0.867653 -0.871632 -0.449369 -0.966686 -0.505894 
-0.997553 -0.867653 -0.871632 -0.969894 -0.950747 -0.522132 
-0.997553 -0.867653 -0.871632 -0.956531 -0.419714 -0.516878 
-0.997553 -0.449369 -0.966686 -0.969894 -0.950747 -0.837957 
-0.997553 -0.449369 -0.966686 -0.956531 -0.419714 -0.850234 
-0.997553 -0.969894 -0.950747 -0.956531 -0.419714 -0.814115 
-0.867653 -0.449369 -0.505894 -0.969894 -0.522132 -0.837957 
-0.867653 -0.449369 -0.505894 -0.425221 -0.975153 -0.852294 
-0.867653 -0.449369 -0.505894 -0.956531 -0.516878 -0.850234 
-0.867653 -0.969894 -0.522132 -0.956531 -0.516878 -0.814115 
-0.867653 -0.425221 -0.975153 -0.956531 -0.516878 -0.999607 
-0.999548 -0.976422 -0.526134 -0.845274 -0.836044 -0.517974 
-0.999548 -0.976422 -0.526134 -0.425221 -0.958397 -0.87718 
-0.999548 -0.845274 -0.836044 -0.425221 -0.958397 -0.444249 
-0.449369 -0.845274 -0.970882 -0.425221 -0.852294 -0.444249 
-0.449369 -0.969894 -0.837957 -0.956531 -0.850234 -0.814115 
-0.449369 -0.425221 -0.852294 -0.956531 -0.850234 -0.999607 
-0.976422 -0.845274 -0.517974 -0.425221 -0.87718 -0.444249 
-0.447616 -0.858812 -0.975074 -0.457374 -0.859309 -0.464909 
-0.447616 -0.457374 -0.859309 -0.994462 -0.991531 -0.999835 
-0.447616 -0.457374 -0.859309 -0.864386 -0.477847 -0.977767 
-0.447616 -0.864386 -0.477847 -0.974435 -0.864729 -0.45719 
-0.858812 -0.457374 -0.464909 -0.975094 -0.463038 -0.867245 
-0.457374 -0.994462 -0.999835 -0.99529 -0.991523 -0.486842 
-0.865073 -0.979067 -0.464909 -0.472549 -0.463038 -0.867245 
-0.865073 -0.472549 -0.463038 -0.46196 -0.978597 -0.867468 
-0.995126 -0.973681 -0.994613 -0.46196 -0.984927 -0.847665 
-0.995126 -0.973681 -0.994613 -0.865212 -0.995511 -0.452934 
-0.995126 -0.46196 -0.984927 -0.865212 -0.995511 -0.465133 
-0.995126 -0.46196 -0.984927 -0.997861 -0.457148 -0.997587 
-0.472549 -0.46196 -0.867468 -0.865212 -0.977478 -0.465133 
-0.973681 -0.46196 -0.847665 -0.865212 -0.452934 -0.465133 
-0.997265 -0.92042 -0.705369 -0.938702 -0.867655 -0.483668 
-0.997265 -0.92042 -0.705369 -0.985878 -0.703788 -0.703659 
-0.997265 -0.92042 -0.705369 -0.447142 -0.996348 -0.956253 
-0.997265 -0.938702 -0.867655 -0.985878 -0.703788 -0.50327 
-0.997265 -0.938702 -0.867655 -0.447142 -0.996348 -0.977418 
-0.997265 -0.985878 -0.703788 -0.447142 -0.996348 -0.99406 
-0.92042 -0.938702 -0.483668 -0.985878 -0.703659 -0.50327 
-0.92042 -0.938702 -0.483668 -0.867011 -0.977886 -0.981042 
-0.92042 -0.938702 -0.483668 -0.476153 -0.938278 -0.945855 
-0.92042 -0.938702 -0.483668 -0.447142 -0.956253 -0.977418 
-0.92042 -0.985878 -0.703659 -0.476153 -0.938278 -0.998088 
-0.92042 -0.985878 -0.703659 -0.447142 -0.956253 -0.99406 
-0.92042 -0.867011 -0.977886 -0.476153 -0.938278 -0.452031 
-0.92042 -0.867011 -0.977886 -0.447142 -0.956253 -0.974884 
-0.92042 -0.476153 -0.938278 -0.447142 -0.956253 -0.861277 
-0.977138 -0.88373 -0.529218 -0.958126 -0.813024 -0.526134 
-0.977138 -0.88373 -0.529218 -0.961087 -0.964219 -0.836044 
-0.977138 -0.88373 -0.529218 -0.447142 -0.866283 -0.544976 
-0.977138 -0.958126 -0.813024 -0.961087 -0.964219 -0.517974 
-0.977138 -0.958126 -0.813024 -0.447142 -0.866283 -0.845644 
-0.977138 -0.961087 -0.964219 -0.447142 -0.866283 -0.907494 
-0.938702 -0.985878 -0.50327 -0.476153 -0.945855 -0.998088 
-0.938702 -0.985878 -0.50327 -0.447142 -0.977418 -0.99406 
-0.938702 -0.867011 -0.981042 -0.476153 -0.945855 -0.452031 
-0.938702 -0.867011 -0.981042 -0.447142 -0.977418 -0.974884 
-0.938702 -0.476153 -0.945855 -0.447142 -0.977418 -0.861277 
-0.88373 -0.958126 -0.526134 -0.961087 -0.836044 -0.517974 
-0.88373 -0.958126 -0.526134 -0.447142 -0.544976 -0.845644 
-0.88373 -0.958126 -0.526134 -0.982074 -0.958397 -0.87718 
-0.88373 -0.476153 -0.982741 -0.961087 -0.836044 -0.997813 
-0.88373 -0.476153 -0.982741 -0.447142 -0.544976 -0.861277 
-0.88373 -0.961087 -0.836044 -0.447142 -0.544976 -0.907494 
-0.88373 -0.961087 -0.836044 -0.982074 -0.958397 -0.444249 
-0.88373 -0.447142 -0.544976 -0.982074 -0.958397 -0.968212 
-0.978577 -0.867011 -0.455627 -0.476153 -0.860499 -0.452031 
-0.985878 -0.476153 -0.998088 -0.447142 -0.99406 -0.861277 
-0.867011 -0.476153 -0.452031 -0.447142 -0.974884 -0.861277 
-0.958126 -0.961087 -0.517974 -0.447142 -0.845644 -0.907494 
-0.958126 -0.961087 -0.517974 -0.982074 -0.87718 -0.444249 
-0.958126 -0.447142 -0.845644 -0.982074 -0.87718 -0.968212 
-0.476153 -0.961087 -0.997813 -0.447142 -0.861277 -0.907494 
-0.961087 -0.447142 -0.907494 -0.982074 -0.444249 -0.968212 
-0.705369 -0.472652 -0.863788 -0.867655 -0.483668 -0.872308 
-0.705369 -0.472652 -0.863788 -0.703788 -0.703659 -0.496295 
-0.705369 -0.867655 -0.483668 -0.703788 -0.703659 -0.50327 
-0.705369 -0.867655 -0.483668 -0.996348 -0.956253 -0.977418 
-0.705369 -0.703788 -0.703659 -0.996348 -0.956253 -0.99406 
-0.472652 -0.867655 -0.872308 -0.703788 -0.496295 -0.50327 
-0.867655 -0.703788 -0.50327 -0.996348 -0.977418 -0.99406 
-0.992798 -0.993581 -0.472392 -0.994396 -0.390452 -0.847505 
-0.992683 -0.477847 -0.96882 -0.864729 -0.979424 -0.45719 
-0.992683 -0.477847 -0.96882 -0.981362 -0.98366 -0.871046 
-0.992683 -0.477847 -0.96882 -0.985147 -0.483735 -0.974988 
-0.992683 -0.864729 -0.979424 -0.981362 -0.98366 -0.514806 
-0.992683 -0.864729 -0.979424 -0.985147 -0.483735 -0.994027 
-0.477847 -0.864729 -0.45719 -0.981362 -0.871046 -0.514806 
-0.477847 -0.864729 -0.45719 -0.985147 -0.974988 -0.994027 
-0.863788 -0.483668 -0.872308 -0.703659 -0.496295 -0.50327 
-0.483668 -0.703659 -0.50327 -0.938278 -0.945855 -0.998088 
-0.483668 -0.703659 -0.50327 -0.956253 -0.977418 -0.99406 
-0.483668 -0.977886 -0.981042 -0.938278 -0.945855 -0.452031 
-0.483668 -0.977886 -0.981042 -0.956253 -0.977418 -0.974884 
-0.483668 -0.938278 -0.945855 -0.956253 -0.977418 -0.861277 
-0.703659 -0.938278 -0.998088 -0.956253 -0.99406 -0.861277 
-0.977886 -0.938278 -0.452031 -0.956253 -0.974884 -0.861277 
-0.859264 -0.83758 -0.823031 -0.959306 -0.958032 -0.443579 
-0.859264 -0.83758 -0.823031 -0.514768 -0.512082 -0.538098 
-0.859264 -0.83758 -0.823031 -0.440437 -0.971481 -0.961643 
-0.859264 -0.83758 -0.823031 -0.974936 -0.446246 -0.942841 
-0.859264 -0.959306 -0.958032 -0.514768 -0.512082 -0.881812 
-0.859264 -0.959306 -0.958032 -0.440437 -0.971481 -0.998322 
-0.859264 -0.959306 -0.958032 -0.974936 -0.446246 -0.990963 
-0.859264 -0.514768 -0.512082 -0.440437 -0.971481 -0.875854 
-0.859264 -0.514768 -0.512082 -0.974936 -0.446246 -0.871766 
-0.83758 -0.959306 -0.443579 -0.514768 -0.538098 -0.881812 
-0.83758 -0.959306 -0.443579 -0.440437 -0.961643 -0.998322 
-0.83758 -0.959306 -0.443579 -0.974936 -0.942841 -0.990963 
-0.83758 -0.514768 -0.538098 -0.440437 -0.961643 -0.875854 
-0.83758 -0.514768 -0.538098 -0.974936 -0.942841 -0.871766 
-0.860714 -0.514768 -0.98086 -0.440437 -0.472152 -0.875854 
-0.860714 -0.440437 -0.472152 -0.972976 -0.444415 -0.851758 
-0.959306 -0.514768 -0.881812 -0.440437 -0.998322 -0.875854 
-0.959306 -0.514768 -0.881812 -0.974936 -0.990963 -0.871766 
-0.99524 -0.866149 -0.999835 -0.43258 -0.991523 -0.486842 
-0.866149 -0.43258 -0.486842 -0.51496 -0.977357 -0.859436 
-0.866149 -0.43258 -0.486842 -0.971794 -0.410701 -0.852132 
-0.43258 -0.859197 -0.968192 -0.51496 -0.859436 -0.390452 
-0.859197 -0.977147 -0.472392 -0.51496 -0.390452 -0.847505 
-0.425116 -0.876587 -0.529218 -0.968473 -0.949127 -0.966277 
-0.425116 -0.876587 -0.529218 -0.951979 -0.813024 -0.526134 
-0.425116 -0.876587 -0.529218 -0.971364 -0.866283 -0.544976 
-0.425116 -0.876587 -0.529218 -0.490541 -0.849551 -0.978595 
-0.425116 -0.876587 -0.529218 -0.941898 -0.864457 -0.85198 
-0.425116 -0.968473 -0.949127 -0.951979 -0.813024 -0.887498 
-0.425116 -0.968473 -0.949127 -0.966444 -0.993318 -0.999837 
-0.425116 -0.968473 -0.949127 -0.965371 -0.981426 -0.823031 
-0.425116 -0.968473 -0.949127 -0.490541 -0.849551 -0.991599 
-0.425116 -0.968473 -0.949127 -0.967454 -0.990571 -0.958032 
-0.425116 -0.968473 -0.949127 -0.99141 -0.99184 -0.512082 
-0.425116 -0.968473 -0.949127 -0.941898 -0.864457 -0.446246 
-0.425116 -0.951979 -0.813024 -0.971364 -0.866283 -0.845644 
-0.425116 -0.951979 -0.813024 -0.965371 -0.981426 -0.998598 
-0.425116 -0.951979 -0.813024 -0.490541 -0.849551 -0.997695 
-0.425116 -0.951979 -0.813024 -0.99141 -0.99184 -0.98551 
-0.425116 -0.951979 -0.813024 -0.941898 -0.864457 -0.557213 
-0.425116 -0.966444 -0.993318 -0.965371 -0.981426 -0.864803 
-0.425116 -0.966444 -0.993318 -0.490541 -0.849551 -0.979573 
-0.425116 -0.966444 -0.993318 -0.967454 -0.990571 -0.509284 
-0.425116 -0.966444 -0.993318 -0.99141 -0.99184 -0.983123 
-0.425116 -0.971364 -0.866283 -0.941898 -0.864457 -0.971211 
-0.425116 -0.965371 -0.981426 -0.490541 -0.849551 -0.978574 
-0.425116 -0.965371 -0.981426 -0.967454 -0.990571 -0.443579 
-0.425116 -0.965371 -0.981426 -0.99141 -0.99184 -0.538098 
-0.425116 -0.965371 -0.981426 -0.867547 -0.969067 -0.999598 
-0.425116 -0.965371 -0.981426 -0.941898 -0.864457 -0.942841 
-0.425116 -0.490541 -0.849551 -0.967454 -0.990571 -0.977916 
-0.425116 -0.490541 -0.849551 -0.867547 -0.969067 -0.436878 
-0.425116 -0.490541 -0.849551 -0.941898 -0.864457 -0.98631 
-0.425116 -0.967454 -0.990571 -0.99141 -0.99184 -0.881812 
-0.425116 -0.967454 -0.990571 -0.867547 -0.969067 -0.999324 
-0.425116 -0.967454 -0.990571 -0.941898 -0.864457 -0.990963 
-0.425116 -0.99141 -0.99184 -0.941898 -0.864457 -0.871766 
-0.876587 -0.968473 -0.966277 -0.951979 -0.526134 -0.887498 
-0.876587 -0.968473 -0.966277 -0.490541 -0.978595 -0.991599 
-0.876587 -0.968473 -0.966277 -0.941898 -0.85198 -0.446246 
-0.876587 -0.951979 -0.526134 -0.971364 -0.544976 -0.845644 
-0.876587 -0.951979 -0.526134 -0.490541 -0.978595 -0.997695 
-0.876587 -0.951979 -0.526134 -0.941898 -0.85198 -0.557213 
-0.876587 -0.971364 -0.544976 -0.941898 -0.85198 -0.971211 
-0.876587 -0.490541 -0.978595 -0.941898 -0.85198 -0.98631 
-0.968473 -0.951979 -0.887498 -0.965371 -0.823031 -0.998598 
-0.968473 -0.951979 -0.887498 -0.490541 -0.991599 -0.997695 
-0.968473 -0.951979 -0.887498 -0.99141 -0.512082 -0.98551 
-0.968473 -0.951979 -0.887498 -0.941898 -0.446246 -0.557213 
-0.968473 -0.966444 -0.999837 -0.965371 -0.823031 -0.864803 
-0.968473 -0.966444 -0.999837 -0.490541 -0.991599 -0.979573 
-0.968473 -0.966444 -0.999837 -0.967454 -0.958032 -0.509284 
-0.968473 -0.966444 -0.999837 -0.99141 -0.512082 -0.983123 
-0.968473 -0.965371 -0.823031 -0.490541 -0.991599 -0.978574 
-0.968473 -0.965371 -0.823031 -0.967454 -0.958032 -0.443579 
-0.968473 -0.965371 -0.823031 -0.99141 -0.512082 -0.538098 
-0.968473 -0.965371 -0.823031 -0.941898 -0.446246 -0.942841 
-0.968473 -0.490541 -0.991599 -0.967454 -0.958032 -0.977916 
-0.968473 -0.490541 -0.991599 -0.941898 -0.446246 -0.98631 
-0.968473 -0.967454 -0.958032 -0.99141 -0.512082 -0.881812 
-0.968473 -0.967454 -0.958032 -0.941898 -0.446246 -0.990963 
-0.968473 -0.99141 -0.512082 -0.941898 -0.446246 -0.871766 
-0.979338 -0.490541 -0.859877 -0.867547 -0.483735 -0.436878 
-0.982026 -0.966444 -0.423151 -0.965371 -0.974302 -0.864803 
-0.982026 -0.966444 -0.423151 -0.490541 -0.991825 -0.979573 
-0.982026 -0.966444 -0.423151 -0.967454 -0.870111 -0.509284 
-0.982026 -0.965371 -0.974302 -0.490541 -0.991825 -0.978574 
-0.982026 -0.965371 -0.974302 -0.967454 -0.870111 -0.443579 
-0.982026 -0.490541 -0.991825 -0.967454 -0.870111 -0.977916 
-0.951979 -0.971364 -0.845644 -0.941898 -0.557213 -0.971211 
-0.951979 -0.965371 -0.998598 -0.490541 -0.997695 -0.978574 
-0.951979 -0.965371 -0.998598 -0.99141 -0.98551 -0.538098 
-0.951979 -0.965371 -0.998598 -0.941898 -0.557213 -0.942841 
-0.951979 -0.490541 -0.997695 -0.941898 -0.557213 -0.98631 
-0.951979 -0.99141 -0.98551 -0.941898 -0.557213 -0.871766 
-0.966444 -0.965371 -0.864803 -0.490541 -0.979573 -0.978574 
-0.966444 -0.965371 -0.864803 -0.967454 -0.509284 -0.443579 
-0.966444 -0.965371 -0.864803 -0.99141 -0.983123 -0.538098 
-0.966444 -0.490541 -0.979573 -0.967454 -0.509284 -0.977916 
-0.966444 -0.967454 -0.509284 -0.99141 -0.983123 -0.881812 
-0.965371 -0.490541 -0.978574 -0.967454 -0.443579 -0.977916 
-0.965371 -0.490541 -0.978574 -0.867547 -0.999598 -0.436878 
-0.965371 -0.490541 -0.978574 -0.941898 -0.942841 -0.98631 
-0.965371 -0.967454 -0.443579 -0.99141 -0.538098 -0.881812 
-0.965371 -0.967454 -0.443579 -0.867547 -0.999598 -0.999324 
-0.965371 -0.967454 -0.443579 -0.941898 -0.942841 -0.990963 
-0.965371 -0.99141 -0.538098 -0.941898 -0.942841 -0.871766 
-0.490541 -0.967454 -0.977916 -0.867547 -0.436878 -0.999324 
-0.490541 -0.967454 -0.977916 -0.941898 -0.98631 -0.990963 
-0.967454 -0.99141 -0.881812 -0.941898 -0.990963 -0.871766 
-0.486842 -0.848846 -0.970443 -0.410701 -0.852132 -0.481013 
-0.848846 -0.410701 -0.481013 -0.969968 -0.463923 -0.858588 
-0.979941 -0.537628 -0.86644 -0.874203 -0.482545 -0.443887 
-0.537628 -0.442089 -0.86476 -0.874203 -0.443887 -0.96779 
-0.537628 -0.442089 -0.86476 -0.859224 -0.977188 -0.455627 
-0.442089 -0.859224 -0.455627 -0.975508 -0.860499 -0.452031 
-0.529218 -0.949127 -0.966277 -0.813024 -0.526134 -0.887498 
-0.529218 -0.949127 -0.966277 -0.964219 -0.836044 -0.971591 
-0.529218 -0.949127 -0.966277 -0.849551 -0.978595 -0.991599 
-0.529218 -0.949127 -0.966277 -0.864457 -0.85198 -0.446246 
-0.529218 -0.813024 -0.526134 -0.964219 -0.836044 -0.517974 
-0.529218 -0.813024 -0.526134 -0.866283 -0.544976 -0.845644 
-0.529218 -0.813024 -0.526134 -0.849551 -0.978595 -0.997695 
-0.529218 -0.813024 -0.526134 -0.864457 -0.85198 -0.557213 
-0.529218 -0.964219 -0.836044 -0.866283 -0.544976 -0.907494 
-0.529218 -0.964219 -0.836044 -0.864457 -0.85198 -0.8604 
-0.529218 -0.866283 -0.544976 -0.864457 -0.85198 -0.971211 
-0.529218 -0.849551 -0.978595 -0.864457 -0.85198 -0.98631 
-0.949127 -0.813024 -0.887498 -0.964219 -0.971591 -0.517974 
-0.949127 -0.813024 -0.887498 -0.981426 -0.823031 -0.998598 
-0.949127 -0.813024 -0.887498 -0.849551 -0.991599 -0.997695 
-0.949127 -0.813024 -0.887498 -0.99184 -0.512082 -0.98551 
-0.949127 -0.813024 -0.887498 -0.864457 -0.446246 -0.557213 
-0.949127 -0.993318 -0.999837 -0.981426 -0.823031 -0.864803 
-0.949127 -0.993318 -0.999837 -0.849551 -0.991599 -0.979573 
-0.949127 -0.993318 -0.999837 -0.990571 -0.958032 -0.509284 
-0.949127 -0.993318 -0.999837 -0.99184 -0.512082 -0.983123 
-0.949127 -0.964219 -0.971591 -0.864457 -0.446246 -0.8604 
-0.949127 -0.981426 -0.823031 -0.849551 -0.991599 -0.978574 
-0.949127 -0.981426 -0.823031 -0.990571 -0.958032 -0.443579 
-0.949127 -0.981426 -0.823031 -0.99184 -0.512082 -0.538098 
-0.949127 -0.981426 -0.823031 -0.864457 -0.446246 -0.942841 
-0.949127 -0.849551 -0.991599 -0.990571 -0.958032 -0.977916 
-0.949127 -0.849551 -0.991599 -0.864457 -0.446246 -0.98631 
-0.949127 -0.990571 -0.958032 -0.99184 -0.512082 -0.881812 
-0.949127 -0.990571 -0.958032 -0.864457 -0.446246 -0.990963 
-0.949127 -0.99184 -0.512082 -0.864457 -0.446246 -0.871766 
-0.813024 -0.964219 -0.517974 -0.866283 -0.845644 -0.907494 
-0.813024 -0.964219 -0.517974 -0.864457 -0.557213 -0.8604 
-0.813024 -0.866283 -0.845644 -0.864457 -0.557213 -0.971211 
-0.813024 -0.981426 -0.998598 -0.849551 -0.997695 -0.978574 
-0.813024 -0.981426 -0.998598 -0.99184 -0.98551 -0.538098 
-0.813024 -0.981426 -0.998598 -0.864457 -0.557213 -0.942841 
-0.813024 -0.849551 -0.997695 -0.864457 -0.557213 -0.98631 
-0.813024 -0.99184 -0.98551 -0.864457 -0.557213 -0.871766 
-0.993318 -0.981426 -0.864803 -0.849551 -0.979573 -0.978574 
-0.993318 -0.981426 -0.864803 -0.990571 -0.509284 -0.443579 
-0.993318 -0.981426 -0.864803 -0.99184 -0.983123 -0.538098 
-0.993318 -0.849551 -0.979573 -0.990571 -0.509284 -0.977916 
-0.993318 -0.990571 -0.509284 -0.99184 -0.983123 -0.881812 
-0.964219 -0.866283 -0.907494 -0.864457 -0.8604 -0.971211 
-0.981426 -0.849551 -0.978574 -0.990571 -0.443579 -0.977916 
-0.981426 -0.849551 -0.978574 -0.969067 -0.999598 -0.436878 
-0.981426 -0.849551 -0.978574 -0.864457 -0.942841 -0.98631 
-0.981426 -0.990571 -0.443579 -0.99184 -0.538098 -0.881812 
-0.981426 -0.990571 -0.443579 -0.969067 -0.999598 -0.999324 
-0.981426 -0.990571 -0.443579 -0.864457 -0.942841 -0.990963 
-0.981426 -0.99184 -0.538098 -0.864457 -0.942841 -0.871766 
-0.849551 -0.990571 -0.977916 -0.969067 -0.436878 -0.999324 
-0.849551 -0.990571 -0.977916 -0.864457 -0.98631 -0.990963 
-0.990571 -0.99184 -0.881812 -0.864457 -0.990963 -0.871766 
-0.50327 -0.945855 -0.998088 -0.977418 -0.99406 -0.861277 
-0.981042 -0.945855 -0.452031 -0.977418 -0.974884 -0.861277 
-0.871632 -0.966686 -0.505894 -0.950747 -0.522132 -0.837957 
-0.871632 -0.966686 -0.505894 -0.419714 -0.516878 -0.850234 
-0.871632 -0.966686 -0.505894 -0.994718 -0.88212 -0.966814 
-0.871632 -0.482545 -0.981328 -0.419714 -0.516878 -0.858448 
-0.871632 -0.950747 -0.522132 -0.419714 -0.516878 -0.814115 
-0.871632 -0.950747 -0.522132 -0.994718 -0.88212 -0.468107 
-0.871632 -0.419714 -0.516878 -0.994718 -0.88212 -0.953827 
-0.966686 -0.950747 -0.837957 -0.419714 -0.850234 -0.814115 
-0.966686 -0.950747 -0.837957 -0.994718 -0.966814 -0.468107 
-0.966686 -0.419714 -0.850234 -0.994718 -0.966814 -0.953827 
-0.86644 -0.482545 -0.443887 -0.419714 -0.975322 -0.858448 
-0.950747 -0.419714 -0.814115 -0.994718 -0.468107 -0.953827 
-0.505894 -0.522132 -0.837957 -0.516878 -0.850234 -0.814115 
-0.505894 -0.522132 -0.837957 -0.88212 -0.966814 -0.468107 
-0.505894 -0.975153 -0.852294 -0.516878 -0.850234 -0.999607 
-0.505894 -0.516878 -0.850234 -0.88212 -0.966814 -0.953827 
-0.978522 -0.522132 -0.853008 -0.516878 -0.994574 -0.814115 
-0.978522 -0.522132 -0.853008 -0.88212 -0.457148 -0.468107 
-0.978522 -0.516878 -0.994574 -0.88212 -0.457148 -0.953827 
-0.522132 -0.516878 -0.814115 -0.88212 -0.468107 -0.953827 
-0.845603 -0.420969 -0.472392 -0.965523 -0.390452 -0.847505 
-0.845603 -0.420969 -0.472392 -0.475384 -0.972543 -0.85942 
-0.420969 -0.857337 -0.971998 -0.475384 -0.85942 -0.444415 
-0.857337 -0.968415 -0.472152 -0.475384 -0.444415 -0.851758 
-0.966277 -0.526134 -0.887498 -0.836044 -0.971591 -0.517974 
-0.966277 -0.526134 -0.887498 -0.978595 -0.991599 -0.997695 
-0.966277 -0.526134 -0.887498 -0.85198 -0.446246 -0.557213 
-0.966277 -0.836044 -0.971591 -0.85198 -0.446246 -0.8604 
-0.966277 -0.978595 -0.991599 -0.85198 -0.446246 -0.98631 
-0.526134 -0.836044 -0.517974 -0.544976 -0.845644 -0.907494 
-0.526134 -0.836044 -0.517974 -0.958397 -0.87718 -0.444249 
-0.526134 -0.836044 -0.517974 -0.85198 -0.557213 -0.8604 
-0.526134 -0.544976 -0.845644 -0.958397 -0.87718 -0.968212 
-0.526134 -0.544976 -0.845644 -0.85198 -0.557213 -0.971211 
-0.526134 -0.958397 -0.87718 -0.85198 -0.557213 -0.972889 
-0.526134 -0.978595 -0.997695 -0.85198 -0.557213 -0.98631 
-0.982741 -0.836044 -0.997813 -0.544976 -0.861277 -0.907494 
-0.836044 -0.544976 -0.907494 -0.958397 -0.444249 -0.968212 
-0.836044 -0.544976 -0.907494 -0.85198 -0.8604 -0.971211 
-0.836044 -0.958397 -0.444249 -0.85198 -0.8604 -0.972889 
-0.544976 -0.958397 -0.968212 -0.85198 -0.971211 -0.972889 
-0.837957 -0.850234 -0.814115 -0.966814 -0.468107 -0.953827 
-0.864823 -0.481013 -0.978057 -0.463923 -0.477031 -0.858588 
-0.864823 -0.463923 -0.477031 -0.970189 -0.423151 -0.853492 
-0.887498 -0.971591 -0.517974 -0.446246 -0.557213 -0.8604 
-0.887498 -0.823031 -0.998598 -0.991599 -0.997695 -0.978574 
-0.887498 -0.823031 -0.998598 -0.512082 -0.98551 -0.538098 
-0.887498 -0.823031 -0.998598 -0.446246 -0.557213 -0.942841 
-0.887498 -0.991599 -0.997695 -0.446246 -0.557213 -0.98631 
-0.887498 -0.512082 -0.98551 -0.446246 -0.557213 -0.871766 
-0.999837 -0.823031 -0.864803 -0.991599 -0.979573 -0.978574 
-0.999837 -0.823031 -0.864803 -0.958032 -0.509284 -0.443579 
-0.999837 -0.823031 -0.864803 -0.512082 -0.983123 -0.538098 
-0.999837 -0.991599 -0.979573 -0.958032 -0.509284 -0.977916 
-0.999837 -0.958032 -0.509284 -0.512082 -0.983123 -0.881812 
-0.823031 -0.991599 -0.978574 -0.958032 -0.443579 -0.977916 
-0.823031 -0.991599 -0.978574 -0.446246 -0.942841 -0.98631 
-0.823031 -0.958032 -0.443579 -0.512082 -0.538098 -0.881812 
-0.823031 -0.958032 -0.443579 -0.971481 -0.961643 -0.998322 
-0.823031 -0.958032 -0.443579 -0.446246 -0.942841 -0.990963 
-0.823031 -0.512082 -0.538098 -0.971481 -0.961643 -0.875854 
-0.823031 -0.512082 -0.538098 -0.446246 -0.942841 -0.871766 
-0.991599 -0.958032 -0.977916 -0.446246 -0.98631 -0.990963 
-0.958032 -0.512082 -0.881812 -0.971481 -0.998322 -0.875854 
-0.958032 -0.512082 -0.881812 -0.446246 -0.990963 -0.871766 
-0.96882 -0.979424 -0.45719 -0.431898 -0.985612 -0.980821 
-0.96882 -0.979424 -0.45719 -0.98366 -0.871046 -0.514806 
-0.96882 -0.979424 -0.45719 -0.483735 -0.974988 -0.994027 
-0.96882 -0.431898 -0.985612 -0.98366 -0.871046 -0.968201 
-0.96882 -0.431898 -0.985612 -0.483735 -0.974988 -0.863366 
-0.979424 -0.431898 -0.980821 -0.98366 -0.514806 -0.968201 
-0.979424 -0.431898 -0.980821 -0.483735 -0.994027 -0.863366 
-0.431898 -0.971196 -0.847665 -0.98366 -0.968201 -0.984982 
-0.431898 -0.971196 -0.847665 -0.853298 -0.452934 -0.465133 
-0.431898 -0.98366 -0.968201 -0.853298 -0.452934 -0.984117 
-0.431898 -0.853298 -0.452934 -0.483735 -0.863366 -0.976273 
-0.431898 -0.859877 -0.97261 -0.483735 -0.863366 -0.436878 
-0.971196 -0.98366 -0.984982 -0.853298 -0.465133 -0.984117 
-0.98114 -0.45719 -0.879275 -0.985612 -0.994613 -0.980821 
-0.98114 -0.45719 -0.879275 -0.871046 -0.481414 -0.514806 
-0.98114 -0.985612 -0.994613 -0.871046 -0.481414 -0.968201 
-0.45719 -0.985612 -0.980821 -0.871046 -0.514806 -0.968201 
-0.45719 -0.985612 -0.980821 -0.974988 -0.994027 -0.863366 
-0.879275 -0.994613 -0.980821 -0.481414 -0.514806 -0.968201 
-0.879275 -0.481414 -0.514806 -0.457148 -0.980944 -0.868883 
-0.994613 -0.984927 -0.847665 -0.481414 -0.968201 -0.984982 
-0.994613 -0.984927 -0.847665 -0.995511 -0.452934 -0.465133 
-0.994613 -0.481414 -0.968201 -0.995511 -0.452934 -0.984117 
-0.984927 -0.481414 -0.984982 -0.995511 -0.465133 -0.984117 
-0.984927 -0.481414 -0.984982 -0.457148 -0.997587 -0.868883 
-0.481414 -0.853008 -0.975986 -0.457148 -0.868883 -0.468107 
-0.853008 -0.994574 -0.814115 -0.457148 -0.468107 -0.953827 
-0.847665 -0.968201 -0.984982 -0.452934 -0.465133 -0.984117 
-0.477031 -0.423151 -0.853492 -0.870111 -0.978941 -0.509284 
-0.423151 -0.974302 -0.864803 -0.991825 -0.979573 -0.978574 
-0.423151 -0.974302 -0.864803 -0.870111 -0.509284 -0.443579 
-0.423151 -0.991825 -0.979573 -0.870111 -0.509284 -0.977916 
-0.974302 -0.991825 -0.978574 -0.870111 -0.443579 -0.977916 
-0.517974 -0.845644 -0.907494 -0.87718 -0.444249 -0.968212 
-0.517974 -0.845644 -0.907494 -0.557213 -0.8604 -0.971211 
-0.517974 -0.87718 -0.444249 -0.557213 -0.8604 -0.972889 
-0.845644 -0.87718 -0.968212 -0.557213 -0.971211 -0.972889 
-0.998598 -0.997695 -0.978574 -0.557213 -0.942841 -0.98631 
-0.998598 -0.98551 -0.538098 -0.557213 -0.942841 -0.871766 
-0.864803 -0.979573 -0.978574 -0.509284 -0.443579 -0.977916 
-0.864803 -0.509284 -0.443579 -0.983123 -0.538098 -0.881812 
-0.907494 -0.444249 -0.968212 -0.8604 -0.971211 -0.972889 
-0.978574 -0.443579 -0.977916 -0.999598 -0.436878 -0.999324 
-0.978574 -0.443579 -0.977916 -0.942841 -0.98631 -0.990963 
-0.443579 -0.538098 -0.881812 -0.961643 -0.998322 -0.875854 
-0.443579 -0.538098 -0.881812 -0.942841 -0.990963 -0.871766 
