-0.967185 -0.461423 -0.988475 
-0.967185 -0.467109 -0.911969 
-0.967185 -0.849159 -0.999365 
-0.967185 -0.996868 -0.968437 
-0.967185 -0.854216 -0.930171 
-0.967185 -0.996125 -0.875441 
-0.967185 -0.849537 -0.977139 
-0.967185 -0.995465 -0.858795 
-0.967185 -0.980203 -0.469657 
-0.967185 -0.972057 -0.440773 
-0.461423 -0.467109 -0.697864 
-0.461423 -0.983345 -0.996356 
-0.461423 -0.849159 -0.466171 
-0.461423 -0.996868 -0.999748 
-0.461423 -0.854216 -0.859436 
-0.461423 -0.982751 -0.998012 
-0.461423 -0.98264 -0.984029 
-0.461423 -0.991451 -0.984808 
-0.461423 -0.974183 -0.985619 
-0.461423 -0.849537 -0.69629 
-0.461423 -0.980203 -0.998507 
-0.461423 -0.972057 -0.987563 
-0.467109 -0.849159 -0.855586 
-0.467109 -0.996868 -0.999419 
-0.467109 -0.854216 -0.477139 
-0.467109 -0.996125 -0.992217 
-0.467109 -0.98264 -0.994053 
-0.467109 -0.991451 -0.995975 
-0.467109 -0.974183 -0.99279 
-0.467109 -0.849537 -0.696161 
-0.467109 -0.995465 -0.969182 
-0.467109 -0.980203 -0.929748 
-0.467109 -0.972057 -0.947644 
-0.983345 -0.991871 -0.857937 
-0.983345 -0.982751 -0.426276 
-0.983345 -0.98264 -0.851015 
-0.983345 -0.991451 -0.968447 
-0.983345 -0.99826 -0.997508 
-0.983345 -0.974183 -0.508293 
-0.983345 -0.995653 -0.963117 
-0.849159 -0.854216 -0.864069 
-0.849159 -0.98264 -0.991838 
-0.849159 -0.991451 -0.982408 
-0.849159 -0.974183 -0.998497 
-0.849159 -0.849537 -0.48971 
-0.849159 -0.972057 -0.999381 
-0.991871 -0.982751 -0.480299 
-0.991871 -0.98264 -0.998002 
-0.991871 -0.99826 -0.840709 
-0.991871 -0.974183 -0.968656 
-0.991871 -0.995653 -0.404493 
-0.996868 -0.996125 -0.522488 
-0.996868 -0.972057 -0.85807 
-0.854216 -0.996125 -0.999818 
-0.854216 -0.991451 -0.998106 
-0.854216 -0.849537 -0.496654 
-0.854216 -0.995465 -0.972324 
-0.854216 -0.980203 -0.937292 
-0.854216 -0.972057 -0.968715 
-0.982751 -0.98264 -0.95953 
-0.982751 -0.991451 -0.997699 
-0.982751 -0.99826 -0.961772 
-0.982751 -0.974183 -0.851253 
-0.982751 -0.995653 -0.843982 
-0.996125 -0.980203 -0.974016 
-0.996125 -0.972057 -0.538177 
-0.98264 -0.991451 -0.465912 
-0.98264 -0.974183 -0.384333 
-0.98264 -0.849537 -0.998864 
-0.991451 -0.974183 -0.839374 
-0.991451 -0.849537 -0.992284 
-0.99826 -0.995653 -0.474495 
-0.974183 -0.995653 -0.997537 
-0.849537 -0.980203 -0.989295 
-0.849537 -0.972057 -0.985285 
-0.995465 -0.980203 -0.445641 
-0.995465 -0.972057 -0.966193 
-0.980203 -0.972057 -0.853086 
-0.994369 -0.990749 -0.875441 
-0.994369 -0.967724 -0.949509 
-0.994369 -0.837153 -0.952457 
-0.994369 -0.991873 -0.440773 
-0.994369 -0.418949 -0.973352 
-0.994369 -0.997674 -0.995879 
-0.988762 -0.859434 -0.863396 
-0.988762 -0.442991 -0.958031 
-0.988762 -0.961226 -0.942162 
-0.988762 -0.947921 -0.413466 
-0.988762 -0.997297 -0.985939 
-0.859434 -0.442991 -0.499267 
-0.859434 -0.837153 -0.998211 
-0.859434 -0.961226 -0.515434 
-0.859434 -0.418949 -0.96646 
-0.859434 -0.947921 -0.510202 
-0.859434 -0.997297 -0.873837 
-0.998753 -0.442991 -0.998695 
-0.998753 -0.997628 -0.414716 
-0.990749 -0.967724 -0.519418 
-0.990749 -0.837153 -0.827964 
-0.990749 -0.991873 -0.538177 
-0.990749 -0.418949 -0.949779 
-0.990749 -0.997674 -0.84383 
-0.442991 -0.967724 -0.999846 
-0.442991 -0.837153 -0.962209 
-0.442991 -0.961226 -0.829869 
-0.442991 -0.418949 -0.844143 
-0.442991 -0.947921 -0.842092 
-0.442991 -0.997297 -0.958159 
-0.997628 -0.418949 -0.999689 
-0.967724 -0.837153 -0.511294 
-0.967724 -0.991873 -0.837522 
-0.967724 -0.418949 -0.868919 
-0.967724 -0.997674 -0.55036 
-0.837153 -0.991873 -0.8991 
-0.837153 -0.418949 -0.437893 
-0.837153 -0.997674 -0.852213 
-0.991873 -0.418949 -0.959551 
-0.991873 -0.997674 -0.962536 
-0.961226 -0.418949 -0.997968 
-0.961226 -0.947921 -0.806132 
-0.961226 -0.997297 -0.461646 
-0.418949 -0.947921 -0.990807 
-0.418949 -0.997674 -0.964207 
-0.947921 -0.997297 -0.945229 
-0.441246 -0.850632 -0.966382 
-0.441246 -0.450961 -0.851127 
-0.441246 -0.985685 -0.982766 
-0.441246 -0.98651 -0.992517 
-0.441246 -0.856181 -0.471343 
-0.441246 -0.965746 -0.856522 
-0.441246 -0.966403 -0.999624 
-0.441246 -0.998616 -0.992612 
-0.441246 -0.999482 -0.992056 
-0.441246 -0.994908 -0.976411 
-0.850632 -0.995869 -0.995126 
-0.850632 -0.450961 -0.458462 
-0.850632 -0.98651 -0.99731 
-0.850632 -0.966403 -0.456599 
-0.995869 -0.450961 -0.98646 
-0.995869 -0.985685 -0.857937 
-0.995869 -0.98651 -0.426276 
-0.995869 -0.998616 -0.963117 
-0.450961 -0.985685 -0.991034 
-0.450961 -0.98651 -0.982759 
-0.450961 -0.856181 -0.969063 
-0.450961 -0.965746 -0.999795 
-0.450961 -0.966403 -0.859028 
-0.985685 -0.98651 -0.480299 
-0.985685 -0.856181 -0.99248 
-0.985685 -0.998616 -0.404493 
-0.98651 -0.998616 -0.843982 
-0.856181 -0.965746 -0.450778 
-0.856181 -0.998616 -0.995599 
-0.856181 -0.999482 -0.991981 
-0.856181 -0.994908 -0.966297 
-0.965746 -0.994908 -0.985252 
-0.999482 -0.994908 -0.430555 
-0.856865 -0.970358 -0.458462 
-0.856865 -0.466069 -0.456599 
-0.856865 -0.455526 -0.96989 
-0.970358 -0.466069 -0.859028 
-0.998105 -0.455526 -0.991973 
-0.998105 -0.857004 -0.988756 
-0.999239 -0.986346 -0.997528 
-0.999239 -0.964995 -0.425596 
-0.999239 -0.455526 -0.962521 
-0.999239 -0.994116 -0.974931 
-0.999239 -0.857004 -0.845142 
-0.986346 -0.964995 -0.985836 
-0.986346 -0.455526 -0.976192 
-0.986346 -0.994116 -0.474895 
-0.986346 -0.857004 -0.98673 
-0.986346 -0.989069 -0.450736 
-0.999226 -0.466069 -0.998525 
-0.466069 -0.964995 -0.999952 
-0.466069 -0.455526 -0.85925 
-0.466069 -0.857004 -0.968776 
-0.466069 -0.989069 -0.998937 
-0.964995 -0.455526 -0.839534 
-0.964995 -0.994116 -0.95954 
-0.964995 -0.857004 -0.44654 
-0.455526 -0.994116 -0.976246 
-0.455526 -0.857004 -0.458685 
-0.455526 -0.989069 -0.988796 
-0.994116 -0.857004 -0.975386 
-0.994116 -0.989069 -0.860658 
-0.857004 -0.989069 -0.999301 
-0.988475 -0.911969 -0.697864 
-0.988475 -0.999365 -0.466171 
-0.988475 -0.968437 -0.999748 
-0.988475 -0.930171 -0.859436 
-0.988475 -0.977139 -0.69629 
-0.988475 -0.469657 -0.998507 
-0.988475 -0.440773 -0.987563 
-0.911969 -0.999365 -0.855586 
-0.911969 -0.968437 -0.999419 
-0.911969 -0.930171 -0.477139 
-0.911969 -0.875441 -0.992217 
-0.911969 -0.96987 -0.996534 
-0.911969 -0.977139 -0.696161 
-0.911969 -0.858795 -0.969182 
-0.911969 -0.469657 -0.929748 
-0.911969 -0.440773 -0.947644 
-0.999365 -0.930171 -0.864069 
-0.999365 -0.977139 -0.48971 
-0.999365 -0.440773 -0.999381 
-0.998141 -0.968437 -0.418845 
-0.998141 -0.875441 -0.868329 
-0.998141 -0.949509 -0.943389 
-0.998141 -0.952457 -0.994955 
-0.998141 -0.440773 -0.962688 
-0.998141 -0.995879 -0.933352 
-0.968437 -0.875441 -0.522488 
-0.968437 -0.949509 -0.805045 
-0.968437 -0.952457 -0.955575 
-0.968437 -0.440773 -0.85807 
-0.968437 -0.973352 -0.995316 
-0.968437 -0.995879 -0.856252 
-0.930171 -0.875441 -0.999818 
-0.930171 -0.96987 -0.996313 
-0.930171 -0.977139 -0.496654 
-0.930171 -0.858795 -0.972324 
-0.930171 -0.469657 -0.937292 
-0.930171 -0.440773 -0.968715 
-0.875441 -0.949509 -0.519418 
-0.875441 -0.469657 -0.974016 
-0.875441 -0.952457 -0.827964 
-0.875441 -0.440773 -0.538177 
-0.875441 -0.973352 -0.949779 
-0.875441 -0.995879 -0.84383 
-0.96987 -0.858795 -0.449221 
-0.96987 -0.469657 -0.852312 
-0.977139 -0.469657 -0.989295 
-0.977139 -0.440773 -0.985285 
-0.858795 -0.469657 -0.445641 
-0.858795 -0.440773 -0.966193 
-0.949509 -0.469657 -0.992079 
-0.949509 -0.952457 -0.511294 
-0.949509 -0.440773 -0.837522 
-0.949509 -0.973352 -0.868919 
-0.949509 -0.995879 -0.55036 
-0.469657 -0.952457 -0.989021 
-0.469657 -0.440773 -0.853086 
-0.469657 -0.973352 -0.993606 
-0.952457 -0.440773 -0.8991 
-0.952457 -0.973352 -0.437893 
-0.952457 -0.995879 -0.852213 
-0.440773 -0.973352 -0.959551 
-0.440773 -0.995879 -0.962536 
-0.973352 -0.995879 -0.964207 
-0.697864 -0.466171 -0.855586 
-0.697864 -0.999748 -0.999419 
-0.697864 -0.859436 -0.477139 
-0.697864 -0.984029 -0.994053 
-0.697864 -0.984808 -0.995975 
-0.697864 -0.985619 -0.99279 
-0.697864 -0.69629 -0.696161 
-0.697864 -0.998507 -0.929748 
-0.697864 -0.987563 -0.947644 
-0.996356 -0.998012 -0.426276 
-0.996356 -0.998958 -0.999239 
-0.996356 -0.984029 -0.851015 
-0.996356 -0.984808 -0.968447 
-0.996356 -0.985619 -0.508293 
-0.466171 -0.859436 -0.864069 
-0.466171 -0.998958 -0.992849 
-0.466171 -0.984029 -0.991838 
-0.466171 -0.984808 -0.982408 
-0.466171 -0.985619 -0.998497 
-0.466171 -0.69629 -0.48971 
-0.466171 -0.987563 -0.999381 
-0.999748 -0.987563 -0.85807 
-0.859436 -0.984808 -0.998106 
-0.859436 -0.69629 -0.496654 
-0.859436 -0.998507 -0.937292 
-0.859436 -0.987563 -0.968715 
-0.998012 -0.984029 -0.95953 
-0.998012 -0.984808 -0.997699 
-0.998012 -0.985619 -0.851253 
-0.998958 -0.984029 -0.837481 
-0.998958 -0.984808 -0.414716 
-0.998958 -0.985619 -0.956873 
-0.998958 -0.69629 -0.996874 
-0.984029 -0.984808 -0.465912 
-0.984029 -0.985619 -0.384333 
-0.984029 -0.69629 -0.998864 
-0.984808 -0.985619 -0.839374 
-0.984808 -0.69629 -0.992284 
-0.69629 -0.998507 -0.989295 
-0.69629 -0.987563 -0.985285 
-0.998507 -0.987563 -0.853086 
-0.966382 -0.851127 -0.458462 
-0.966382 -0.992517 -0.99731 
-0.966382 -0.999624 -0.456599 
-0.851127 -0.982766 -0.991034 
-0.851127 -0.992517 -0.982759 
-0.851127 -0.471343 -0.969063 
-0.851127 -0.856522 -0.999795 
-0.851127 -0.999624 -0.859028 
-0.982766 -0.992517 -0.480299 
-0.982766 -0.471343 -0.99248 
-0.982766 -0.992612 -0.404493 
-0.992517 -0.992612 -0.843982 
-0.983914 -0.471343 -0.960156 
-0.983914 -0.856522 -0.970713 
-0.983914 -0.997838 -0.425596 
-0.983914 -0.972643 -0.974931 
-0.983914 -0.992056 -0.851692 
-0.983914 -0.976411 -0.477205 
-0.471343 -0.856522 -0.450778 
-0.471343 -0.997838 -0.976874 
-0.471343 -0.992612 -0.995599 
-0.471343 -0.972643 -0.862813 
-0.471343 -0.992056 -0.991981 
-0.471343 -0.976411 -0.966297 
-0.856522 -0.997838 -0.972104 
-0.856522 -0.972643 -0.50814 
-0.856522 -0.976411 -0.985252 
-0.999624 -0.997838 -0.999952 
-0.997838 -0.972643 -0.95954 
-0.997838 -0.992056 -0.963929 
-0.997838 -0.976411 -0.855166 
-0.972643 -0.976411 -0.994187 
-0.992056 -0.976411 -0.430555 
-0.855586 -0.477139 -0.864069 
-0.855586 -0.994053 -0.991838 
-0.855586 -0.995975 -0.982408 
-0.855586 -0.99279 -0.998497 
-0.855586 -0.696161 -0.48971 
-0.855586 -0.947644 -0.999381 
-0.999419 -0.992217 -0.522488 
-0.999419 -0.947644 -0.85807 
-0.477139 -0.992217 -0.999818 
-0.477139 -0.996534 -0.996313 
-0.477139 -0.995975 -0.998106 
-0.477139 -0.696161 -0.496654 
-0.477139 -0.969182 -0.972324 
-0.477139 -0.929748 -0.937292 
-0.477139 -0.947644 -0.968715 
-0.992217 -0.929748 -0.974016 
-0.992217 -0.947644 -0.538177 
-0.994053 -0.995975 -0.465912 
-0.994053 -0.99279 -0.384333 
-0.994053 -0.696161 -0.998864 
-0.996534 -0.969182 -0.449221 
-0.996534 -0.929748 -0.852312 
-0.995975 -0.99279 -0.839374 
-0.995975 -0.696161 -0.992284 
-0.696161 -0.929748 -0.989295 
-0.696161 -0.947644 -0.985285 
-0.969182 -0.929748 -0.445641 
-0.969182 -0.947644 -0.966193 
-0.929748 -0.947644 -0.853086 
-0.995126 -0.458462 -0.98646 
-0.995126 -0.99731 -0.426276 
-0.996524 -0.456599 -0.995781 
-0.458462 -0.99731 -0.982759 
-0.458462 -0.456599 -0.859028 
-0.456599 -0.96989 -0.85925 
-0.99735 -0.852526 -0.849163 
-0.99735 -0.434098 -0.959752 
-0.99735 -0.964294 -0.468891 
-0.851082 -0.997073 -0.991037 
-0.851082 -0.829493 -0.815009 
-0.851082 -0.852526 -0.998502 
-0.851082 -0.950684 -0.949415 
-0.851082 -0.508102 -0.505427 
-0.851082 -0.434098 -0.962805 
-0.851082 -0.966245 -0.439881 
-0.997073 -0.829493 -0.856596 
-0.997073 -0.950684 -0.502642 
-0.997073 -0.508102 -0.974396 
-0.997073 -0.966245 -0.999205 
-0.829493 -0.852526 -0.994822 
-0.829493 -0.950684 -0.437226 
-0.829493 -0.508102 -0.531329 
-0.829493 -0.434098 -0.95301 
-0.829493 -0.966245 -0.934291 
-0.852526 -0.508102 -0.972143 
-0.852526 -0.434098 -0.465673 
-0.852526 -0.964294 -0.438059 
-0.950684 -0.508102 -0.873531 
-0.950684 -0.434098 -0.989528 
-0.950684 -0.966245 -0.982202 
-0.508102 -0.434098 -0.867599 
-0.508102 -0.966245 -0.863528 
-0.434098 -0.964294 -0.843609 
-0.434098 -0.966245 -0.998225 
-0.98646 -0.857937 -0.991034 
-0.98646 -0.426276 -0.982759 
-0.857937 -0.426276 -0.480299 
-0.857937 -0.851015 -0.998002 
-0.857937 -0.997508 -0.840709 
-0.857937 -0.508293 -0.968656 
-0.857937 -0.963117 -0.404493 
-0.426276 -0.851015 -0.95953 
-0.426276 -0.968447 -0.997699 
-0.426276 -0.997508 -0.961772 
-0.426276 -0.508293 -0.851253 
-0.426276 -0.963117 -0.843982 
-0.999239 -0.851015 -0.837481 
-0.999239 -0.968447 -0.414716 
-0.999239 -0.508293 -0.956873 
-0.851015 -0.968447 -0.465912 
-0.851015 -0.508293 -0.384333 
-0.968447 -0.508293 -0.839374 
-0.997508 -0.963117 -0.474495 
-0.508293 -0.963117 -0.997537 
-0.864069 -0.982408 -0.998106 
-0.864069 -0.48971 -0.496654 
-0.864069 -0.999381 -0.968715 
-0.992849 -0.991838 -0.837481 
-0.992849 -0.982408 -0.414716 
-0.992849 -0.998497 -0.956873 
-0.992849 -0.48971 -0.996874 
-0.991838 -0.982408 -0.465912 
-0.991838 -0.998497 -0.384333 
-0.991838 -0.48971 -0.998864 
-0.982408 -0.998497 -0.839374 
-0.982408 -0.48971 -0.992284 
-0.48971 -0.995781 -0.998525 
-0.48971 -0.999381 -0.985285 
-0.418845 -0.868329 -0.522488 
-0.418845 -0.95981 -0.94055 
-0.418845 -0.970627 -0.9988 
-0.418845 -0.973303 -0.993454 
-0.418845 -0.943389 -0.805045 
-0.418845 -0.957791 -0.984546 
-0.418845 -0.994955 -0.955575 
-0.418845 -0.962688 -0.85807 
-0.418845 -0.956722 -0.972707 
-0.418845 -0.483982 -0.841411 
-0.418845 -0.958795 -0.981811 
-0.418845 -0.982647 -0.983074 
-0.418845 -0.859328 -0.960402 
-0.418845 -0.933352 -0.856252 
-0.868329 -0.95981 -0.957624 
-0.868329 -0.943389 -0.519418 
-0.868329 -0.994955 -0.827964 
-0.868329 -0.962688 -0.538177 
-0.868329 -0.956722 -0.995797 
-0.868329 -0.483982 -0.969888 
-0.868329 -0.982647 -0.995363 
-0.868329 -0.859328 -0.999344 
-0.868329 -0.933352 -0.84383 
-0.95981 -0.943389 -0.879192 
-0.95981 -0.957791 -0.991037 
-0.95981 -0.994955 -0.962914 
-0.95981 -0.962688 -0.996194 
-0.95981 -0.956722 -0.815009 
-0.95981 -0.483982 -0.982834 
-0.95981 -0.958795 -0.949415 
-0.95981 -0.982647 -0.505427 
-0.95981 -0.859328 -0.999192 
-0.95981 -0.933352 -0.439881 
-0.970627 -0.483982 -0.851692 
-0.970627 -0.859328 -0.477205 
-0.973303 -0.991811 -0.470531 
-0.973303 -0.957791 -0.416888 
-0.973303 -0.956722 -0.965613 
-0.973303 -0.483982 -0.983059 
-0.973303 -0.958795 -0.861881 
-0.973303 -0.859328 -0.998694 
-0.943389 -0.994955 -0.511294 
-0.943389 -0.962688 -0.837522 
-0.943389 -0.956722 -0.989803 
-0.943389 -0.483982 -0.988904 
-0.943389 -0.982647 -0.976773 
-0.943389 -0.933352 -0.55036 
-0.991811 -0.957791 -0.845335 
-0.991811 -0.956722 -0.999121 
-0.991811 -0.483982 -0.998977 
-0.991811 -0.958795 -0.970232 
-0.957791 -0.956722 -0.856596 
-0.957791 -0.483982 -0.970861 
-0.957791 -0.958795 -0.502642 
-0.957791 -0.982647 -0.974396 
-0.957791 -0.859328 -0.992812 
-0.957791 -0.933352 -0.999205 
-0.994955 -0.962688 -0.8991 
-0.994955 -0.933352 -0.852213 
-0.962688 -0.483982 -0.999332 
-0.962688 -0.933352 -0.962536 
-0.956722 -0.483982 -0.969867 
-0.956722 -0.958795 -0.437226 
-0.956722 -0.982647 -0.531329 
-0.956722 -0.859328 -0.990799 
-0.956722 -0.933352 -0.934291 
-0.483982 -0.958795 -0.969211 
-0.483982 -0.982647 -0.991681 
-0.483982 -0.859328 -0.430555 
-0.483982 -0.933352 -0.977569 
-0.958795 -0.982647 -0.873531 
-0.958795 -0.859328 -0.990525 
-0.958795 -0.933352 -0.982202 
-0.982647 -0.933352 -0.863528 
-0.859328 -0.933352 -0.998918 
-0.991034 -0.982759 -0.480299 
-0.991034 -0.969063 -0.99248 
-0.969063 -0.999795 -0.450778 
-0.480299 -0.998002 -0.95953 
-0.480299 -0.840709 -0.961772 
-0.480299 -0.968656 -0.851253 
-0.480299 -0.404493 -0.843982 
-0.480299 -0.961299 -0.996721 
-0.998002 -0.968656 -0.384333 
-0.840709 -0.999328 -0.856616 
-0.840709 -0.404493 -0.474495 
-0.840709 -0.961299 -0.457481 
-0.968656 -0.404493 -0.997537 
-0.99248 -0.404493 -0.995599 
-0.999328 -0.404493 -0.969353 
-0.999328 -0.961299 -0.470531 
-0.404493 -0.961299 -0.850409 
-0.971228 -0.530861 -0.858227 
-0.971228 -0.435742 -0.995932 
-0.971228 -0.865955 -0.476021 
-0.530861 -0.435742 -0.856554 
-0.530861 -0.865955 -0.437533 
-0.530861 -0.851042 -0.968487 
-0.530861 -0.999754 -0.991973 
-0.435742 -0.865955 -0.95913 
-0.435742 -0.851042 -0.449221 
-0.435742 -0.966814 -0.852312 
-0.865955 -0.851042 -0.996932 
-0.865955 -0.999754 -0.999844 
-0.851042 -0.966814 -0.445641 
-0.522488 -0.94055 -0.957624 
-0.522488 -0.805045 -0.519418 
-0.522488 -0.955575 -0.827964 
-0.522488 -0.85807 -0.538177 
-0.522488 -0.995316 -0.949779 
-0.522488 -0.972707 -0.995797 
-0.522488 -0.841411 -0.969888 
-0.522488 -0.983074 -0.995363 
-0.522488 -0.960402 -0.999344 
-0.522488 -0.856252 -0.84383 
-0.94055 -0.805045 -0.879192 
-0.94055 -0.984546 -0.991037 
-0.94055 -0.955575 -0.962914 
-0.94055 -0.85807 -0.996194 
-0.94055 -0.995316 -0.997084 
-0.94055 -0.972707 -0.815009 
-0.94055 -0.841411 -0.982834 
-0.94055 -0.981811 -0.949415 
-0.94055 -0.983074 -0.505427 
-0.94055 -0.960402 -0.999192 
-0.94055 -0.856252 -0.439881 
-0.9988 -0.841411 -0.851692 
-0.9988 -0.960402 -0.477205 
-0.993454 -0.984546 -0.416888 
-0.993454 -0.972707 -0.965613 
-0.993454 -0.841411 -0.983059 
-0.993454 -0.981811 -0.861881 
-0.993454 -0.960402 -0.998694 
-0.805045 -0.955575 -0.511294 
-0.805045 -0.85807 -0.837522 
-0.805045 -0.995316 -0.868919 
-0.805045 -0.972707 -0.989803 
-0.805045 -0.841411 -0.988904 
-0.805045 -0.983074 -0.976773 
-0.805045 -0.856252 -0.55036 
-0.984546 -0.972707 -0.856596 
-0.984546 -0.841411 -0.970861 
-0.984546 -0.981811 -0.502642 
-0.984546 -0.983074 -0.974396 
-0.984546 -0.960402 -0.992812 
-0.984546 -0.856252 -0.999205 
-0.955575 -0.85807 -0.8991 
-0.955575 -0.995316 -0.437893 
-0.955575 -0.856252 -0.852213 
-0.85807 -0.995316 -0.959551 
-0.85807 -0.841411 -0.999332 
-0.85807 -0.856252 -0.962536 
-0.995316 -0.856252 -0.964207 
-0.972707 -0.841411 -0.969867 
-0.972707 -0.981811 -0.437226 
-0.972707 -0.983074 -0.531329 
-0.972707 -0.960402 -0.990799 
-0.972707 -0.856252 -0.934291 
-0.841411 -0.981811 -0.969211 
-0.841411 -0.983074 -0.991681 
-0.841411 -0.960402 -0.430555 
-0.841411 -0.856252 -0.977569 
-0.981811 -0.983074 -0.873531 
-0.981811 -0.960402 -0.990525 
-0.981811 -0.856252 -0.982202 
-0.983074 -0.856252 -0.863528 
-0.960402 -0.856252 -0.998918 
-0.999818 -0.937292 -0.974016 
-0.999818 -0.968715 -0.538177 
-0.996313 -0.972324 -0.449221 
-0.996313 -0.937292 -0.852312 
-0.998106 -0.496654 -0.992284 
-0.496654 -0.937292 -0.989295 
-0.496654 -0.968715 -0.985285 
-0.972324 -0.937292 -0.445641 
-0.972324 -0.968715 -0.966193 
-0.937292 -0.968715 -0.853086 
-0.863396 -0.958031 -0.499267 
-0.863396 -0.476021 -0.972609 
-0.863396 -0.999675 -0.969815 
-0.863396 -0.942162 -0.515434 
-0.863396 -0.413466 -0.510202 
-0.863396 -0.985939 -0.873837 
-0.958031 -0.476021 -0.996982 
-0.958031 -0.999675 -0.997717 
-0.958031 -0.942162 -0.829869 
-0.958031 -0.413466 -0.842092 
-0.958031 -0.985939 -0.958159 
-0.858227 -0.995932 -0.856554 
-0.858227 -0.476021 -0.437533 
-0.858227 -0.413466 -0.966629 
-0.995932 -0.476021 -0.95913 
-0.476021 -0.942162 -0.993218 
-0.476021 -0.413466 -0.850269 
-0.999675 -0.942162 -0.844854 
-0.999675 -0.413466 -0.985797 
-0.999675 -0.985939 -0.450736 
-0.942162 -0.413466 -0.806132 
-0.942162 -0.985939 -0.461646 
-0.413466 -0.985939 -0.945229 
-0.499267 -0.972609 -0.996982 
-0.499267 -0.969815 -0.997717 
-0.499267 -0.998211 -0.962209 
-0.499267 -0.515434 -0.829869 
-0.499267 -0.96646 -0.844143 
-0.499267 -0.510202 -0.842092 
-0.499267 -0.873837 -0.958159 
-0.972609 -0.515434 -0.993218 
-0.972609 -0.510202 -0.850269 
-0.969815 -0.515434 -0.844854 
-0.969815 -0.510202 -0.985797 
-0.969815 -0.873837 -0.450736 
-0.998211 -0.96646 -0.437893 
-0.515434 -0.96646 -0.997968 
-0.515434 -0.510202 -0.806132 
-0.515434 -0.873837 -0.461646 
-0.96646 -0.510202 -0.990807 
-0.510202 -0.873837 -0.945229 
-0.95953 -0.997699 -0.465912 
-0.95953 -0.851253 -0.384333 
-0.997699 -0.851253 -0.839374 
-0.961772 -0.843982 -0.474495 
-0.961772 -0.996721 -0.457481 
-0.851253 -0.843982 -0.997537 
-0.843982 -0.996721 -0.850409 
-0.837481 -0.414716 -0.465912 
-0.837481 -0.956873 -0.384333 
-0.837481 -0.996874 -0.998864 
-0.837481 -0.849163 -0.997968 
-0.837481 -0.468891 -0.963862 
-0.414716 -0.956873 -0.839374 
-0.414716 -0.996874 -0.992284 
-0.414716 -0.849163 -0.96332 
-0.414716 -0.959752 -0.996166 
-0.414716 -0.468891 -0.851238 
-0.956873 -0.468891 -0.997251 
-0.849163 -0.959752 -0.465673 
-0.849163 -0.468891 -0.438059 
-0.959752 -0.468891 -0.843609 
-0.957624 -0.519418 -0.879192 
-0.957624 -0.827964 -0.962914 
-0.957624 -0.538177 -0.996194 
-0.957624 -0.949779 -0.997084 
-0.957624 -0.995797 -0.815009 
-0.957624 -0.969888 -0.982834 
-0.957624 -0.995363 -0.505427 
-0.957624 -0.999344 -0.999192 
-0.957624 -0.84383 -0.439881 
-0.519418 -0.974016 -0.992079 
-0.519418 -0.827964 -0.511294 
-0.519418 -0.538177 -0.837522 
-0.519418 -0.949779 -0.868919 
-0.519418 -0.995797 -0.989803 
-0.519418 -0.969888 -0.988904 
-0.519418 -0.995363 -0.976773 
-0.519418 -0.84383 -0.55036 
-0.974016 -0.827964 -0.989021 
-0.974016 -0.538177 -0.853086 
-0.974016 -0.949779 -0.993606 
-0.827964 -0.538177 -0.8991 
-0.827964 -0.949779 -0.437893 
-0.827964 -0.84383 -0.852213 
-0.538177 -0.949779 -0.959551 
-0.538177 -0.969888 -0.999332 
-0.538177 -0.84383 -0.962536 
-0.949779 -0.84383 -0.964207 
-0.995797 -0.969888 -0.969867 
-0.995797 -0.995363 -0.531329 
-0.995797 -0.999344 -0.990799 
-0.995797 -0.84383 -0.934291 
-0.969888 -0.995363 -0.991681 
-0.969888 -0.999344 -0.430555 
-0.969888 -0.84383 -0.977569 
-0.995363 -0.84383 -0.863528 
-0.999344 -0.84383 -0.998918 
-0.996982 -0.829869 -0.993218 
-0.996982 -0.842092 -0.850269 
-0.997717 -0.829869 -0.844854 
-0.997717 -0.842092 -0.985797 
-0.997717 -0.958159 -0.450736 
-0.999846 -0.962209 -0.511294 
-0.999846 -0.844143 -0.868919 
-0.962209 -0.844143 -0.437893 
-0.829869 -0.844143 -0.997968 
-0.829869 -0.842092 -0.806132 
-0.829869 -0.958159 -0.461646 
-0.844143 -0.842092 -0.990807 
-0.842092 -0.958159 -0.945229 
-0.465912 -0.384333 -0.839374 
-0.465912 -0.998864 -0.992284 
-0.465912 -0.997968 -0.96332 
-0.465912 -0.963862 -0.851238 
-0.384333 -0.963862 -0.997251 
-0.997968 -0.963862 -0.438059 
-0.856554 -0.437533 -0.95913 
-0.856554 -0.968487 -0.449221 
-0.437533 -0.968487 -0.996932 
-0.437533 -0.991973 -0.999844 
-0.437533 -0.988756 -0.995088 
-0.437533 -0.966629 -0.850269 
-0.991973 -0.988756 -0.458685 
-0.95913 -0.449221 -0.996932 
-0.449221 -0.852312 -0.445641 
-0.839374 -0.851238 -0.997251 
-0.96332 -0.996166 -0.465673 
-0.96332 -0.851238 -0.438059 
-0.996166 -0.851238 -0.843609 
-0.856616 -0.474495 -0.969353 
-0.856616 -0.457481 -0.470531 
-0.856616 -0.961519 -0.416888 
-0.856616 -0.999667 -0.861881 
-0.474495 -0.457481 -0.850409 
-0.474495 -0.961519 -0.999329 
-0.457481 -0.961519 -0.845335 
-0.457481 -0.999667 -0.970232 
-0.961519 -0.999667 -0.502642 
-0.999844 -0.995088 -0.458685 
-0.993218 -0.850269 -0.806132 
-0.879192 -0.962914 -0.511294 
-0.879192 -0.996194 -0.837522 
-0.879192 -0.997084 -0.868919 
-0.879192 -0.815009 -0.989803 
-0.879192 -0.982834 -0.988904 
-0.879192 -0.505427 -0.976773 
-0.879192 -0.439881 -0.55036 
-0.991037 -0.815009 -0.856596 
-0.991037 -0.982834 -0.970861 
-0.991037 -0.949415 -0.502642 
-0.991037 -0.505427 -0.974396 
-0.991037 -0.999192 -0.992812 
-0.991037 -0.439881 -0.999205 
-0.962914 -0.996194 -0.8991 
-0.962914 -0.997084 -0.437893 
-0.962914 -0.439881 -0.852213 
-0.996194 -0.997084 -0.959551 
-0.996194 -0.982834 -0.999332 
-0.996194 -0.439881 -0.962536 
-0.997084 -0.439881 -0.964207 
-0.815009 -0.998502 -0.994822 
-0.815009 -0.982834 -0.969867 
-0.815009 -0.949415 -0.437226 
-0.815009 -0.505427 -0.531329 
-0.815009 -0.962805 -0.95301 
-0.815009 -0.999192 -0.990799 
-0.815009 -0.439881 -0.934291 
-0.998502 -0.505427 -0.972143 
-0.998502 -0.962805 -0.465673 
-0.982834 -0.949415 -0.969211 
-0.982834 -0.505427 -0.991681 
-0.982834 -0.999192 -0.430555 
-0.982834 -0.439881 -0.977569 
-0.949415 -0.505427 -0.873531 
-0.949415 -0.962805 -0.989528 
-0.949415 -0.999192 -0.990525 
-0.949415 -0.439881 -0.982202 
-0.505427 -0.962805 -0.867599 
-0.505427 -0.439881 -0.863528 
-0.962805 -0.439881 -0.998225 
-0.999192 -0.439881 -0.998918 
-0.960156 -0.997528 -0.972422 
-0.960156 -0.970713 -0.450778 
-0.960156 -0.425596 -0.976874 
-0.960156 -0.974931 -0.862813 
-0.960156 -0.845142 -0.99874 
-0.960156 -0.851692 -0.991981 
-0.960156 -0.477205 -0.966297 
-0.997528 -0.970713 -0.871005 
-0.997528 -0.425596 -0.985836 
-0.997528 -0.962521 -0.976192 
-0.997528 -0.974931 -0.474895 
-0.997528 -0.845142 -0.98673 
-0.970713 -0.425596 -0.972104 
-0.970713 -0.962521 -0.998056 
-0.970713 -0.974931 -0.50814 
-0.970713 -0.845142 -0.992274 
-0.970713 -0.477205 -0.985252 
-0.425596 -0.962521 -0.839534 
-0.425596 -0.974931 -0.95954 
-0.425596 -0.845142 -0.44654 
-0.425596 -0.851692 -0.963929 
-0.425596 -0.477205 -0.855166 
-0.962521 -0.974931 -0.976246 
-0.962521 -0.845142 -0.458685 
-0.962521 -0.477205 -0.999558 
-0.974931 -0.845142 -0.975386 
-0.974931 -0.477205 -0.994187 
-0.845142 -0.851692 -0.998505 
-0.845142 -0.477205 -0.967576 
-0.851692 -0.477205 -0.430555 
-0.972422 -0.450778 -0.871005 
-0.972422 -0.976874 -0.985836 
-0.972422 -0.862813 -0.474895 
-0.972422 -0.99874 -0.98673 
-0.450778 -0.976874 -0.972104 
-0.450778 -0.862813 -0.50814 
-0.450778 -0.99874 -0.992274 
-0.450778 -0.966297 -0.985252 
-0.976874 -0.862813 -0.95954 
-0.976874 -0.99874 -0.44654 
-0.976874 -0.991981 -0.963929 
-0.976874 -0.966297 -0.855166 
-0.862813 -0.99874 -0.975386 
-0.862813 -0.966297 -0.994187 
-0.99874 -0.991981 -0.998505 
-0.99874 -0.966297 -0.967576 
-0.991981 -0.966297 -0.430555 
-0.871005 -0.985836 -0.972104 
-0.871005 -0.976192 -0.998056 
-0.871005 -0.474895 -0.50814 
-0.871005 -0.98673 -0.992274 
-0.871005 -0.450736 -0.972227 
-0.985836 -0.976192 -0.839534 
-0.985836 -0.474895 -0.95954 
-0.985836 -0.98673 -0.44654 
-0.976192 -0.474895 -0.976246 
-0.976192 -0.98673 -0.458685 
-0.976192 -0.450736 -0.988796 
-0.474895 -0.98673 -0.975386 
-0.474895 -0.844854 -0.96729 
-0.474895 -0.450736 -0.860658 
-0.98673 -0.450736 -0.999301 
-0.844854 -0.985797 -0.806132 
-0.844854 -0.450736 -0.461646 
-0.985797 -0.450736 -0.945229 
-0.972104 -0.998056 -0.839534 
-0.972104 -0.50814 -0.95954 
-0.972104 -0.992274 -0.44654 
-0.972104 -0.985252 -0.855166 
-0.998056 -0.50814 -0.976246 
-0.998056 -0.992274 -0.458685 
-0.998056 -0.972227 -0.988796 
-0.998056 -0.985252 -0.999558 
-0.50814 -0.992274 -0.975386 
-0.50814 -0.972227 -0.860658 
-0.50814 -0.985252 -0.994187 
-0.992274 -0.972227 -0.999301 
-0.992274 -0.985252 -0.967576 
-0.989295 -0.985285 -0.853086 
-0.445641 -0.966193 -0.853086 
-0.999952 -0.85925 -0.839534 
-0.999952 -0.968776 -0.44654 
-0.85925 -0.968776 -0.458685 
-0.85925 -0.998937 -0.988796 
-0.968776 -0.998937 -0.999301 
-0.839534 -0.95954 -0.976246 
-0.839534 -0.44654 -0.458685 
-0.839534 -0.855166 -0.999558 
-0.95954 -0.44654 -0.975386 
-0.95954 -0.855166 -0.994187 
-0.44654 -0.963929 -0.998505 
-0.44654 -0.855166 -0.967576 
-0.963929 -0.855166 -0.430555 
-0.969353 -0.470531 -0.850409 
-0.969353 -0.416888 -0.999329 
-0.470531 -0.416888 -0.845335 
-0.470531 -0.965613 -0.999121 
-0.470531 -0.983059 -0.998977 
-0.470531 -0.861881 -0.970232 
-0.416888 -0.965613 -0.856596 
-0.416888 -0.983059 -0.970861 
-0.416888 -0.861881 -0.502642 
-0.416888 -0.998694 -0.992812 
-0.965613 -0.983059 -0.969867 
-0.965613 -0.861881 -0.437226 
-0.965613 -0.998694 -0.990799 
-0.983059 -0.861881 -0.969211 
-0.983059 -0.998694 -0.430555 
-0.861881 -0.998694 -0.990525 
-0.850409 -0.999329 -0.845335 
-0.992079 -0.511294 -0.989021 
-0.992079 -0.837522 -0.853086 
-0.992079 -0.868919 -0.993606 
-0.511294 -0.837522 -0.8991 
-0.511294 -0.868919 -0.437893 
-0.511294 -0.55036 -0.852213 
-0.837522 -0.868919 -0.959551 
-0.837522 -0.988904 -0.999332 
-0.837522 -0.55036 -0.962536 
-0.868919 -0.55036 -0.964207 
-0.989803 -0.988904 -0.969867 
-0.989803 -0.976773 -0.531329 
-0.989803 -0.55036 -0.934291 
-0.988904 -0.976773 -0.991681 
-0.988904 -0.55036 -0.977569 
-0.976773 -0.55036 -0.863528 
-0.989021 -0.853086 -0.8991 
-0.989021 -0.993606 -0.437893 
-0.853086 -0.993606 -0.959551 
-0.976246 -0.458685 -0.975386 
-0.976246 -0.988796 -0.860658 
-0.976246 -0.999558 -0.994187 
-0.458685 -0.988796 -0.999301 
-0.458685 -0.999558 -0.967576 
-0.975386 -0.860658 -0.999301 
-0.975386 -0.994187 -0.967576 
-0.96729 -0.860658 -0.461646 
-0.845335 -0.999121 -0.856596 
-0.845335 -0.998977 -0.970861 
-0.845335 -0.970232 -0.502642 
-0.999121 -0.998977 -0.969867 
-0.999121 -0.970232 -0.437226 
-0.998977 -0.970232 -0.969211 
-0.856596 -0.970861 -0.969867 
-0.856596 -0.502642 -0.437226 
-0.856596 -0.974396 -0.531329 
-0.856596 -0.992812 -0.990799 
-0.856596 -0.999205 -0.934291 
-0.970861 -0.502642 -0.969211 
-0.970861 -0.974396 -0.991681 
-0.970861 -0.992812 -0.430555 
-0.970861 -0.999205 -0.977569 
-0.502642 -0.974396 -0.873531 
-0.502642 -0.992812 -0.990525 
-0.502642 -0.999205 -0.982202 
-0.974396 -0.999205 -0.863528 
-0.992812 -0.999205 -0.998918 
-0.8991 -0.437893 -0.959551 
-0.8991 -0.852213 -0.962536 
-0.437893 -0.852213 -0.964207 
-0.959551 -0.962536 -0.964207 
-0.999332 -0.962536 -0.977569 
-0.998505 -0.967576 -0.430555 
-0.997968 -0.806132 -0.990807 
-0.806132 -0.461646 -0.945229 
-0.994822 -0.531329 -0.972143 
-0.994822 -0.95301 -0.465673 
-0.969867 -0.437226 -0.969211 
-0.969867 -0.531329 -0.991681 
-0.969867 -0.990799 -0.430555 
-0.969867 -0.934291 -0.977569 
-0.437226 -0.531329 -0.873531 
-0.437226 -0.95301 -0.989528 
-0.437226 -0.990799 -0.990525 
-0.437226 -0.934291 -0.982202 
-0.531329 -0.95301 -0.867599 
-0.531329 -0.934291 -0.863528 
-0.95301 -0.934291 -0.998225 
-0.990799 -0.934291 -0.998918 
-0.972143 -0.465673 -0.867599 
-0.465673 -0.438059 -0.843609 
-0.969211 -0.991681 -0.873531 
-0.969211 -0.430555 -0.990525 
-0.969211 -0.977569 -0.982202 
-0.991681 -0.977569 -0.863528 
-0.430555 -0.977569 -0.998918 
-0.873531 -0.989528 -0.867599 
-0.873531 -0.982202 -0.863528 
-0.989528 -0.982202 -0.998225 
-0.990525 -0.982202 -0.998918 
-0.867599 -0.863528 -0.998225 
