-0.985771
-0.483708
-0.496719
-0.966743
-0.866116
-0.984382
-0.863647
-0.966507
-0.997226
-0.975144
-0.99045
-0.964901
-0.864503
-0.993297
-0.999684
-0.989316
-0.990609
-0.970115
-0.990723
-0.978207
-0.873432
-0.992764
-0.445059
-0.969404
-0.851013
-0.98301
-0.960504
-0.470777
-0.939121
-0.997933
-0.998992
-0.996405
-0.4551
-0.829633
-0.996934
-0.997087
-0.406795
-0.9993
-0.994345
-0.998754
-0.852668
-0.966825
-0.951559
-0.984782
-0.989575
-0.86056
-0.96258
-0.992734
-0.999612
-0.991786
-0.994833
-0.460243
-0.971947
-0.521224
-0.869489
-0.981489
-0.967008
-0.895969
-0.971861
-0.99635
-0.852113
-0.961895
-0.451555
-0.964958
-0.449682
-0.97402
-0.996918
-0.690969
-0.984009
-0.495223
-0.98363
-0.852401
-0.975172
-0.998431
-0.998401
-0.989447
-0.701299
-0.989473
-0.960494
-0.995195
-0.843741
-0.999839
-0.981844
-0.447284
-0.850673
-0.99418
-0.970844
-0.972819
-0.969652
-0.85872
-0.483094
-0.999648
-0.979807
-0.998239
-0.998226
-0.697892
-0.996703
-0.985359
-0.997355
-0.418118
-0.998216
-0.481169
-0.973814
-0.999607
-0.838359
-0.999534
-0.995967
-0.818293
-0.849349
-0.952733
-0.533465
-0.425013
-0.962425
-0.958993
-0.995072
-0.864386
-0.453304
-0.856711
-0.973123
-0.470136
-0.967338
-0.994524
-0.980292
-0.856303
-0.999822
-0.991715
-0.491329
-0.994482
-0.980274
-0.436463
-0.842447
-0.958873
-0.968091
-0.999893
-0.999807
-0.942797
-0.993648
-0.992966
-0.970467
-0.971171
-0.459556
-0.97781
-0.979772
-0.858854
-0.949435
-0.995859
-0.96475
-0.999365
-0.828367
-0.997876
-0.480749
-0.999909
-0.859964
-0.970703
-0.998926
-0.424956
-0.970269
-0.970753
-0.995037
-0.430496
-0.411845
-0.993238
-0.847618
-0.849716
-0.999127
-0.966526
-0.997751
-0.99962
-0.994013
-0.465741
-0.956047
-0.991927
-0.856773
-0.998494
-0.96395
-0.863193
-0.99441
-0.98382
-0.85392
-0.992419
-0.985644
-0.969132
-0.91973
-0.998513
-0.988752
-0.465778
-0.997364
-0.987904
-0.852139
-0.946542
-0.865899
-0.496051
-0.962497
-0.994962
-0.411506
-0.990308
-0.571157
-0.970193
-0.97096
-0.99895
-0.532931
-0.969498
-0.492063
-0.86182
-0.965319
-0.970464
-0.854986
-0.850958
-0.860289
-0.996724
-0.996464
-0.430758
-0.968371
-0.996557
-0.856859
-0.966534
-0.496307
-0.945347
-0.599159
-0.97581
-0.858099
-0.604605
-0.951415
-0.993532
-0.9661
-0.98811
-0.999781
-0.855567
-0.995856
-0.999029
-0.999907
-0.965352
-0.841236
-0.855896
-0.831605
-0.960555
-0.999668
-0.502736
-0.452317
-0.999846
-0.970894
-0.835666
-0.994464
-0.44343
-0.961456
-0.997889
-0.995466
-0.966958
-0.998863
-0.994244
-0.96266
-0.49638
-0.867647
-0.997058
-0.993437
-0.868528
-0.992292
-0.998791
-0.959816
-0.997253
-0.845822
-0.840277
-0.511625
-0.453416
-0.959148
-0.996525
-0.998218
-0.99668
-0.998178
-0.854483
-0.86503
-0.999811
-0.961933
-0.994643
-0.997723
-0.850778
-0.997705
-0.983765
-0.965363
-0.513422
-0.957498
-0.996737
-0.43388
-0.999505
-0.969762
-0.996348
-0.971509
-0.449527
-0.965884
-0.986022
-0.993692
-0.849235
-0.995903
-0.855272
-0.987757
-0.428739
-0.969704
-0.434712
-0.990373
-0.86183
-0.983698
-0.968756
-0.865783
-0.989453
-0.998065
-0.470891
-0.993422
-0.866411
-0.991708
-0.468524
-0.982399
-0.487599
-0.997263
-0.973135
-0.997245
-0.981893
-0.994297
-0.450695
-0.96685
-0.996447
-0.993763
-0.874763
-0.973325
-0.846268
-0.984101
-0.998406
-0.441515
-0.967263
-0.995693
-0.843803
-0.969252
-0.444473
-0.443935
-0.969482
-0.9986
-0.857431
-0.997517
-0.873854
-0.99885
-0.994089
-0.496566
-0.860851
-0.854628
-0.993478
-0.990612
-0.972663
-0.525637
-0.993152
-0.846913
-0.994981
-0.433532
-0.999421
-0.993564
-0.971456
-0.861259
-0.997146
-0.848453
-0.999668
-0.966846
-0.866004
-0.987989
-0.475443
-0.977239
-0.985819
-0.903223
-0.412749
-0.836447
-0.945339
-0.966622
-0.964697
-0.998123
-0.85545
-0.478534
-0.983661
-0.95971
-0.986654
-0.97668
-0.472359
-0.518598
-0.937908
-0.983164
-0.956726
-0.947306
-0.971405
-0.458407
-0.409808
-0.973382
-0.989125
-0.469095
-0.986903
-0.879134
-0.985548
-0.973852
-0.994754
-0.867926
-0.995412
-0.866
-0.839123
-0.994611
