-0.994549 -0.503334 -0.978824 -0.871884 -0.999522 -0.489649 
-0.994549 -0.503334 -0.978824 -0.998109 -0.477278 -0.994134 
-0.490267 -0.503334 -0.698443 -0.874365 -0.501832 -0.866936 
-0.490267 -0.503334 -0.698443 -0.871884 -0.860589 -0.489649 
-0.490267 -0.503334 -0.698443 -0.872745 -0.708819 -0.705397 
-0.490267 -0.975436 -0.992779 -0.993153 -0.992398 -0.872627 
-0.490267 -0.975436 -0.992779 -0.975199 -0.983903 -0.459728 
-0.490267 -0.975436 -0.992779 -0.973586 -0.998241 -0.476634 
-0.490267 -0.874365 -0.501832 -0.871884 -0.860589 -0.864508 
-0.490267 -0.874365 -0.501832 -0.872745 -0.708819 -0.497921 
-0.490267 -0.993153 -0.992398 -0.975199 -0.983903 -0.487295 
-0.490267 -0.993153 -0.992398 -0.973586 -0.998241 -0.979414 
-0.490267 -0.871884 -0.860589 -0.872745 -0.708819 -0.472257 
-0.490267 -0.975199 -0.983903 -0.973586 -0.998241 -0.863185 
-0.503334 -0.874365 -0.866936 -0.871884 -0.489649 -0.864508 
-0.503334 -0.874365 -0.866936 -0.872745 -0.705397 -0.497921 
-0.503334 -0.871884 -0.489649 -0.872745 -0.705397 -0.472257 
-0.975436 -0.993153 -0.872627 -0.975199 -0.459728 -0.487295 
-0.975436 -0.993153 -0.872627 -0.973586 -0.476634 -0.979414 
-0.975436 -0.975199 -0.459728 -0.983875 -0.864918 -0.974006 
-0.975436 -0.975199 -0.459728 -0.973586 -0.476634 -0.863185 
-0.975436 -0.983875 -0.864918 -0.999248 -0.981845 -0.509379 
-0.975436 -0.983875 -0.864918 -0.973586 -0.476634 -0.458736 
-0.975436 -0.999248 -0.981845 -0.973586 -0.476634 -0.876787 
-0.874365 -0.871884 -0.864508 -0.872745 -0.497921 -0.472257 
-0.993153 -0.975199 -0.487295 -0.973586 -0.979414 -0.863185 
-0.975199 -0.983875 -0.974006 -0.973586 -0.863185 -0.458736 
-0.983875 -0.999248 -0.509379 -0.973586 -0.458736 -0.876787 
-0.999408 -0.978109 -0.970567 -0.859195 -0.973643 -0.503181 
-0.999408 -0.978109 -0.970567 -0.991775 -0.45609 -0.869076 
-0.999408 -0.978109 -0.970567 -0.477278 -0.982745 -0.862826 
-0.999408 -0.859195 -0.973643 -0.991775 -0.45609 -0.911635 
-0.999408 -0.859195 -0.973643 -0.477278 -0.982745 -0.418994 
-0.999408 -0.991775 -0.45609 -0.477278 -0.982745 -0.953938 
-0.978824 -0.999522 -0.489649 -0.451446 -0.988558 -0.997542 
-0.978824 -0.451446 -0.988558 -0.477278 -0.994134 -0.864099 
-0.999522 -0.451446 -0.997542 -0.96917 -0.996691 -0.849375 
-0.986951 -0.881713 -0.860326 -0.451446 -0.955146 -0.578101 
-0.986951 -0.881713 -0.860326 -0.96917 -0.971172 -0.539707 
-0.986951 -0.881713 -0.860326 -0.947692 -0.417745 -0.498658 
-0.986951 -0.451446 -0.955146 -0.96917 -0.971172 -0.849375 
-0.986951 -0.451446 -0.955146 -0.947692 -0.417745 -0.839701 
-0.986951 -0.96917 -0.971172 -0.947692 -0.417745 -0.863652 
-0.881713 -0.451446 -0.578101 -0.96917 -0.539707 -0.849375 
-0.881713 -0.451446 -0.578101 -0.477278 -0.978203 -0.864099 
-0.881713 -0.451446 -0.578101 -0.947692 -0.498658 -0.839701 
-0.881713 -0.96917 -0.539707 -0.947692 -0.498658 -0.863652 
-0.881713 -0.477278 -0.978203 -0.947692 -0.498658 -0.992429 
-0.451446 -0.859195 -0.97404 -0.477278 -0.864099 -0.418994 
-0.451446 -0.96917 -0.849375 -0.947692 -0.839701 -0.863652 
-0.451446 -0.477278 -0.864099 -0.947692 -0.839701 -0.992429 
-0.978109 -0.859195 -0.503181 -0.991775 -0.869076 -0.911635 
-0.978109 -0.859195 -0.503181 -0.477278 -0.862826 -0.418994 
-0.978109 -0.991775 -0.869076 -0.477278 -0.862826 -0.953938 
-0.859195 -0.991775 -0.911635 -0.477278 -0.418994 -0.953938 
-0.461532 -0.837721 -0.969159 -0.413013 -0.85189 -0.424386 
-0.461532 -0.413013 -0.85189 -0.860858 -0.453681 -0.973435 
-0.461532 -0.860858 -0.453681 -0.975518 -0.858854 -0.441053 
-0.461532 -0.860858 -0.453681 -0.993555 -0.981539 -0.992466 
-0.461532 -0.860858 -0.453681 -0.998369 -0.978358 -0.977458 
-0.461532 -0.975518 -0.858854 -0.998369 -0.978358 -0.990653 
-0.461532 -0.993555 -0.981539 -0.998369 -0.978358 -0.475589 
-0.837721 -0.413013 -0.424386 -0.960185 -0.487716 -0.836448 
-0.860858 -0.975518 -0.441053 -0.998369 -0.977458 -0.990653 
-0.860858 -0.993555 -0.992466 -0.998369 -0.977458 -0.475589 
-0.868784 -0.971255 -0.424386 -0.466697 -0.487716 -0.836448 
-0.868784 -0.466697 -0.487716 -0.527948 -0.982539 -0.883049 
-0.466697 -0.527948 -0.883049 -0.877752 -0.982047 -0.439868 
-0.980663 -0.527948 -0.854429 -0.877752 -0.447887 -0.439868 
-0.990248 -0.975703 -0.989045 -0.45609 -0.989027 -0.871429 
-0.975703 -0.90435 -0.47222 -0.970567 -0.86498 -0.606228 
-0.975703 -0.90435 -0.47222 -0.973643 -0.972631 -0.866312 
-0.975703 -0.90435 -0.47222 -0.45609 -0.871429 -0.611698 
-0.975703 -0.970567 -0.86498 -0.973643 -0.972631 -0.503181 
-0.975703 -0.970567 -0.86498 -0.45609 -0.871429 -0.869076 
-0.975703 -0.973643 -0.972631 -0.45609 -0.871429 -0.911635 
-0.90435 -0.970567 -0.606228 -0.973643 -0.866312 -0.503181 
-0.90435 -0.970567 -0.606228 -0.45609 -0.611698 -0.869076 
-0.90435 -0.970567 -0.606228 -0.982745 -0.96004 -0.862826 
-0.90435 -0.457971 -0.984543 -0.45609 -0.611698 -0.855077 
-0.90435 -0.973643 -0.866312 -0.45609 -0.611698 -0.911635 
-0.90435 -0.973643 -0.866312 -0.982745 -0.96004 -0.418994 
-0.90435 -0.45609 -0.611698 -0.982745 -0.96004 -0.953938 
-0.980577 -0.860299 -0.502994 -0.457971 -0.875902 -0.457107 
-0.860299 -0.457971 -0.457107 -0.45609 -0.975544 -0.855077 
-0.970567 -0.973643 -0.503181 -0.45609 -0.869076 -0.911635 
-0.970567 -0.973643 -0.503181 -0.982745 -0.862826 -0.418994 
-0.970567 -0.45609 -0.869076 -0.982745 -0.862826 -0.953938 
-0.973643 -0.45609 -0.911635 -0.982745 -0.418994 -0.953938 
-0.698443 -0.501832 -0.866936 -0.860589 -0.489649 -0.864508 
-0.698443 -0.501832 -0.866936 -0.708819 -0.705397 -0.497921 
-0.698443 -0.860589 -0.489649 -0.708819 -0.705397 -0.472257 
-0.992779 -0.992398 -0.872627 -0.983903 -0.459728 -0.487295 
-0.992779 -0.992398 -0.872627 -0.998241 -0.476634 -0.979414 
-0.992779 -0.992398 -0.872627 -0.998267 -0.976034 -0.431254 
-0.992779 -0.983903 -0.459728 -0.998241 -0.476634 -0.863185 
-0.992779 -0.983903 -0.459728 -0.998267 -0.976034 -0.85914 
-0.501832 -0.860589 -0.864508 -0.708819 -0.497921 -0.472257 
-0.992398 -0.983903 -0.487295 -0.998241 -0.979414 -0.863185 
-0.992398 -0.983903 -0.487295 -0.998267 -0.431254 -0.85914 
-0.990604 -0.453681 -0.978468 -0.858854 -0.980223 -0.441053 
-0.990604 -0.453681 -0.978468 -0.979555 -0.994801 -0.870059 
-0.990604 -0.453681 -0.978468 -0.981539 -0.863473 -0.992466 
-0.990604 -0.453681 -0.978468 -0.978358 -0.435054 -0.977458 
-0.990604 -0.858854 -0.980223 -0.979555 -0.994801 -0.494174 
-0.990604 -0.858854 -0.980223 -0.978358 -0.435054 -0.990653 
-0.990604 -0.981539 -0.863473 -0.978358 -0.435054 -0.475589 
-0.453681 -0.858854 -0.441053 -0.979555 -0.870059 -0.494174 
-0.453681 -0.858854 -0.441053 -0.978358 -0.977458 -0.990653 
-0.453681 -0.981539 -0.992466 -0.978358 -0.977458 -0.475589 
-0.866936 -0.489649 -0.864508 -0.705397 -0.497921 -0.472257 
-0.846485 -0.826331 -0.858958 -0.961365 -0.97405 -0.478867 
-0.846485 -0.826331 -0.858958 -0.540244 -0.520112 -0.52531 
-0.846485 -0.826331 -0.858958 -0.431311 -0.96615 -0.946474 
-0.846485 -0.826331 -0.858958 -0.967652 -0.440218 -0.965375 
-0.846485 -0.961365 -0.97405 -0.540244 -0.520112 -0.88744 
-0.846485 -0.961365 -0.97405 -0.431311 -0.96615 -0.994324 
-0.846485 -0.540244 -0.520112 -0.431311 -0.96615 -0.876183 
-0.846485 -0.540244 -0.520112 -0.967652 -0.440218 -0.874248 
-0.826331 -0.857523 -0.995435 -0.540244 -0.52531 -0.980119 
-0.826331 -0.857523 -0.995435 -0.431311 -0.946474 -0.464853 
-0.826331 -0.961365 -0.478867 -0.540244 -0.52531 -0.88744 
-0.826331 -0.961365 -0.478867 -0.431311 -0.946474 -0.994324 
-0.826331 -0.540244 -0.52531 -0.431311 -0.946474 -0.876183 
-0.826331 -0.540244 -0.52531 -0.967652 -0.965375 -0.874248 
-0.857523 -0.540244 -0.980119 -0.431311 -0.464853 -0.876183 
-0.857523 -0.431311 -0.464853 -0.971099 -0.416039 -0.847252 
-0.961365 -0.540244 -0.88744 -0.431311 -0.994324 -0.876183 
-0.872627 -0.459728 -0.487295 -0.476634 -0.979414 -0.863185 
-0.872627 -0.459728 -0.487295 -0.976034 -0.431254 -0.85914 
-0.459728 -0.864918 -0.974006 -0.476634 -0.863185 -0.458736 
-0.864918 -0.981845 -0.509379 -0.476634 -0.458736 -0.876787 
-0.442813 -0.850591 -0.47222 -0.967531 -0.964693 -0.953946 
-0.442813 -0.850591 -0.47222 -0.951384 -0.86498 -0.606228 
-0.442813 -0.850591 -0.47222 -0.979177 -0.871429 -0.611698 
-0.442813 -0.850591 -0.47222 -0.466008 -0.862115 -0.97479 
-0.442813 -0.850591 -0.47222 -0.988523 -0.994421 -0.996897 
-0.442813 -0.850591 -0.47222 -0.958052 -0.928215 -0.863769 
-0.442813 -0.967531 -0.964693 -0.951384 -0.86498 -0.873273 
-0.442813 -0.967531 -0.964693 -0.979884 -0.992589 -0.858958 
-0.442813 -0.967531 -0.964693 -0.466008 -0.862115 -0.992534 
-0.442813 -0.967531 -0.964693 -0.988523 -0.994421 -0.520112 
-0.442813 -0.967531 -0.964693 -0.958052 -0.928215 -0.440218 
-0.442813 -0.951384 -0.86498 -0.979177 -0.871429 -0.869076 
-0.442813 -0.951384 -0.86498 -0.466008 -0.862115 -0.999411 
-0.442813 -0.951384 -0.86498 -0.988523 -0.994421 -0.981383 
-0.442813 -0.951384 -0.86498 -0.958052 -0.928215 -0.53238 
-0.442813 -0.979177 -0.871429 -0.958052 -0.928215 -0.975315 
-0.442813 -0.979884 -0.992589 -0.466008 -0.862115 -0.985417 
-0.442813 -0.979884 -0.992589 -0.988523 -0.994421 -0.52531 
-0.442813 -0.979884 -0.992589 -0.86707 -0.977835 -0.99193 
-0.442813 -0.979884 -0.992589 -0.958052 -0.928215 -0.965375 
-0.442813 -0.466008 -0.862115 -0.988523 -0.994421 -0.997917 
-0.442813 -0.466008 -0.862115 -0.86707 -0.977835 -0.475589 
-0.442813 -0.466008 -0.862115 -0.958052 -0.928215 -0.995686 
-0.442813 -0.988523 -0.994421 -0.958052 -0.928215 -0.874248 
-0.850591 -0.967531 -0.953946 -0.951384 -0.606228 -0.873273 
-0.850591 -0.967531 -0.953946 -0.466008 -0.97479 -0.992534 
-0.850591 -0.967531 -0.953946 -0.988523 -0.996897 -0.520112 
-0.850591 -0.967531 -0.953946 -0.958052 -0.863769 -0.440218 
-0.850591 -0.951384 -0.606228 -0.979177 -0.611698 -0.869076 
-0.850591 -0.951384 -0.606228 -0.466008 -0.97479 -0.999411 
-0.850591 -0.951384 -0.606228 -0.988523 -0.996897 -0.981383 
-0.850591 -0.951384 -0.606228 -0.958052 -0.863769 -0.53238 
-0.850591 -0.979177 -0.611698 -0.958052 -0.863769 -0.975315 
-0.850591 -0.466008 -0.97479 -0.988523 -0.996897 -0.997917 
-0.850591 -0.466008 -0.97479 -0.958052 -0.863769 -0.995686 
-0.850591 -0.988523 -0.996897 -0.958052 -0.863769 -0.874248 
-0.967531 -0.951384 -0.873273 -0.466008 -0.992534 -0.999411 
-0.967531 -0.951384 -0.873273 -0.988523 -0.520112 -0.981383 
-0.967531 -0.951384 -0.873273 -0.958052 -0.440218 -0.53238 
-0.967531 -0.979884 -0.858958 -0.466008 -0.992534 -0.985417 
-0.967531 -0.979884 -0.858958 -0.986552 -0.97405 -0.478867 
-0.967531 -0.979884 -0.858958 -0.988523 -0.520112 -0.52531 
-0.967531 -0.979884 -0.858958 -0.958052 -0.440218 -0.965375 
-0.967531 -0.466008 -0.992534 -0.986552 -0.97405 -0.982105 
-0.967531 -0.466008 -0.992534 -0.988523 -0.520112 -0.997917 
-0.967531 -0.466008 -0.992534 -0.958052 -0.440218 -0.995686 
-0.967531 -0.986552 -0.97405 -0.988523 -0.520112 -0.88744 
-0.967531 -0.988523 -0.520112 -0.958052 -0.440218 -0.874248 
-0.97679 -0.466008 -0.863473 -0.986552 -0.996543 -0.982105 
-0.97679 -0.466008 -0.863473 -0.86707 -0.435054 -0.475589 
-0.97679 -0.986552 -0.996543 -0.86707 -0.435054 -0.982576 
-0.951384 -0.979177 -0.869076 -0.958052 -0.53238 -0.975315 
-0.951384 -0.466008 -0.999411 -0.988523 -0.981383 -0.997917 
-0.951384 -0.466008 -0.999411 -0.958052 -0.53238 -0.995686 
-0.951384 -0.988523 -0.981383 -0.958052 -0.53238 -0.874248 
-0.979884 -0.466008 -0.985417 -0.986552 -0.478867 -0.982105 
-0.979884 -0.466008 -0.985417 -0.988523 -0.52531 -0.997917 
-0.979884 -0.466008 -0.985417 -0.86707 -0.99193 -0.475589 
-0.979884 -0.466008 -0.985417 -0.958052 -0.965375 -0.995686 
-0.979884 -0.986552 -0.478867 -0.988523 -0.52531 -0.88744 
-0.979884 -0.986552 -0.478867 -0.86707 -0.99193 -0.982576 
-0.979884 -0.988523 -0.52531 -0.958052 -0.965375 -0.874248 
-0.466008 -0.986552 -0.982105 -0.988523 -0.997917 -0.88744 
-0.466008 -0.986552 -0.982105 -0.86707 -0.475589 -0.982576 
-0.466008 -0.988523 -0.997917 -0.958052 -0.995686 -0.874248 
-0.487295 -0.868185 -0.979174 -0.431254 -0.85914 -0.518307 
-0.868185 -0.431254 -0.518307 -0.978978 -0.45984 -0.882137 
-0.979464 -0.436819 -0.874147 -0.855785 -0.502664 -0.44981 
-0.436819 -0.418085 -0.84378 -0.855785 -0.44981 -0.971336 
-0.436819 -0.418085 -0.84378 -0.857892 -0.970126 -0.502994 
-0.418085 -0.857892 -0.502994 -0.975218 -0.875902 -0.457107 
-0.47222 -0.964693 -0.953946 -0.86498 -0.606228 -0.873273 
-0.47222 -0.964693 -0.953946 -0.972631 -0.866312 -0.970605 
-0.47222 -0.964693 -0.953946 -0.862115 -0.97479 -0.992534 
-0.47222 -0.964693 -0.953946 -0.994421 -0.996897 -0.520112 
-0.47222 -0.964693 -0.953946 -0.928215 -0.863769 -0.440218 
-0.47222 -0.86498 -0.606228 -0.972631 -0.866312 -0.503181 
-0.47222 -0.86498 -0.606228 -0.871429 -0.611698 -0.869076 
-0.47222 -0.86498 -0.606228 -0.862115 -0.97479 -0.999411 
-0.47222 -0.86498 -0.606228 -0.994421 -0.996897 -0.981383 
-0.47222 -0.86498 -0.606228 -0.928215 -0.863769 -0.53238 
-0.47222 -0.972631 -0.866312 -0.871429 -0.611698 -0.911635 
-0.47222 -0.972631 -0.866312 -0.928215 -0.863769 -0.844564 
-0.47222 -0.871429 -0.611698 -0.928215 -0.863769 -0.975315 
-0.47222 -0.862115 -0.97479 -0.994421 -0.996897 -0.997917 
-0.47222 -0.862115 -0.97479 -0.928215 -0.863769 -0.995686 
-0.47222 -0.994421 -0.996897 -0.928215 -0.863769 -0.874248 
-0.964693 -0.86498 -0.873273 -0.972631 -0.970605 -0.503181 
-0.964693 -0.86498 -0.873273 -0.862115 -0.992534 -0.999411 
-0.964693 -0.86498 -0.873273 -0.994421 -0.520112 -0.981383 
-0.964693 -0.86498 -0.873273 -0.928215 -0.440218 -0.53238 
-0.964693 -0.972631 -0.970605 -0.928215 -0.440218 -0.844564 
-0.964693 -0.992589 -0.858958 -0.862115 -0.992534 -0.985417 
-0.964693 -0.992589 -0.858958 -0.994421 -0.520112 -0.52531 
-0.964693 -0.992589 -0.858958 -0.928215 -0.440218 -0.965375 
-0.964693 -0.862115 -0.992534 -0.994421 -0.520112 -0.997917 
-0.964693 -0.862115 -0.992534 -0.928215 -0.440218 -0.995686 
-0.964693 -0.994421 -0.520112 -0.928215 -0.440218 -0.874248 
-0.86498 -0.972631 -0.503181 -0.871429 -0.869076 -0.911635 
-0.86498 -0.972631 -0.503181 -0.928215 -0.53238 -0.844564 
-0.86498 -0.871429 -0.869076 -0.928215 -0.53238 -0.975315 
-0.86498 -0.862115 -0.999411 -0.994421 -0.981383 -0.997917 
-0.86498 -0.862115 -0.999411 -0.928215 -0.53238 -0.995686 
-0.86498 -0.994421 -0.981383 -0.928215 -0.53238 -0.874248 
-0.972631 -0.871429 -0.911635 -0.928215 -0.844564 -0.975315 
-0.992589 -0.862115 -0.985417 -0.994421 -0.52531 -0.997917 
-0.992589 -0.862115 -0.985417 -0.977835 -0.99193 -0.475589 
-0.992589 -0.862115 -0.985417 -0.928215 -0.965375 -0.995686 
-0.992589 -0.994421 -0.52531 -0.928215 -0.965375 -0.874248 
-0.862115 -0.994421 -0.997917 -0.928215 -0.995686 -0.874248 
-0.860326 -0.955146 -0.578101 -0.971172 -0.539707 -0.849375 
-0.860326 -0.955146 -0.578101 -0.417745 -0.498658 -0.839701 
-0.860326 -0.955146 -0.578101 -0.999105 -0.870049 -0.969221 
-0.860326 -0.502664 -0.978902 -0.417745 -0.498658 -0.86268 
-0.860326 -0.971172 -0.539707 -0.417745 -0.498658 -0.863652 
-0.860326 -0.971172 -0.539707 -0.999105 -0.870049 -0.485069 
-0.860326 -0.417745 -0.498658 -0.999105 -0.870049 -0.955913 
-0.955146 -0.971172 -0.849375 -0.417745 -0.839701 -0.863652 
-0.955146 -0.971172 -0.849375 -0.999105 -0.969221 -0.485069 
-0.955146 -0.417745 -0.839701 -0.999105 -0.969221 -0.955913 
-0.874147 -0.502664 -0.44981 -0.417745 -0.975652 -0.86268 
-0.971172 -0.417745 -0.863652 -0.999105 -0.485069 -0.955913 
-0.578101 -0.539707 -0.849375 -0.498658 -0.839701 -0.863652 
-0.578101 -0.539707 -0.849375 -0.870049 -0.969221 -0.485069 
-0.578101 -0.978203 -0.864099 -0.498658 -0.839701 -0.992429 
-0.578101 -0.498658 -0.839701 -0.870049 -0.969221 -0.955913 
-0.979672 -0.539707 -0.874661 -0.870049 -0.475015 -0.485069 
-0.539707 -0.498658 -0.863652 -0.870049 -0.485069 -0.955913 
-0.868511 -0.437082 -0.509379 -0.977072 -0.458736 -0.876787 
-0.868511 -0.437082 -0.509379 -0.502921 -0.979605 -0.853981 
-0.437082 -0.865067 -0.968479 -0.502921 -0.853981 -0.416039 
-0.865067 -0.975226 -0.464853 -0.502921 -0.416039 -0.847252 
-0.953946 -0.606228 -0.873273 -0.866312 -0.970605 -0.503181 
-0.953946 -0.606228 -0.873273 -0.97479 -0.992534 -0.999411 
-0.953946 -0.606228 -0.873273 -0.996897 -0.520112 -0.981383 
-0.953946 -0.606228 -0.873273 -0.863769 -0.440218 -0.53238 
-0.953946 -0.866312 -0.970605 -0.863769 -0.440218 -0.844564 
-0.953946 -0.97479 -0.992534 -0.996897 -0.520112 -0.997917 
-0.953946 -0.97479 -0.992534 -0.863769 -0.440218 -0.995686 
-0.953946 -0.996897 -0.520112 -0.863769 -0.440218 -0.874248 
-0.606228 -0.866312 -0.503181 -0.611698 -0.869076 -0.911635 
-0.606228 -0.866312 -0.503181 -0.96004 -0.862826 -0.418994 
-0.606228 -0.866312 -0.503181 -0.863769 -0.53238 -0.844564 
-0.606228 -0.611698 -0.869076 -0.96004 -0.862826 -0.953938 
-0.606228 -0.611698 -0.869076 -0.863769 -0.53238 -0.975315 
-0.606228 -0.96004 -0.862826 -0.863769 -0.53238 -0.968372 
-0.606228 -0.97479 -0.999411 -0.996897 -0.981383 -0.997917 
-0.606228 -0.97479 -0.999411 -0.863769 -0.53238 -0.995686 
-0.606228 -0.996897 -0.981383 -0.863769 -0.53238 -0.874248 
-0.866312 -0.611698 -0.911635 -0.96004 -0.418994 -0.953938 
-0.866312 -0.611698 -0.911635 -0.863769 -0.844564 -0.975315 
-0.866312 -0.96004 -0.418994 -0.863769 -0.844564 -0.968372 
-0.611698 -0.96004 -0.953938 -0.863769 -0.975315 -0.968372 
-0.97479 -0.996897 -0.997917 -0.863769 -0.995686 -0.874248 
-0.849375 -0.839701 -0.863652 -0.969221 -0.485069 -0.955913 
-0.848411 -0.518307 -0.977956 -0.45984 -0.450857 -0.882137 
-0.848411 -0.45984 -0.450857 -0.967808 -0.450318 -0.856623 
-0.873273 -0.970605 -0.503181 -0.440218 -0.53238 -0.844564 
-0.873273 -0.992534 -0.999411 -0.520112 -0.981383 -0.997917 
-0.873273 -0.992534 -0.999411 -0.440218 -0.53238 -0.995686 
-0.873273 -0.520112 -0.981383 -0.440218 -0.53238 -0.874248 
-0.858958 -0.992534 -0.985417 -0.97405 -0.478867 -0.982105 
-0.858958 -0.992534 -0.985417 -0.520112 -0.52531 -0.997917 
-0.858958 -0.992534 -0.985417 -0.440218 -0.965375 -0.995686 
-0.858958 -0.97405 -0.478867 -0.520112 -0.52531 -0.88744 
-0.858958 -0.97405 -0.478867 -0.96615 -0.946474 -0.994324 
-0.858958 -0.520112 -0.52531 -0.96615 -0.946474 -0.876183 
-0.858958 -0.520112 -0.52531 -0.440218 -0.965375 -0.874248 
-0.992534 -0.97405 -0.982105 -0.520112 -0.997917 -0.88744 
-0.992534 -0.520112 -0.997917 -0.440218 -0.995686 -0.874248 
-0.97405 -0.520112 -0.88744 -0.96615 -0.994324 -0.876183 
-0.978468 -0.980223 -0.441053 -0.455934 -0.999171 -0.991161 
-0.978468 -0.980223 -0.441053 -0.994801 -0.870059 -0.494174 
-0.978468 -0.980223 -0.441053 -0.435054 -0.977458 -0.990653 
-0.978468 -0.455934 -0.999171 -0.994801 -0.870059 -0.992871 
-0.978468 -0.455934 -0.999171 -0.863473 -0.992466 -0.975959 
-0.978468 -0.455934 -0.999171 -0.435054 -0.977458 -0.851953 
-0.978468 -0.863473 -0.992466 -0.435054 -0.977458 -0.475589 
-0.980223 -0.455934 -0.991161 -0.994801 -0.494174 -0.992871 
-0.980223 -0.455934 -0.991161 -0.435054 -0.990653 -0.851953 
-0.455934 -0.974574 -0.854429 -0.857409 -0.447887 -0.439868 
-0.455934 -0.857409 -0.447887 -0.435054 -0.851953 -0.973381 
-0.455934 -0.863473 -0.975959 -0.435054 -0.851953 -0.475589 
-0.863473 -0.996543 -0.982105 -0.435054 -0.475589 -0.982576 
-0.97841 -0.441053 -0.87403 -0.999171 -0.998247 -0.991161 
-0.97841 -0.441053 -0.87403 -0.870059 -0.477393 -0.494174 
-0.97841 -0.999171 -0.998247 -0.870059 -0.477393 -0.992871 
-0.441053 -0.999171 -0.991161 -0.870059 -0.494174 -0.992871 
-0.441053 -0.999171 -0.991161 -0.977458 -0.990653 -0.851953 
-0.999171 -0.992466 -0.975959 -0.977458 -0.851953 -0.475589 
-0.87403 -0.998247 -0.991161 -0.477393 -0.494174 -0.992871 
-0.87403 -0.477393 -0.494174 -0.475015 -0.981857 -0.869486 
-0.477393 -0.874661 -0.980171 -0.475015 -0.869486 -0.485069 
-0.450857 -0.450318 -0.856623 -0.865641 -0.975539 -0.481965 
-0.450318 -0.978187 -0.874252 -0.865641 -0.481965 -0.478867 
-0.503181 -0.869076 -0.911635 -0.862826 -0.418994 -0.953938 
-0.503181 -0.869076 -0.911635 -0.53238 -0.844564 -0.975315 
-0.503181 -0.862826 -0.418994 -0.53238 -0.844564 -0.968372 
-0.869076 -0.862826 -0.953938 -0.53238 -0.975315 -0.968372 
-0.999411 -0.981383 -0.997917 -0.53238 -0.995686 -0.874248 
-0.874252 -0.996776 -0.985417 -0.481965 -0.478867 -0.982105 
-0.874252 -0.996776 -0.985417 -0.985978 -0.52531 -0.997917 
-0.874252 -0.996776 -0.985417 -0.994596 -0.99193 -0.475589 
-0.874252 -0.481965 -0.478867 -0.985978 -0.52531 -0.88744 
-0.874252 -0.481965 -0.478867 -0.994596 -0.99193 -0.982576 
-0.996776 -0.481965 -0.982105 -0.985978 -0.997917 -0.88744 
-0.996776 -0.481965 -0.982105 -0.994596 -0.475589 -0.982576 
-0.911635 -0.418994 -0.953938 -0.844564 -0.975315 -0.968372 
-0.995435 -0.52531 -0.980119 -0.946474 -0.464853 -0.876183 
-0.985417 -0.478867 -0.982105 -0.52531 -0.997917 -0.88744 
-0.985417 -0.478867 -0.982105 -0.99193 -0.475589 -0.982576 
-0.985417 -0.52531 -0.997917 -0.965375 -0.995686 -0.874248 
-0.478867 -0.52531 -0.88744 -0.946474 -0.994324 -0.876183 
