-0.985771 -0.496719 -0.970115 
-0.985771 -0.863647 -0.990723 
-0.985771 -0.997226 -0.445059 
-0.985771 -0.999684 -0.851013 
-0.985771 -0.989316 -0.470777 
-0.483708 -0.496719 -0.690969 
-0.483708 -0.966743 -0.984009 
-0.483708 -0.866116 -0.495223 
-0.483708 -0.984382 -0.98363 
-0.483708 -0.863647 -0.852401 
-0.483708 -0.966507 -0.975172 
-0.483708 -0.975144 -0.998431 
-0.483708 -0.964901 -0.989447 
-0.483708 -0.864503 -0.701299 
-0.483708 -0.993297 -0.989473 
-0.496719 -0.866116 -0.85872 
-0.496719 -0.863647 -0.483094 
-0.496719 -0.997226 -0.979807 
-0.496719 -0.975144 -0.998239 
-0.496719 -0.964901 -0.998226 
-0.496719 -0.864503 -0.697892 
-0.496719 -0.989316 -0.985359 
-0.966743 -0.984382 -0.864386 
-0.966743 -0.966507 -0.453304 
-0.966743 -0.975144 -0.856711 
-0.966743 -0.99045 -0.973123 
-0.966743 -0.964901 -0.470136 
-0.966743 -0.993297 -0.967338 
-0.866116 -0.863647 -0.856303 
-0.866116 -0.966507 -0.999822 
-0.866116 -0.864503 -0.491329 
-0.984382 -0.966507 -0.480749 
-0.984382 -0.975144 -0.999909 
-0.984382 -0.964901 -0.970703 
-0.984382 -0.993297 -0.424956 
-0.863647 -0.997226 -0.988752 
-0.863647 -0.864503 -0.465778 
-0.966507 -0.975144 -0.965319 
-0.966507 -0.964901 -0.854986 
-0.966507 -0.993297 -0.850958 
-0.997226 -0.999684 -0.965352 
-0.997226 -0.989316 -0.855896 
-0.975144 -0.99045 -0.502736 
-0.975144 -0.964901 -0.452317 
-0.99045 -0.964901 -0.868528 
-0.964901 -0.993297 -0.999505 
-0.999684 -0.989316 -0.412749 
-0.990609 -0.992764 -0.895969 
-0.990609 -0.969404 -0.961895 
-0.990609 -0.851013 -0.964958 
-0.990609 -0.98301 -0.449682 
-0.990609 -0.470777 -0.97402 
-0.990609 -0.998992 -0.996918 
-0.970115 -0.990723 -0.483094 
-0.970115 -0.873432 -0.999648 
-0.970115 -0.445059 -0.979807 
-0.970115 -0.960504 -0.996703 
-0.970115 -0.470777 -0.985359 
-0.990723 -0.873432 -0.998513 
-0.990723 -0.445059 -0.988752 
-0.990723 -0.960504 -0.987904 
-0.978207 -0.873432 -0.852139 
-0.978207 -0.445059 -0.946542 
-0.978207 -0.960504 -0.962497 
-0.978207 -0.470777 -0.994962 
-0.978207 -0.939121 -0.411506 
-0.978207 -0.997933 -0.990308 
-0.873432 -0.445059 -0.571157 
-0.873432 -0.851013 -0.99895 
-0.873432 -0.960504 -0.532931 
-0.873432 -0.470777 -0.969498 
-0.873432 -0.939121 -0.492063 
-0.873432 -0.997933 -0.86182 
-0.992764 -0.969404 -0.599159 
-0.992764 -0.851013 -0.858099 
-0.992764 -0.98301 -0.604605 
-0.992764 -0.470777 -0.951415 
-0.992764 -0.998992 -0.855567 
-0.445059 -0.969404 -0.999907 
-0.445059 -0.851013 -0.965352 
-0.445059 -0.960504 -0.841236 
-0.445059 -0.470777 -0.855896 
-0.445059 -0.939121 -0.831605 
-0.445059 -0.997933 -0.960555 
-0.969404 -0.851013 -0.496566 
-0.969404 -0.98301 -0.860851 
-0.969404 -0.470777 -0.854628 
-0.969404 -0.998992 -0.525637 
-0.851013 -0.98301 -0.903223 
-0.851013 -0.470777 -0.412749 
-0.851013 -0.998992 -0.836447 
-0.98301 -0.470777 -0.945339 
-0.98301 -0.998992 -0.966622 
-0.960504 -0.470777 -0.998123 
-0.960504 -0.939121 -0.85545 
-0.960504 -0.997933 -0.478534 
-0.470777 -0.939121 -0.983661 
-0.470777 -0.998992 -0.95971 
-0.939121 -0.997933 -0.947306 
-0.996405 -0.829633 -0.86056 
-0.996405 -0.406795 -0.96258 
-0.996405 -0.951559 -0.460243 
-0.4551 -0.829633 -0.960494 
-0.4551 -0.997087 -0.995195 
-0.4551 -0.406795 -0.843741 
-0.4551 -0.994345 -0.999839 
-0.4551 -0.998754 -0.981844 
-0.4551 -0.852668 -0.447284 
-0.4551 -0.966825 -0.850673 
-0.4551 -0.951559 -0.99418 
-0.4551 -0.984782 -0.972819 
-0.4551 -0.989575 -0.969652 
-0.829633 -0.996934 -0.997355 
-0.829633 -0.406795 -0.418118 
-0.829633 -0.852668 -0.998216 
-0.829633 -0.951559 -0.481169 
-0.996934 -0.406795 -0.995072 
-0.996934 -0.9993 -0.864386 
-0.996934 -0.994345 -0.453304 
-0.997087 -0.998754 -0.968091 
-0.997087 -0.984782 -0.459556 
-0.997087 -0.989575 -0.858854 
-0.406795 -0.994345 -0.995859 
-0.406795 -0.852668 -0.96475 
-0.406795 -0.966825 -0.999365 
-0.406795 -0.951559 -0.828367 
-0.406795 -0.984782 -0.997876 
-0.9993 -0.994345 -0.480749 
-0.998754 -0.852668 -0.969762 
-0.998754 -0.966825 -0.971509 
-0.998754 -0.984782 -0.855272 
-0.998754 -0.989575 -0.428739 
-0.852668 -0.966825 -0.434712 
-0.852668 -0.984782 -0.983698 
-0.852668 -0.989575 -0.968756 
-0.966825 -0.984782 -0.997245 
-0.966825 -0.989575 -0.981893 
-0.984782 -0.989575 -0.469095 
-0.86056 -0.96258 -0.418118 
-0.86056 -0.460243 -0.481169 
-0.86056 -0.521224 -0.973814 
-0.96258 -0.460243 -0.828367 
-0.992734 -0.991786 -0.430496 
-0.992734 -0.994833 -0.847618 
-0.992734 -0.460243 -0.999127 
-0.992734 -0.521224 -0.997751 
-0.999612 -0.460243 -0.997364 
-0.991786 -0.994833 -0.44343 
-0.991786 -0.521224 -0.995466 
-0.994833 -0.521224 -0.99668 
-0.460243 -0.521224 -0.874763 
-0.460243 -0.869489 -0.973325 
-0.971947 -0.521224 -0.846268 
-0.971947 -0.869489 -0.441515 
-0.521224 -0.869489 -0.433532 
-0.981489 -0.967008 -0.980292 
-0.981489 -0.895969 -0.991715 
-0.981489 -0.99635 -0.491329 
-0.981489 -0.451555 -0.994482 
-0.981489 -0.449682 -0.980274 
-0.967008 -0.895969 -0.465741 
-0.967008 -0.99635 -0.991927 
-0.967008 -0.961895 -0.856773 
-0.967008 -0.451555 -0.998494 
-0.967008 -0.964958 -0.96395 
-0.967008 -0.449682 -0.863193 
-0.967008 -0.97402 -0.99441 
-0.967008 -0.996918 -0.91973 
-0.895969 -0.961895 -0.599159 
-0.895969 -0.451555 -0.97581 
-0.895969 -0.964958 -0.858099 
-0.895969 -0.449682 -0.604605 
-0.895969 -0.97402 -0.951415 
-0.895969 -0.996918 -0.855567 
-0.971861 -0.852113 -0.49638 
-0.971861 -0.451555 -0.867647 
-0.99635 -0.449682 -0.994297 
-0.852113 -0.451555 -0.450695 
-0.852113 -0.449682 -0.96685 
-0.961895 -0.451555 -0.994089 
-0.961895 -0.964958 -0.496566 
-0.961895 -0.449682 -0.860851 
-0.961895 -0.97402 -0.854628 
-0.961895 -0.996918 -0.525637 
-0.451555 -0.964958 -0.993152 
-0.451555 -0.449682 -0.846913 
-0.451555 -0.97402 -0.994981 
-0.964958 -0.449682 -0.903223 
-0.964958 -0.97402 -0.412749 
-0.964958 -0.996918 -0.836447 
-0.449682 -0.97402 -0.945339 
-0.449682 -0.996918 -0.966622 
-0.97402 -0.996918 -0.95971 
-0.690969 -0.495223 -0.85872 
-0.690969 -0.852401 -0.483094 
-0.690969 -0.998431 -0.998239 
-0.690969 -0.989447 -0.998226 
-0.690969 -0.701299 -0.697892 
-0.984009 -0.98363 -0.864386 
-0.984009 -0.975172 -0.453304 
-0.984009 -0.998431 -0.856711 
-0.984009 -0.989447 -0.470136 
-0.984009 -0.989473 -0.967338 
-0.495223 -0.852401 -0.856303 
-0.495223 -0.975172 -0.999822 
-0.495223 -0.701299 -0.491329 
-0.98363 -0.975172 -0.480749 
-0.98363 -0.998431 -0.999909 
-0.98363 -0.998401 -0.859964 
-0.98363 -0.989447 -0.970703 
-0.98363 -0.989473 -0.424956 
-0.852401 -0.701299 -0.465778 
-0.975172 -0.998431 -0.965319 
-0.975172 -0.998401 -0.970464 
-0.975172 -0.989447 -0.854986 
-0.975172 -0.989473 -0.850958 
-0.998431 -0.989447 -0.452317 
-0.998401 -0.989473 -0.511625 
-0.989447 -0.989473 -0.999505 
-0.960494 -0.843741 -0.418118 
-0.960494 -0.447284 -0.998216 
-0.960494 -0.99418 -0.481169 
-0.995195 -0.981844 -0.968091 
-0.995195 -0.972819 -0.459556 
-0.995195 -0.969652 -0.858854 
-0.843741 -0.999839 -0.995859 
-0.843741 -0.447284 -0.96475 
-0.843741 -0.850673 -0.999365 
-0.843741 -0.99418 -0.828367 
-0.843741 -0.972819 -0.997876 
-0.981844 -0.447284 -0.969762 
-0.981844 -0.850673 -0.971509 
-0.981844 -0.970844 -0.986022 
-0.981844 -0.972819 -0.855272 
-0.981844 -0.969652 -0.428739 
-0.447284 -0.850673 -0.434712 
-0.447284 -0.970844 -0.86183 
-0.447284 -0.972819 -0.983698 
-0.447284 -0.969652 -0.968756 
-0.850673 -0.970844 -0.487599 
-0.850673 -0.972819 -0.997245 
-0.850673 -0.969652 -0.981893 
-0.970844 -0.969652 -0.997146 
-0.972819 -0.969652 -0.469095 
-0.85872 -0.483094 -0.856303 
-0.85872 -0.697892 -0.491329 
-0.483094 -0.999648 -0.998513 
-0.483094 -0.979807 -0.988752 
-0.483094 -0.697892 -0.465778 
-0.483094 -0.996703 -0.987904 
-0.999648 -0.979807 -0.571157 
-0.999648 -0.996703 -0.532931 
-0.999648 -0.985359 -0.969498 
-0.979807 -0.996703 -0.841236 
-0.979807 -0.985359 -0.855896 
-0.998239 -0.998226 -0.452317 
-0.996703 -0.985359 -0.998123 
-0.997355 -0.418118 -0.995072 
-0.418118 -0.998216 -0.96475 
-0.418118 -0.481169 -0.828367 
-0.481169 -0.973814 -0.874763 
-0.999607 -0.849349 -0.856859 
-0.999607 -0.425013 -0.966534 
-0.999607 -0.962425 -0.496307 
-0.838359 -0.999534 -0.86503 
-0.838359 -0.995967 -0.999811 
-0.838359 -0.818293 -0.850778 
-0.838359 -0.849349 -0.997705 
-0.838359 -0.952733 -0.965363 
-0.838359 -0.533465 -0.513422 
-0.838359 -0.425013 -0.957498 
-0.838359 -0.958993 -0.43388 
-0.999534 -0.818293 -0.993478 
-0.999534 -0.533465 -0.972663 
-0.999534 -0.958993 -0.525637 
-0.995967 -0.818293 -0.866004 
-0.995967 -0.952733 -0.475443 
-0.995967 -0.533465 -0.977239 
-0.818293 -0.849349 -0.986654 
-0.818293 -0.952733 -0.472359 
-0.818293 -0.533465 -0.518598 
-0.818293 -0.425013 -0.937908 
-0.818293 -0.958993 -0.956726 
-0.849349 -0.533465 -0.971405 
-0.849349 -0.425013 -0.458407 
-0.849349 -0.962425 -0.409808 
-0.952733 -0.533465 -0.879134 
-0.952733 -0.425013 -0.985548 
-0.952733 -0.958993 -0.994754 
-0.533465 -0.425013 -0.867926 
-0.533465 -0.958993 -0.866 
-0.425013 -0.962425 -0.839123 
-0.425013 -0.958993 -0.994611 
-0.995072 -0.453304 -0.995859 
-0.864386 -0.453304 -0.480749 
-0.864386 -0.856711 -0.999909 
-0.864386 -0.470136 -0.970703 
-0.864386 -0.967338 -0.424956 
-0.453304 -0.856711 -0.965319 
-0.453304 -0.470136 -0.854986 
-0.453304 -0.967338 -0.850958 
-0.856711 -0.973123 -0.502736 
-0.856711 -0.470136 -0.452317 
-0.973123 -0.470136 -0.868528 
-0.470136 -0.967338 -0.999505 
-0.994524 -0.980292 -0.436463 
-0.994524 -0.991715 -0.842447 
-0.994524 -0.491329 -0.999893 
-0.994524 -0.980274 -0.970467 
-0.980292 -0.991715 -0.465741 
-0.980292 -0.491329 -0.991927 
-0.980292 -0.994482 -0.998494 
-0.980292 -0.980274 -0.863193 
-0.856303 -0.491329 -0.465778 
-0.991715 -0.994482 -0.97581 
-0.991715 -0.980274 -0.604605 
-0.491329 -0.980274 -0.994297 
-0.994482 -0.980274 -0.846913 
-0.436463 -0.842447 -0.465741 
-0.436463 -0.958873 -0.956047 
-0.436463 -0.999893 -0.991927 
-0.436463 -0.942797 -0.856773 
-0.436463 -0.992966 -0.96395 
-0.436463 -0.970467 -0.863193 
-0.436463 -0.971171 -0.98382 
-0.436463 -0.459556 -0.85392 
-0.436463 -0.97781 -0.992419 
-0.436463 -0.979772 -0.985644 
-0.436463 -0.858854 -0.969132 
-0.436463 -0.949435 -0.91973 
-0.842447 -0.958873 -0.945347 
-0.842447 -0.942797 -0.599159 
-0.842447 -0.992966 -0.858099 
-0.842447 -0.970467 -0.604605 
-0.842447 -0.971171 -0.993532 
-0.842447 -0.459556 -0.9661 
-0.842447 -0.979772 -0.98811 
-0.842447 -0.858854 -0.999781 
-0.842447 -0.949435 -0.855567 
-0.958873 -0.942797 -0.86503 
-0.958873 -0.993648 -0.999811 
-0.958873 -0.992966 -0.961933 
-0.958873 -0.970467 -0.994643 
-0.958873 -0.971171 -0.850778 
-0.958873 -0.459556 -0.983765 
-0.958873 -0.97781 -0.965363 
-0.958873 -0.979772 -0.513422 
-0.958873 -0.858854 -0.996737 
-0.958873 -0.949435 -0.43388 
-0.968091 -0.999807 -0.449527 
-0.968091 -0.993648 -0.993692 
-0.968091 -0.971171 -0.995903 
-0.968091 -0.459556 -0.855272 
-0.968091 -0.97781 -0.987757 
-0.968091 -0.858854 -0.428739 
-0.999893 -0.970467 -0.994297 
-0.999807 -0.993648 -0.998406 
-0.999807 -0.459556 -0.967263 
-0.999807 -0.97781 -0.995693 
-0.999807 -0.858854 -0.843803 
-0.942797 -0.992966 -0.496566 
-0.942797 -0.970467 -0.860851 
-0.942797 -0.971171 -0.993478 
-0.942797 -0.459556 -0.990612 
-0.942797 -0.979772 -0.972663 
-0.942797 -0.949435 -0.525637 
-0.993648 -0.971171 -0.866004 
-0.993648 -0.459556 -0.987989 
-0.993648 -0.97781 -0.475443 
-0.993648 -0.979772 -0.977239 
-0.993648 -0.858854 -0.985819 
-0.992966 -0.970467 -0.903223 
-0.992966 -0.949435 -0.836447 
-0.970467 -0.949435 -0.966622 
-0.971171 -0.459556 -0.97668 
-0.971171 -0.97781 -0.472359 
-0.971171 -0.979772 -0.518598 
-0.971171 -0.858854 -0.983164 
-0.971171 -0.949435 -0.956726 
-0.459556 -0.97781 -0.973382 
-0.459556 -0.979772 -0.989125 
-0.459556 -0.858854 -0.469095 
-0.459556 -0.949435 -0.986903 
-0.97781 -0.979772 -0.879134 
-0.97781 -0.858854 -0.973852 
-0.97781 -0.949435 -0.994754 
-0.979772 -0.858854 -0.995412 
-0.979772 -0.949435 -0.866 
-0.96475 -0.999365 -0.434712 
-0.96475 -0.997876 -0.983698 
-0.999365 -0.997876 -0.997245 
-0.480749 -0.999909 -0.965319 
-0.480749 -0.859964 -0.970464 
-0.480749 -0.970703 -0.854986 
-0.480749 -0.424956 -0.850958 
-0.999909 -0.970703 -0.452317 
-0.859964 -0.998926 -0.840277 
-0.859964 -0.424956 -0.511625 
-0.859964 -0.970269 -0.453416 
-0.970703 -0.424956 -0.999505 
-0.998926 -0.424956 -0.969252 
-0.998926 -0.970269 -0.444473 
-0.424956 -0.970269 -0.873854 
-0.970753 -0.430496 -0.865899 
-0.970753 -0.847618 -0.496051 
-0.995037 -0.430496 -0.996724 
-0.995037 -0.411845 -0.996464 
-0.995037 -0.993238 -0.430758 
-0.995037 -0.849716 -0.996557 
-0.995037 -0.99962 -0.856859 
-0.995037 -0.994013 -0.496307 
-0.430496 -0.411845 -0.835666 
-0.430496 -0.993238 -0.994464 
-0.430496 -0.847618 -0.44343 
-0.430496 -0.849716 -0.961456 
-0.430496 -0.966526 -0.997889 
-0.430496 -0.997751 -0.995466 
-0.430496 -0.994013 -0.998863 
-0.411845 -0.993238 -0.994244 
-0.411845 -0.847618 -0.96266 
-0.411845 -0.849716 -0.49638 
-0.411845 -0.966526 -0.867647 
-0.411845 -0.99962 -0.997058 
-0.411845 -0.994013 -0.993437 
-0.993238 -0.849716 -0.992292 
-0.993238 -0.966526 -0.998791 
-0.993238 -0.99962 -0.959816 
-0.993238 -0.994013 -0.845822 
-0.847618 -0.849716 -0.998218 
-0.847618 -0.997751 -0.99668 
-0.849716 -0.966526 -0.450695 
-0.849716 -0.99962 -0.996447 
-0.849716 -0.994013 -0.993763 
-0.999127 -0.997751 -0.874763 
-0.99962 -0.994013 -0.409808 
-0.465741 -0.956047 -0.945347 
-0.465741 -0.856773 -0.599159 
-0.465741 -0.998494 -0.97581 
-0.465741 -0.96395 -0.858099 
-0.465741 -0.863193 -0.604605 
-0.465741 -0.99441 -0.951415 
-0.465741 -0.98382 -0.993532 
-0.465741 -0.85392 -0.9661 
-0.465741 -0.985644 -0.98811 
-0.465741 -0.969132 -0.999781 
-0.465741 -0.91973 -0.855567 
-0.956047 -0.856773 -0.86503 
-0.956047 -0.96395 -0.961933 
-0.956047 -0.863193 -0.994643 
-0.956047 -0.99441 -0.997723 
-0.956047 -0.98382 -0.850778 
-0.956047 -0.85392 -0.983765 
-0.956047 -0.992419 -0.965363 
-0.956047 -0.985644 -0.513422 
-0.956047 -0.969132 -0.996737 
-0.956047 -0.91973 -0.43388 
-0.991927 -0.863193 -0.994297 
-0.856773 -0.998494 -0.994089 
-0.856773 -0.96395 -0.496566 
-0.856773 -0.863193 -0.860851 
-0.856773 -0.99441 -0.854628 
-0.856773 -0.98382 -0.993478 
-0.856773 -0.85392 -0.990612 
-0.856773 -0.985644 -0.972663 
-0.856773 -0.91973 -0.525637 
-0.998494 -0.96395 -0.993152 
-0.998494 -0.863193 -0.846913 
-0.998494 -0.99441 -0.994981 
-0.96395 -0.863193 -0.903223 
-0.96395 -0.99441 -0.412749 
-0.96395 -0.91973 -0.836447 
-0.863193 -0.99441 -0.945339 
-0.863193 -0.91973 -0.966622 
-0.99441 -0.91973 -0.95971 
-0.98382 -0.85392 -0.97668 
-0.98382 -0.992419 -0.472359 
-0.98382 -0.985644 -0.518598 
-0.98382 -0.969132 -0.983164 
-0.98382 -0.91973 -0.956726 
-0.85392 -0.992419 -0.973382 
-0.85392 -0.985644 -0.989125 
-0.85392 -0.969132 -0.469095 
-0.85392 -0.91973 -0.986903 
-0.992419 -0.985644 -0.879134 
-0.992419 -0.969132 -0.973852 
-0.992419 -0.91973 -0.994754 
-0.985644 -0.969132 -0.995412 
-0.985644 -0.91973 -0.866 
-0.998513 -0.988752 -0.571157 
-0.998513 -0.987904 -0.532931 
-0.988752 -0.987904 -0.841236 
-0.852139 -0.946542 -0.571157 
-0.852139 -0.496051 -0.970193 
-0.852139 -0.962497 -0.532931 
-0.852139 -0.994962 -0.969498 
-0.852139 -0.411506 -0.492063 
-0.852139 -0.990308 -0.86182 
-0.946542 -0.496051 -0.995856 
-0.946542 -0.962497 -0.841236 
-0.946542 -0.994962 -0.855896 
-0.946542 -0.411506 -0.831605 
-0.946542 -0.990308 -0.960555 
-0.865899 -0.496051 -0.44343 
-0.865899 -0.411506 -0.966958 
-0.496051 -0.962497 -0.998178 
-0.496051 -0.411506 -0.854483 
-0.962497 -0.994962 -0.998123 
-0.962497 -0.411506 -0.85545 
-0.962497 -0.990308 -0.478534 
-0.994962 -0.411506 -0.983661 
-0.411506 -0.990308 -0.947306 
-0.571157 -0.970193 -0.995856 
-0.571157 -0.97096 -0.999029 
-0.571157 -0.99895 -0.965352 
-0.571157 -0.532931 -0.841236 
-0.571157 -0.969498 -0.855896 
-0.571157 -0.492063 -0.831605 
-0.571157 -0.86182 -0.960555 
-0.970193 -0.532931 -0.998178 
-0.970193 -0.492063 -0.854483 
-0.97096 -0.532931 -0.866411 
-0.97096 -0.492063 -0.991708 
-0.97096 -0.86182 -0.468524 
-0.99895 -0.969498 -0.412749 
-0.532931 -0.969498 -0.998123 
-0.532931 -0.492063 -0.85545 
-0.532931 -0.86182 -0.478534 
-0.969498 -0.492063 -0.983661 
-0.492063 -0.86182 -0.947306 
-0.965319 -0.854986 -0.452317 
-0.970464 -0.850958 -0.511625 
-0.854986 -0.850958 -0.999505 
-0.860289 -0.996724 -0.999668 
-0.860289 -0.430758 -0.502736 
-0.860289 -0.968371 -0.452317 
-0.860289 -0.856859 -0.999846 
-0.860289 -0.496307 -0.970894 
-0.996724 -0.996464 -0.835666 
-0.996724 -0.430758 -0.994464 
-0.996724 -0.996557 -0.961456 
-0.996724 -0.496307 -0.998863 
-0.996464 -0.430758 -0.994244 
-0.996464 -0.996557 -0.49638 
-0.996464 -0.856859 -0.997058 
-0.996464 -0.496307 -0.993437 
-0.430758 -0.968371 -0.868528 
-0.430758 -0.996557 -0.992292 
-0.430758 -0.856859 -0.959816 
-0.430758 -0.966534 -0.997253 
-0.430758 -0.496307 -0.845822 
-0.996557 -0.856859 -0.996447 
-0.996557 -0.496307 -0.993763 
-0.856859 -0.966534 -0.458407 
-0.856859 -0.496307 -0.409808 
-0.966534 -0.496307 -0.839123 
-0.945347 -0.599159 -0.86503 
-0.945347 -0.858099 -0.961933 
-0.945347 -0.604605 -0.994643 
-0.945347 -0.951415 -0.997723 
-0.945347 -0.993532 -0.850778 
-0.945347 -0.9661 -0.983765 
-0.945347 -0.98811 -0.513422 
-0.945347 -0.999781 -0.996737 
-0.945347 -0.855567 -0.43388 
-0.599159 -0.97581 -0.994089 
-0.599159 -0.858099 -0.496566 
-0.599159 -0.604605 -0.860851 
-0.599159 -0.951415 -0.854628 
-0.599159 -0.993532 -0.993478 
-0.599159 -0.9661 -0.990612 
-0.599159 -0.98811 -0.972663 
-0.599159 -0.855567 -0.525637 
-0.97581 -0.858099 -0.993152 
-0.97581 -0.604605 -0.846913 
-0.97581 -0.951415 -0.994981 
-0.858099 -0.604605 -0.903223 
-0.858099 -0.951415 -0.412749 
-0.858099 -0.855567 -0.836447 
-0.604605 -0.951415 -0.945339 
-0.604605 -0.855567 -0.966622 
-0.951415 -0.855567 -0.95971 
-0.993532 -0.9661 -0.97668 
-0.993532 -0.98811 -0.518598 
-0.993532 -0.999781 -0.983164 
-0.993532 -0.855567 -0.956726 
-0.9661 -0.98811 -0.989125 
-0.9661 -0.999781 -0.469095 
-0.9661 -0.855567 -0.986903 
-0.98811 -0.999781 -0.995412 
-0.98811 -0.855567 -0.866 
-0.995856 -0.841236 -0.998178 
-0.995856 -0.831605 -0.854483 
-0.999029 -0.841236 -0.866411 
-0.999029 -0.831605 -0.991708 
-0.999029 -0.960555 -0.468524 
-0.999907 -0.965352 -0.496566 
-0.999907 -0.855896 -0.854628 
-0.965352 -0.855896 -0.412749 
-0.841236 -0.855896 -0.998123 
-0.841236 -0.831605 -0.85545 
-0.841236 -0.960555 -0.478534 
-0.855896 -0.831605 -0.983661 
-0.831605 -0.960555 -0.947306 
-0.999668 -0.502736 -0.994464 
-0.999668 -0.970894 -0.998863 
-0.502736 -0.452317 -0.868528 
-0.502736 -0.999846 -0.959816 
-0.502736 -0.970894 -0.845822 
-0.999846 -0.970894 -0.409808 
-0.835666 -0.994464 -0.994244 
-0.835666 -0.44343 -0.96266 
-0.835666 -0.961456 -0.49638 
-0.835666 -0.997889 -0.867647 
-0.835666 -0.998863 -0.993437 
-0.994464 -0.961456 -0.992292 
-0.994464 -0.997889 -0.998791 
-0.994464 -0.998863 -0.845822 
-0.44343 -0.961456 -0.998218 
-0.44343 -0.995466 -0.99668 
-0.44343 -0.966958 -0.854483 
-0.961456 -0.997889 -0.450695 
-0.961456 -0.998863 -0.993763 
-0.994244 -0.49638 -0.992292 
-0.994244 -0.867647 -0.998791 
-0.994244 -0.997058 -0.959816 
-0.994244 -0.993437 -0.845822 
-0.96266 -0.49638 -0.998218 
-0.49638 -0.867647 -0.450695 
-0.49638 -0.997058 -0.996447 
-0.49638 -0.993437 -0.993763 
-0.997058 -0.993437 -0.409808 
-0.992292 -0.998791 -0.450695 
-0.992292 -0.959816 -0.996447 
-0.992292 -0.845822 -0.993763 
-0.959816 -0.997253 -0.458407 
-0.959816 -0.845822 -0.409808 
-0.997253 -0.845822 -0.839123 
-0.840277 -0.511625 -0.969252 
-0.840277 -0.453416 -0.444473 
-0.840277 -0.959148 -0.443935 
-0.840277 -0.996525 -0.857431 
-0.511625 -0.453416 -0.873854 
-0.511625 -0.959148 -0.99885 
-0.453416 -0.959148 -0.848453 
-0.453416 -0.996525 -0.966846 
-0.959148 -0.996525 -0.475443 
-0.998178 -0.854483 -0.85545 
-0.86503 -0.961933 -0.496566 
-0.86503 -0.994643 -0.860851 
-0.86503 -0.997723 -0.854628 
-0.86503 -0.850778 -0.993478 
-0.86503 -0.983765 -0.990612 
-0.86503 -0.513422 -0.972663 
-0.86503 -0.43388 -0.525637 
-0.999811 -0.850778 -0.866004 
-0.999811 -0.983765 -0.987989 
-0.999811 -0.965363 -0.475443 
-0.999811 -0.513422 -0.977239 
-0.999811 -0.996737 -0.985819 
-0.961933 -0.994643 -0.903223 
-0.961933 -0.997723 -0.412749 
-0.961933 -0.43388 -0.836447 
-0.994643 -0.997723 -0.945339 
-0.994643 -0.43388 -0.966622 
-0.997723 -0.43388 -0.95971 
-0.850778 -0.997705 -0.986654 
-0.850778 -0.983765 -0.97668 
-0.850778 -0.965363 -0.472359 
-0.850778 -0.513422 -0.518598 
-0.850778 -0.957498 -0.937908 
-0.850778 -0.996737 -0.983164 
-0.850778 -0.43388 -0.956726 
-0.997705 -0.513422 -0.971405 
-0.997705 -0.957498 -0.458407 
-0.983765 -0.965363 -0.973382 
-0.983765 -0.513422 -0.989125 
-0.983765 -0.996737 -0.469095 
-0.983765 -0.43388 -0.986903 
-0.965363 -0.513422 -0.879134 
-0.965363 -0.957498 -0.985548 
-0.965363 -0.996737 -0.973852 
-0.965363 -0.43388 -0.994754 
-0.513422 -0.957498 -0.867926 
-0.513422 -0.996737 -0.995412 
-0.513422 -0.43388 -0.866 
-0.957498 -0.43388 -0.994611 
-0.969762 -0.996348 -0.969704 
-0.969762 -0.971509 -0.434712 
-0.969762 -0.449527 -0.990373 
-0.969762 -0.986022 -0.86183 
-0.969762 -0.855272 -0.983698 
-0.969762 -0.428739 -0.968756 
-0.996348 -0.971509 -0.865783 
-0.996348 -0.449527 -0.989453 
-0.996348 -0.965884 -0.998065 
-0.996348 -0.986022 -0.470891 
-0.996348 -0.849235 -0.993422 
-0.971509 -0.449527 -0.982399 
-0.971509 -0.986022 -0.487599 
-0.971509 -0.849235 -0.997263 
-0.971509 -0.855272 -0.997245 
-0.971509 -0.428739 -0.981893 
-0.449527 -0.965884 -0.846268 
-0.449527 -0.986022 -0.984101 
-0.449527 -0.993692 -0.998406 
-0.449527 -0.849235 -0.441515 
-0.449527 -0.855272 -0.967263 
-0.449527 -0.987757 -0.995693 
-0.449527 -0.428739 -0.843803 
-0.965884 -0.849235 -0.433532 
-0.965884 -0.428739 -0.999421 
-0.986022 -0.849235 -0.993564 
-0.986022 -0.428739 -0.997146 
-0.993692 -0.995903 -0.866004 
-0.993692 -0.855272 -0.987989 
-0.993692 -0.987757 -0.475443 
-0.993692 -0.428739 -0.985819 
-0.849235 -0.428739 -0.964697 
-0.995903 -0.855272 -0.97668 
-0.995903 -0.987757 -0.472359 
-0.995903 -0.428739 -0.983164 
-0.855272 -0.987757 -0.973382 
-0.855272 -0.428739 -0.469095 
-0.987757 -0.428739 -0.973852 
-0.969704 -0.434712 -0.865783 
-0.969704 -0.990373 -0.989453 
-0.969704 -0.86183 -0.470891 
-0.434712 -0.990373 -0.982399 
-0.434712 -0.86183 -0.487599 
-0.434712 -0.983698 -0.997245 
-0.434712 -0.968756 -0.981893 
-0.990373 -0.86183 -0.984101 
-0.990373 -0.983698 -0.967263 
-0.990373 -0.968756 -0.843803 
-0.86183 -0.968756 -0.997146 
-0.983698 -0.968756 -0.469095 
-0.865783 -0.989453 -0.982399 
-0.865783 -0.470891 -0.487599 
-0.865783 -0.993422 -0.997263 
-0.865783 -0.468524 -0.973135 
-0.989453 -0.998065 -0.846268 
-0.989453 -0.470891 -0.984101 
-0.989453 -0.993422 -0.441515 
-0.998065 -0.993422 -0.433532 
-0.470891 -0.993422 -0.993564 
-0.470891 -0.866411 -0.971456 
-0.470891 -0.468524 -0.861259 
-0.866411 -0.991708 -0.85545 
-0.866411 -0.468524 -0.478534 
-0.991708 -0.468524 -0.947306 
-0.982399 -0.487599 -0.984101 
-0.982399 -0.997263 -0.441515 
-0.982399 -0.997245 -0.967263 
-0.982399 -0.981893 -0.843803 
-0.487599 -0.997263 -0.993564 
-0.487599 -0.973135 -0.861259 
-0.487599 -0.981893 -0.997146 
-0.997263 -0.981893 -0.964697 
-0.997245 -0.981893 -0.469095 
-0.450695 -0.96685 -0.846913 
-0.996447 -0.993763 -0.409808 
-0.874763 -0.973325 -0.433532 
-0.846268 -0.441515 -0.433532 
-0.846268 -0.843803 -0.999421 
-0.984101 -0.441515 -0.993564 
-0.984101 -0.843803 -0.997146 
-0.998406 -0.967263 -0.987989 
-0.998406 -0.995693 -0.475443 
-0.998406 -0.843803 -0.985819 
-0.441515 -0.843803 -0.964697 
-0.967263 -0.995693 -0.973382 
-0.967263 -0.843803 -0.469095 
-0.995693 -0.843803 -0.973852 
-0.969252 -0.444473 -0.873854 
-0.969252 -0.443935 -0.99885 
-0.444473 -0.443935 -0.848453 
-0.444473 -0.969482 -0.999668 
-0.444473 -0.857431 -0.966846 
-0.443935 -0.969482 -0.866004 
-0.443935 -0.9986 -0.987989 
-0.443935 -0.857431 -0.475443 
-0.443935 -0.997517 -0.985819 
-0.969482 -0.9986 -0.97668 
-0.969482 -0.857431 -0.472359 
-0.969482 -0.997517 -0.983164 
-0.9986 -0.857431 -0.973382 
-0.9986 -0.997517 -0.469095 
-0.857431 -0.997517 -0.973852 
-0.873854 -0.99885 -0.848453 
-0.994089 -0.496566 -0.993152 
-0.994089 -0.860851 -0.846913 
-0.994089 -0.854628 -0.994981 
-0.496566 -0.860851 -0.903223 
-0.496566 -0.854628 -0.412749 
-0.496566 -0.525637 -0.836447 
-0.860851 -0.854628 -0.945339 
-0.860851 -0.525637 -0.966622 
-0.854628 -0.525637 -0.95971 
-0.993478 -0.990612 -0.97668 
-0.993478 -0.972663 -0.518598 
-0.993478 -0.525637 -0.956726 
-0.990612 -0.972663 -0.989125 
-0.990612 -0.525637 -0.986903 
-0.972663 -0.525637 -0.866 
-0.993152 -0.846913 -0.903223 
-0.993152 -0.994981 -0.412749 
-0.846913 -0.994981 -0.945339 
-0.433532 -0.999421 -0.964697 
-0.993564 -0.997146 -0.964697 
-0.971456 -0.861259 -0.478534 
-0.848453 -0.999668 -0.866004 
-0.848453 -0.966846 -0.475443 
-0.999668 -0.966846 -0.472359 
-0.866004 -0.987989 -0.97668 
-0.866004 -0.475443 -0.472359 
-0.866004 -0.977239 -0.518598 
-0.866004 -0.985819 -0.983164 
-0.987989 -0.475443 -0.973382 
-0.987989 -0.977239 -0.989125 
-0.987989 -0.985819 -0.469095 
-0.475443 -0.977239 -0.879134 
-0.475443 -0.985819 -0.973852 
-0.977239 -0.985819 -0.995412 
-0.903223 -0.412749 -0.945339 
-0.903223 -0.836447 -0.966622 
-0.412749 -0.836447 -0.95971 
-0.945339 -0.966622 -0.95971 
-0.998123 -0.85545 -0.983661 
-0.85545 -0.478534 -0.947306 
-0.986654 -0.518598 -0.971405 
-0.986654 -0.937908 -0.458407 
-0.97668 -0.472359 -0.973382 
-0.97668 -0.518598 -0.989125 
-0.97668 -0.983164 -0.469095 
-0.97668 -0.956726 -0.986903 
-0.472359 -0.518598 -0.879134 
-0.472359 -0.937908 -0.985548 
-0.472359 -0.983164 -0.973852 
-0.472359 -0.956726 -0.994754 
-0.518598 -0.937908 -0.867926 
-0.518598 -0.983164 -0.995412 
-0.518598 -0.956726 -0.866 
-0.937908 -0.956726 -0.994611 
-0.971405 -0.458407 -0.867926 
-0.458407 -0.409808 -0.839123 
-0.973382 -0.989125 -0.879134 
-0.973382 -0.469095 -0.973852 
-0.973382 -0.986903 -0.994754 
-0.989125 -0.469095 -0.995412 
-0.989125 -0.986903 -0.866 
-0.879134 -0.985548 -0.867926 
-0.879134 -0.973852 -0.995412 
-0.879134 -0.994754 -0.866 
-0.985548 -0.994754 -0.994611 
-0.867926 -0.866 -0.994611 
