4.28278
1.33505
1.35991
3.76126
2.61417
4.234
2.59756
3.75623
4.81398
3.95901
4.46708
3.72267
2.60329
4.59852
4.97698
4.41918
4.47397
3.83601
4.47895
4.04207
2.66505
4.57257
1.26465
3.81976
2.51665
4.18807
3.63618
1.31094
3.29758
4.85821
4.92835
4.76493
1.28247
2.39309
4.79625
4.80553
1.19951
4.94967
4.65162
4.91211
2.52689
3.76301
3.48039
4.2478
4.42993
2.57718
3.6761
4.5711
4.9718
4.5266
4.6773
1.29172
3.87908
1.40849
2.6373
4.13949
3.76694
2.84039
3.877
4.76174
2.52344
3.66274
1.27614
3.72385
1.27281
3.93017
4.79531
1.83125
4.2213
1.35702
4.20855
2.52523
3.95974
4.89054
4.88859
4.4246
1.8638
4.42568
3.63598
4.6968
2.47289
4.98818
4.15062
1.26857
2.51456
4.64304
3.85292
3.90025
3.82541
2.56522
1.33389
4.97435
4.08837
4.87793
4.8771
1.85295
4.78249
4.26804
4.82187
1.21835
4.87648
1.33027
3.92498
4.97142
2.44169
4.96626
4.73973
2.33326
2.50647
3.49951
1.43367
1.22999
3.67305
3.6081
4.69012
2.6025
1.27926
2.55233
3.90774
1.30976
3.77406
4.66095
4.10283
2.54973
4.98699
4.52336
1.34954
4.65874
4.1023
1.24964
2.4653
3.6059
3.79047
4.99214
4.98589
3.34822
4.61598
4.58232
3.84414
3.8606
1.29048
4.03091
4.08733
2.56609
3.44672
4.73364
3.71958
4.95425
2.38622
4.85455
1.32948
4.99331
2.57329
3.84962
4.92379
1.2299
3.83954
3.85079
4.68825
1.23935
1.20787
4.59562
2.49598
2.5087
4.93766
3.75663
4.84665
4.97241
4.63449
1.30171
3.55553
4.5331
2.55273
4.89473
3.70332
2.59454
4.65495
4.21494
2.5347
4.55609
4.27819
3.81362
3.0661
4.89601
4.3962
1.30177
4.82244
4.3626
2.5236
3.40259
2.6127
1.35862
3.67447
4.6842
1.2073
4.46095
1.51542
3.8378
3.85564
4.92542
1.43255
3.82189
1.35095
2.58544
3.7313
3.84406
2.54139
2.51631
2.57541
4.78374
4.76842
1.2398
3.79665
4.77382
2.55328
3.7568
1.35912
3.38492
1.58081
3.97648
2.56122
1.59404
3.47807
4.61014
3.74761
4.37064
4.98395
2.54507
4.73345
4.93087
4.9932
3.73199
2.45824
2.54715
2.40386
3.63714
4.9758
1.37162
1.2775
4.98873
3.85408
2.42643
4.65779
1.26179
3.65428
4.85537
4.71171
3.76586
4.91953
4.64633
3.67767
1.35926
2.6246
4.80373
4.60545
2.63066
4.55012
4.91466
3.6233
4.81563
2.48522
2.4527
1.38918
1.27946
3.61095
4.77195
4.87659
4.78112
4.874
2.53823
2.60682
4.98619
3.66348
4.66722
4.84488
2.5152
4.84371
4.21309
3.73221
1.39276
3.58107
4.7845
1.24518
4.96418
3.8279
4.7616
3.86859
1.27254
3.74308
4.29183
4.61819
2.50578
4.73609
2.5432
4.3569
1.23634
3.82659
1.24661
4.46378
2.58551
4.21082
3.8052
2.61191
4.42487
4.86669
1.31115
4.6047
2.61617
4.52305
1.3068
4.16826
1.34242
4.81623
3.90804
4.81513
4.15215
4.6491
1.27461
3.76355
4.76741
4.62174
2.67459
3.91274
2.48788
4.22442
4.88891
1.25843
3.77243
4.72429
2.47325
3.81633
1.26362
1.26267
3.82154
4.90178
2.55693
4.83195
2.66807
4.91864
4.63834
1.35962
2.57908
2.53914
4.60746
4.47411
3.89643
1.41749
4.59137
2.49174
4.68525
1.24457
4.95821
4.61176
3.86736
2.58176
4.80907
2.50102
4.97584
3.76346
2.61341
4.36591
1.31957
4.01506
4.28448
2.90406
1.20937
2.43083
3.38481
3.75868
3.71849
4.8704
2.54433
1.32533
4.20961
3.62133
4.31503
3.99979
1.31386
1.40317
3.28142
4.19311
3.5674
3.41406
3.86613
1.28841
1.20449
3.91417
4.41135
1.30785
4.32435
2.70659
4.27476
3.92592
4.67309
2.62652
4.70868
2.61338
2.44606
4.66551
