4.28278 1.35991 3.83601 2.59756 4.47895 1.33389 
4.28278 1.35991 3.83601 4.41918 1.31094 4.26804 
1.33505 1.35991 1.83125 2.61417 1.35702 2.56522 
1.33505 1.35991 1.83125 2.59756 2.52523 1.33389 
1.33505 1.35991 1.83125 2.60329 1.8638 1.85295 
1.33505 3.76126 4.2213 4.234 4.20855 2.6025 
1.33505 3.76126 4.2213 3.75623 3.95974 1.27926 
1.33505 3.76126 4.2213 3.72267 4.4246 1.30976 
1.33505 2.61417 1.35702 2.59756 2.52523 2.54973 
1.33505 2.61417 1.35702 2.60329 1.8638 1.34954 
1.33505 4.234 4.20855 3.75623 3.95974 1.32948 
1.33505 4.234 4.20855 3.72267 4.4246 3.84962 
1.33505 2.59756 2.52523 2.60329 1.8638 1.30177 
1.33505 3.75623 3.95974 3.72267 4.4246 2.54139 
1.35991 2.61417 2.56522 2.59756 1.33389 2.54973 
1.35991 2.61417 2.56522 2.60329 1.85295 1.34954 
1.35991 2.59756 1.33389 2.60329 1.85295 1.30177 
3.76126 4.234 2.6025 3.75623 1.27926 1.32948 
3.76126 4.234 2.6025 3.72267 1.30976 3.84962 
3.76126 3.75623 1.27926 3.95901 2.55233 3.7313 
3.76126 3.75623 1.27926 3.72267 1.30976 2.54139 
3.76126 3.95901 2.55233 4.46708 3.90774 1.37162 
3.76126 3.95901 2.55233 3.72267 1.30976 1.2775 
3.76126 4.46708 3.90774 3.72267 1.30976 2.63066 
2.61417 2.59756 2.54973 2.60329 1.34954 1.30177 
4.234 3.75623 1.32948 3.72267 3.84962 2.54139 
3.75623 3.95901 3.7313 3.72267 2.54139 1.2775 
3.95901 4.46708 1.37162 3.72267 1.2775 2.63066 
4.47397 3.81976 3.66274 2.51665 3.72385 1.35962 
4.47397 3.81976 3.66274 4.18807 1.27281 2.57908 
4.47397 3.81976 3.66274 1.31094 3.93017 2.53914 
4.47397 2.51665 3.72385 4.18807 1.27281 2.90406 
4.47397 2.51665 3.72385 1.31094 3.93017 1.20937 
4.47397 4.18807 1.27281 1.31094 3.93017 3.38481 
3.83601 4.47895 1.33389 1.26465 4.08837 4.3962 
3.83601 1.26465 4.08837 1.31094 4.26804 2.54715 
4.47895 1.26465 4.3962 3.63618 4.3626 2.45824 
4.04207 2.66505 2.5236 1.26465 3.40259 1.51542 
4.04207 2.66505 2.5236 3.63618 3.67447 1.43255 
4.04207 2.66505 2.5236 3.29758 1.2073 1.35095 
4.04207 1.26465 3.40259 3.63618 3.67447 2.45824 
4.04207 1.26465 3.40259 3.29758 1.2073 2.40386 
4.04207 3.63618 3.67447 3.29758 1.2073 2.54433 
2.66505 1.26465 1.51542 3.63618 1.43255 2.45824 
2.66505 1.26465 1.51542 1.31094 3.82189 2.54715 
2.66505 1.26465 1.51542 3.29758 1.35095 2.40386 
2.66505 3.63618 1.43255 3.29758 1.35095 2.54433 
2.66505 1.31094 3.82189 3.29758 1.35095 4.20961 
1.26465 2.51665 3.73199 1.31094 2.54715 1.20937 
1.26465 3.63618 2.45824 3.29758 2.40386 2.54433 
1.26465 1.31094 2.54715 3.29758 2.40386 4.20961 
3.81976 2.51665 1.35962 4.18807 2.57908 2.90406 
3.81976 2.51665 1.35962 1.31094 2.53914 1.20937 
3.81976 4.18807 2.57908 1.31094 2.53914 3.38481 
2.51665 4.18807 2.90406 1.31094 1.20937 3.38481 
1.28247 2.39309 3.63598 1.19951 2.47289 1.21835 
1.28247 1.19951 2.47289 2.52689 1.26857 3.71958 
1.28247 2.52689 1.26857 3.76301 2.51456 1.24661 
1.28247 2.52689 1.26857 4.2478 3.90025 4.21082 
1.28247 2.52689 1.26857 4.42993 3.82541 3.8052 
1.28247 3.76301 2.51456 4.42993 3.82541 4.15215 
1.28247 4.2478 3.90025 4.42993 3.82541 1.30785 
2.39309 1.19951 1.21835 3.48039 1.33027 2.38622 
2.52689 3.76301 1.24661 4.42993 3.8052 4.15215 
2.52689 4.2478 4.21082 4.42993 3.8052 1.30785 
2.57718 3.6761 1.21835 1.29172 1.33027 2.38622 
2.57718 1.29172 1.33027 1.40849 3.92498 2.67459 
1.29172 1.40849 2.67459 2.6373 3.91274 1.24457 
3.87908 1.40849 2.48788 2.6373 1.25843 1.24457 
4.13949 3.76694 4.10283 1.27281 4.1023 2.59454 
3.76694 2.84039 1.30171 3.66274 2.55273 1.58081 
3.76694 2.84039 1.30171 3.72385 3.70332 2.56122 
3.76694 2.84039 1.30171 1.27281 2.59454 1.59404 
3.76694 3.66274 2.55273 3.72385 3.70332 1.35962 
3.76694 3.66274 2.55273 1.27281 2.59454 2.57908 
3.76694 3.72385 3.70332 1.27281 2.59454 2.90406 
2.84039 3.66274 1.58081 3.72385 2.56122 1.35962 
2.84039 3.66274 1.58081 1.27281 1.59404 2.57908 
2.84039 3.66274 1.58081 3.93017 3.47807 2.53914 
2.84039 1.27614 3.97648 1.27281 1.59404 2.49174 
2.84039 3.72385 2.56122 1.27281 1.59404 2.90406 
2.84039 3.72385 2.56122 3.93017 3.47807 1.20937 
2.84039 1.27281 1.59404 3.93017 3.47807 3.38481 
3.877 2.52344 1.35926 1.27614 2.6246 1.27461 
2.52344 1.27614 1.27461 1.27281 3.76355 2.49174 
3.66274 3.72385 1.35962 1.27281 2.57908 2.90406 
3.66274 3.72385 1.35962 3.93017 2.53914 1.20937 
3.66274 1.27281 2.57908 3.93017 2.53914 3.38481 
3.72385 1.27281 2.90406 3.93017 1.20937 3.38481 
1.83125 1.35702 2.56522 2.52523 1.33389 2.54973 
1.83125 1.35702 2.56522 1.8638 1.85295 1.34954 
1.83125 2.52523 1.33389 1.8638 1.85295 1.30177 
4.2213 4.20855 2.6025 3.95974 1.27926 1.32948 
4.2213 4.20855 2.6025 4.4246 1.30976 3.84962 
4.2213 4.20855 2.6025 4.42568 3.77406 1.2299 
4.2213 3.95974 1.27926 4.4246 1.30976 2.54139 
4.2213 3.95974 1.27926 4.42568 3.77406 2.51631 
1.35702 2.52523 2.54973 1.8638 1.34954 1.30177 
4.20855 3.95974 1.32948 4.4246 3.84962 2.54139 
4.20855 3.95974 1.32948 4.42568 1.2299 2.51631 
4.15062 1.26857 3.8279 2.51456 3.86859 1.24661 
4.15062 1.26857 3.8279 3.85292 4.29183 2.58551 
4.15062 1.26857 3.8279 3.90025 2.5432 4.21082 
4.15062 1.26857 3.8279 3.82541 1.23634 3.8052 
4.15062 2.51456 3.86859 3.85292 4.29183 1.34242 
4.15062 2.51456 3.86859 3.82541 1.23634 4.15215 
4.15062 3.90025 2.5432 3.82541 1.23634 1.30785 
1.26857 2.51456 1.24661 3.85292 2.58551 1.34242 
1.26857 2.51456 1.24661 3.82541 3.8052 4.15215 
1.26857 3.90025 4.21082 3.82541 3.8052 1.30785 
2.56522 1.33389 2.54973 1.85295 1.34954 1.30177 
2.44169 2.33326 2.5152 3.49951 3.73221 1.31386 
2.44169 2.33326 2.5152 1.43367 1.39276 1.40317 
2.44169 2.33326 2.5152 1.22999 3.58107 3.28142 
2.44169 2.33326 2.5152 3.6081 1.24518 3.5674 
2.44169 3.49951 3.73221 1.43367 1.39276 2.70659 
2.44169 3.49951 3.73221 1.22999 3.58107 4.27476 
2.44169 1.43367 1.39276 1.22999 3.58107 2.62652 
2.44169 1.43367 1.39276 3.6081 1.24518 2.61338 
2.33326 2.50647 4.31503 1.43367 1.40317 3.86613 
2.33326 2.50647 4.31503 1.22999 3.28142 1.28841 
2.33326 3.49951 1.31386 1.43367 1.40317 2.70659 
2.33326 3.49951 1.31386 1.22999 3.28142 4.27476 
2.33326 1.43367 1.40317 1.22999 3.28142 2.62652 
2.33326 1.43367 1.40317 3.6081 3.5674 2.61338 
2.50647 1.43367 3.86613 1.22999 1.28841 2.62652 
2.50647 1.22999 1.28841 3.67305 1.20449 2.44606 
3.49951 1.43367 2.70659 1.22999 4.27476 2.62652 
2.6025 1.27926 1.32948 1.30976 3.84962 2.54139 
2.6025 1.27926 1.32948 3.77406 1.2299 2.51631 
1.27926 2.55233 3.7313 1.30976 2.54139 1.2775 
2.55233 3.90774 1.37162 1.30976 1.2775 2.63066 
1.24964 2.4653 1.30171 3.6059 3.55553 3.38492 
1.24964 2.4653 1.30171 3.34822 2.55273 1.58081 
1.24964 2.4653 1.30171 3.84414 2.59454 1.59404 
1.24964 2.4653 1.30171 1.29048 2.5347 3.74761 
1.24964 2.4653 1.30171 4.08733 4.27819 4.37064 
1.24964 2.4653 1.30171 3.44672 3.0661 2.54507 
1.24964 3.6059 3.55553 3.34822 2.55273 2.60682 
1.24964 3.6059 3.55553 3.8606 4.21494 2.5152 
1.24964 3.6059 3.55553 1.29048 2.5347 4.21309 
1.24964 3.6059 3.55553 4.08733 4.27819 1.39276 
1.24964 3.6059 3.55553 3.44672 3.0661 1.24518 
1.24964 3.34822 2.55273 3.84414 2.59454 2.57908 
1.24964 3.34822 2.55273 1.29048 2.5347 4.47411 
1.24964 3.34822 2.55273 4.08733 4.27819 3.89643 
1.24964 3.34822 2.55273 3.44672 3.0661 1.41749 
1.24964 3.84414 2.59454 3.44672 3.0661 3.75868 
1.24964 3.8606 4.21494 1.29048 2.5347 3.99979 
1.24964 3.8606 4.21494 4.08733 4.27819 1.40317 
1.24964 3.8606 4.21494 2.56609 3.81362 4.19311 
1.24964 3.8606 4.21494 3.44672 3.0661 3.5674 
1.24964 1.29048 2.5347 4.08733 4.27819 4.41135 
1.24964 1.29048 2.5347 2.56609 3.81362 1.30785 
1.24964 1.29048 2.5347 3.44672 3.0661 4.32435 
1.24964 4.08733 4.27819 3.44672 3.0661 2.61338 
2.4653 3.6059 3.38492 3.34822 1.58081 2.60682 
2.4653 3.6059 3.38492 1.29048 3.74761 4.21309 
2.4653 3.6059 3.38492 4.08733 4.37064 1.39276 
2.4653 3.6059 3.38492 3.44672 2.54507 1.24518 
2.4653 3.34822 1.58081 3.84414 1.59404 2.57908 
2.4653 3.34822 1.58081 1.29048 3.74761 4.47411 
2.4653 3.34822 1.58081 4.08733 4.37064 3.89643 
2.4653 3.34822 1.58081 3.44672 2.54507 1.41749 
2.4653 3.84414 1.59404 3.44672 2.54507 3.75868 
2.4653 1.29048 3.74761 4.08733 4.37064 4.41135 
2.4653 1.29048 3.74761 3.44672 2.54507 4.32435 
2.4653 4.08733 4.37064 3.44672 2.54507 2.61338 
3.6059 3.34822 2.60682 1.29048 4.21309 4.47411 
3.6059 3.34822 2.60682 4.08733 1.39276 3.89643 
3.6059 3.34822 2.60682 3.44672 1.24518 1.41749 
3.6059 3.8606 2.5152 1.29048 4.21309 3.99979 
3.6059 3.8606 2.5152 4.03091 3.73221 1.31386 
3.6059 3.8606 2.5152 4.08733 1.39276 1.40317 
3.6059 3.8606 2.5152 3.44672 1.24518 3.5674 
3.6059 1.29048 4.21309 4.03091 3.73221 3.91417 
3.6059 1.29048 4.21309 4.08733 1.39276 4.41135 
3.6059 1.29048 4.21309 3.44672 1.24518 4.32435 
3.6059 4.03091 3.73221 4.08733 1.39276 2.70659 
3.6059 4.08733 1.39276 3.44672 1.24518 2.61338 
3.79047 1.29048 2.5432 4.03091 4.3569 3.91417 
3.79047 1.29048 2.5432 2.56609 1.23634 1.30785 
3.79047 4.03091 4.3569 2.56609 1.23634 3.92592 
3.34822 3.84414 2.57908 3.44672 1.41749 3.75868 
3.34822 1.29048 4.47411 4.08733 3.89643 4.41135 
3.34822 1.29048 4.47411 3.44672 1.41749 4.32435 
3.34822 4.08733 3.89643 3.44672 1.41749 2.61338 
3.8606 1.29048 3.99979 4.03091 1.31386 3.91417 
3.8606 1.29048 3.99979 4.08733 1.40317 4.41135 
3.8606 1.29048 3.99979 2.56609 4.19311 1.30785 
3.8606 1.29048 3.99979 3.44672 3.5674 4.32435 
3.8606 4.03091 1.31386 4.08733 1.40317 2.70659 
3.8606 4.03091 1.31386 2.56609 4.19311 3.92592 
3.8606 4.08733 1.40317 3.44672 3.5674 2.61338 
1.29048 4.03091 3.91417 4.08733 4.41135 2.70659 
1.29048 4.03091 3.91417 2.56609 1.30785 3.92592 
1.29048 4.08733 4.41135 3.44672 4.32435 2.61338 
1.32948 2.57329 3.84406 1.2299 2.51631 1.38918 
2.57329 1.2299 1.38918 3.83954 1.27946 2.66807 
3.85079 1.23935 2.6127 2.49598 1.35862 1.26179 
1.23935 1.20787 2.42643 2.49598 1.26179 3.67767 
1.23935 1.20787 2.42643 2.5087 3.65428 1.35926 
1.20787 2.5087 1.35926 3.75663 2.6246 1.27461 
1.30171 3.55553 3.38492 2.55273 1.58081 2.60682 
1.30171 3.55553 3.38492 3.70332 2.56122 3.66348 
1.30171 3.55553 3.38492 2.5347 3.74761 4.21309 
1.30171 3.55553 3.38492 4.27819 4.37064 1.39276 
1.30171 3.55553 3.38492 3.0661 2.54507 1.24518 
1.30171 2.55273 1.58081 3.70332 2.56122 1.35962 
1.30171 2.55273 1.58081 2.59454 1.59404 2.57908 
1.30171 2.55273 1.58081 2.5347 3.74761 4.47411 
1.30171 2.55273 1.58081 4.27819 4.37064 3.89643 
1.30171 2.55273 1.58081 3.0661 2.54507 1.41749 
1.30171 3.70332 2.56122 2.59454 1.59404 2.90406 
1.30171 3.70332 2.56122 3.0661 2.54507 2.43083 
1.30171 2.59454 1.59404 3.0661 2.54507 3.75868 
1.30171 2.5347 3.74761 4.27819 4.37064 4.41135 
1.30171 2.5347 3.74761 3.0661 2.54507 4.32435 
1.30171 4.27819 4.37064 3.0661 2.54507 2.61338 
3.55553 2.55273 2.60682 3.70332 3.66348 1.35962 
3.55553 2.55273 2.60682 2.5347 4.21309 4.47411 
3.55553 2.55273 2.60682 4.27819 1.39276 3.89643 
3.55553 2.55273 2.60682 3.0661 1.24518 1.41749 
3.55553 3.70332 3.66348 3.0661 1.24518 2.43083 
3.55553 4.21494 2.5152 2.5347 4.21309 3.99979 
3.55553 4.21494 2.5152 4.27819 1.39276 1.40317 
3.55553 4.21494 2.5152 3.0661 1.24518 3.5674 
3.55553 2.5347 4.21309 4.27819 1.39276 4.41135 
3.55553 2.5347 4.21309 3.0661 1.24518 4.32435 
3.55553 4.27819 1.39276 3.0661 1.24518 2.61338 
2.55273 3.70332 1.35962 2.59454 2.57908 2.90406 
2.55273 3.70332 1.35962 3.0661 1.41749 2.43083 
2.55273 2.59454 2.57908 3.0661 1.41749 3.75868 
2.55273 2.5347 4.47411 4.27819 3.89643 4.41135 
2.55273 2.5347 4.47411 3.0661 1.41749 4.32435 
2.55273 4.27819 3.89643 3.0661 1.41749 2.61338 
3.70332 2.59454 2.90406 3.0661 2.43083 3.75868 
4.21494 2.5347 3.99979 4.27819 1.40317 4.41135 
4.21494 2.5347 3.99979 3.81362 4.19311 1.30785 
4.21494 2.5347 3.99979 3.0661 3.5674 4.32435 
4.21494 4.27819 1.40317 3.0661 3.5674 2.61338 
2.5347 4.27819 4.41135 3.0661 4.32435 2.61338 
2.5236 3.40259 1.51542 3.67447 1.43255 2.45824 
2.5236 3.40259 1.51542 1.2073 1.35095 2.40386 
2.5236 3.40259 1.51542 4.46095 2.58544 3.63714 
2.5236 1.35862 3.8378 1.2073 1.35095 2.53823 
2.5236 3.67447 1.43255 1.2073 1.35095 2.54433 
2.5236 3.67447 1.43255 4.46095 2.58544 1.32533 
2.5236 1.2073 1.35095 4.46095 2.58544 3.41406 
3.40259 3.67447 2.45824 1.2073 2.40386 2.54433 
3.40259 3.67447 2.45824 4.46095 3.63714 1.32533 
3.40259 1.2073 2.40386 4.46095 3.63714 3.41406 
2.6127 1.35862 1.26179 1.2073 3.76586 2.53823 
3.67447 1.2073 2.54433 4.46095 1.32533 3.41406 
1.51542 1.43255 2.45824 1.35095 2.40386 2.54433 
1.51542 1.43255 2.45824 2.58544 3.63714 1.32533 
1.51542 3.82189 2.54715 1.35095 2.40386 4.20961 
1.51542 1.35095 2.40386 2.58544 3.63714 3.41406 
3.85564 1.43255 2.61617 2.58544 1.3068 1.32533 
1.43255 1.35095 2.54433 2.58544 1.32533 3.41406 
2.57541 1.2398 1.37162 3.79665 1.2775 2.63066 
2.57541 1.2398 1.37162 1.35912 3.85408 2.48522 
1.2398 2.55328 3.6233 1.35912 2.48522 1.20449 
2.55328 3.7568 1.28841 1.35912 1.20449 2.44606 
3.38492 1.58081 2.60682 2.56122 3.66348 1.35962 
3.38492 1.58081 2.60682 3.74761 4.21309 4.47411 
3.38492 1.58081 2.60682 4.37064 1.39276 3.89643 
3.38492 1.58081 2.60682 2.54507 1.24518 1.41749 
3.38492 2.56122 3.66348 2.54507 1.24518 2.43083 
3.38492 3.74761 4.21309 4.37064 1.39276 4.41135 
3.38492 3.74761 4.21309 2.54507 1.24518 4.32435 
3.38492 4.37064 1.39276 2.54507 1.24518 2.61338 
1.58081 2.56122 1.35962 1.59404 2.57908 2.90406 
1.58081 2.56122 1.35962 3.47807 2.53914 1.20937 
1.58081 2.56122 1.35962 2.54507 1.41749 2.43083 
1.58081 1.59404 2.57908 3.47807 2.53914 3.38481 
1.58081 1.59404 2.57908 2.54507 1.41749 3.75868 
1.58081 3.47807 2.53914 2.54507 1.41749 3.62133 
1.58081 3.74761 4.47411 4.37064 3.89643 4.41135 
1.58081 3.74761 4.47411 2.54507 1.41749 4.32435 
1.58081 4.37064 3.89643 2.54507 1.41749 2.61338 
2.56122 1.59404 2.90406 3.47807 1.20937 3.38481 
2.56122 1.59404 2.90406 2.54507 2.43083 3.75868 
2.56122 3.47807 1.20937 2.54507 2.43083 3.62133 
1.59404 3.47807 3.38481 2.54507 3.75868 3.62133 
3.74761 4.37064 4.41135 2.54507 4.32435 2.61338 
2.45824 2.40386 2.54433 3.63714 1.32533 3.41406 
2.4527 1.38918 3.81633 1.27946 1.26362 2.66807 
2.4527 1.27946 1.26362 3.61095 1.26267 2.50102 
2.60682 3.66348 1.35962 1.24518 1.41749 2.43083 
2.60682 4.21309 4.47411 1.39276 3.89643 4.41135 
2.60682 4.21309 4.47411 1.24518 1.41749 4.32435 
2.60682 1.39276 3.89643 1.24518 1.41749 2.61338 
2.5152 4.21309 3.99979 3.73221 1.31386 3.91417 
2.5152 4.21309 3.99979 1.39276 1.40317 4.41135 
2.5152 4.21309 3.99979 1.24518 3.5674 4.32435 
2.5152 3.73221 1.31386 1.39276 1.40317 2.70659 
2.5152 3.73221 1.31386 3.58107 3.28142 4.27476 
2.5152 1.39276 1.40317 3.58107 3.28142 2.62652 
2.5152 1.39276 1.40317 1.24518 3.5674 2.61338 
4.21309 3.73221 3.91417 1.39276 4.41135 2.70659 
4.21309 1.39276 4.41135 1.24518 4.32435 2.61338 
3.73221 1.39276 2.70659 3.58107 4.27476 2.62652 
3.8279 3.86859 1.24661 1.27254 4.46378 4.16826 
3.8279 3.86859 1.24661 4.29183 2.58551 1.34242 
3.8279 3.86859 1.24661 1.23634 3.8052 4.15215 
3.8279 1.27254 4.46378 4.29183 2.58551 4.22442 
3.8279 1.27254 4.46378 2.5432 4.21082 3.77243 
3.8279 1.27254 4.46378 1.23634 3.8052 2.47325 
3.8279 2.5432 4.21082 1.23634 3.8052 1.30785 
3.86859 1.27254 4.16826 4.29183 1.34242 4.22442 
3.86859 1.27254 4.16826 1.23634 4.15215 2.47325 
1.27254 3.74308 2.48788 2.50578 1.25843 1.24457 
1.27254 2.50578 1.25843 1.23634 2.47325 3.71849 
1.27254 2.5432 3.77243 1.23634 2.47325 1.30785 
2.5432 4.3569 3.91417 1.23634 1.30785 3.92592 
3.82659 1.24661 2.61191 4.46378 4.42487 4.16826 
3.82659 1.24661 2.61191 2.58551 1.31115 1.34242 
3.82659 4.46378 4.42487 2.58551 1.31115 4.22442 
1.24661 4.46378 4.16826 2.58551 1.34242 4.22442 
1.24661 4.46378 4.16826 3.8052 4.15215 2.47325 
4.46378 4.21082 3.77243 3.8052 2.47325 1.30785 
2.61191 4.42487 4.16826 1.31115 1.34242 4.22442 
2.61191 1.31115 1.34242 1.3068 3.90804 2.58176 
1.31115 2.61617 3.86736 1.3068 2.58176 1.32533 
1.26362 1.26267 2.50102 2.55693 3.76346 1.31957 
1.26267 3.82154 2.61341 2.55693 1.31957 1.31386 
1.35962 2.57908 2.90406 2.53914 1.20937 3.38481 
1.35962 2.57908 2.90406 1.41749 2.43083 3.75868 
1.35962 2.53914 1.20937 1.41749 2.43083 3.62133 
2.57908 2.53914 3.38481 1.41749 3.75868 3.62133 
4.47411 3.89643 4.41135 1.41749 4.32435 2.61338 
2.61341 4.36591 3.99979 1.31957 1.31386 3.91417 
2.61341 4.36591 3.99979 4.01506 1.40317 4.41135 
2.61341 4.36591 3.99979 4.28448 4.19311 1.30785 
2.61341 1.31957 1.31386 4.01506 1.40317 2.70659 
2.61341 1.31957 1.31386 4.28448 4.19311 3.92592 
4.36591 1.31957 3.91417 4.01506 4.41135 2.70659 
4.36591 1.31957 3.91417 4.28448 1.30785 3.92592 
2.90406 1.20937 3.38481 2.43083 3.75868 3.62133 
4.31503 1.40317 3.86613 3.28142 1.28841 2.62652 
3.99979 1.31386 3.91417 1.40317 4.41135 2.70659 
3.99979 1.31386 3.91417 4.19311 1.30785 3.92592 
3.99979 1.40317 4.41135 3.5674 4.32435 2.61338 
1.31386 1.40317 2.70659 3.28142 4.27476 2.62652 
