-0.978331 -0.489483 -0.93708 
-0.978331 -0.873263 -0.950594 
-0.978331 -0.995354 -0.438447 
-0.978331 -0.867678 -0.994275 
-0.978331 -0.998571 -0.97067 
-0.978331 -0.978312 -0.852206 
-0.978331 -0.967203 -0.466508 
-0.978331 -0.998727 -0.999063 
-0.489483 -0.524504 -0.710493 
-0.489483 -0.873263 -0.508345 
-0.489483 -0.879196 -0.86496 
-0.489483 -0.995354 -0.961311 
-0.489483 -0.867678 -0.704754 
-0.489483 -0.978312 -0.980208 
-0.489483 -0.967203 -0.948603 
-0.524504 -0.873263 -0.870838 
-0.524504 -0.879196 -0.514912 
-0.524504 -0.99311 -0.994052 
-0.524504 -0.867678 -0.705838 
-0.524504 -0.99034 -0.998484 
-0.524504 -0.967203 -0.999295 
-0.999846 -0.986907 -0.85928 
-0.999846 -0.990158 -0.445603 
-0.999846 -0.99034 -0.969354 
-0.999846 -0.998727 -0.989715 
-0.873263 -0.879196 -0.867857 
-0.873263 -0.995354 -0.942525 
-0.873263 -0.867678 -0.503778 
-0.873263 -0.967203 -0.979661 
-0.986907 -0.990158 -0.470078 
-0.986907 -0.99311 -0.858381 
-0.986907 -0.99034 -0.438804 
-0.986907 -0.998727 -0.995495 
-0.879196 -0.867678 -0.472895 
-0.990158 -0.99311 -0.970364 
-0.990158 -0.99034 -0.858061 
-0.990158 -0.998727 -0.986248 
-0.995354 -0.867678 -0.993524 
-0.995354 -0.978312 -0.967035 
-0.995354 -0.967203 -0.856577 
-0.99311 -0.99034 -0.491659 
-0.998571 -0.978312 -0.492661 
-0.998571 -0.967203 -0.858786 
-0.998571 -0.998727 -0.511608 
-0.978312 -0.967203 -0.422141 
-0.978312 -0.998727 -0.839405 
-0.967203 -0.998727 -0.96048 
-0.999704 -0.993546 -0.87419 
-0.999704 -0.97067 -0.948236 
-0.999704 -0.852206 -0.967307 
-0.999704 -0.996222 -0.477198 
-0.999704 -0.466508 -0.985331 
-0.999704 -0.999063 -0.98537 
-0.93708 -0.950594 -0.508345 
-0.93708 -0.884447 -0.997559 
-0.93708 -0.438447 -0.961311 
-0.93708 -0.994275 -0.704754 
-0.93708 -0.852206 -0.980208 
-0.93708 -0.466508 -0.948603 
-0.950594 -0.884447 -0.982189 
-0.950594 -0.438447 -0.942525 
-0.950594 -0.994275 -0.503778 
-0.950594 -0.968585 -0.984311 
-0.950594 -0.466508 -0.979661 
-0.950594 -0.99863 -0.995531 
-0.987788 -0.884447 -0.856981 
-0.987788 -0.438447 -0.957097 
-0.987788 -0.968585 -0.941127 
-0.987788 -0.949205 -0.433462 
-0.987788 -0.99863 -0.985376 
-0.884447 -0.438447 -0.581096 
-0.884447 -0.968585 -0.481963 
-0.884447 -0.466508 -0.976948 
-0.884447 -0.949205 -0.493567 
-0.884447 -0.99863 -0.856606 
-0.993546 -0.97067 -0.589016 
-0.993546 -0.852206 -0.849044 
-0.993546 -0.996222 -0.49849 
-0.993546 -0.466508 -0.952461 
-0.993546 -0.999063 -0.845084 
-0.438447 -0.994275 -0.993524 
-0.438447 -0.852206 -0.967035 
-0.438447 -0.968585 -0.856534 
-0.438447 -0.466508 -0.856577 
-0.438447 -0.949205 -0.846503 
-0.438447 -0.99863 -0.962604 
-0.97067 -0.852206 -0.492661 
-0.97067 -0.996222 -0.829704 
-0.97067 -0.466508 -0.858786 
-0.97067 -0.999063 -0.511608 
-0.852206 -0.996222 -0.917499 
-0.852206 -0.466508 -0.422141 
-0.852206 -0.999063 -0.839405 
-0.996222 -0.466508 -0.968916 
-0.996222 -0.999063 -0.937389 
-0.968585 -0.949205 -0.807088 
-0.968585 -0.99863 -0.420503 
-0.466508 -0.949205 -0.991765 
-0.466508 -0.999063 -0.96048 
-0.949205 -0.99863 -0.943452 
-0.468889 -0.999432 -0.996613 
-0.468889 -0.845982 -0.967327 
-0.468889 -0.997316 -0.997779 
-0.468889 -0.431568 -0.855248 
-0.468889 -0.988037 -0.991014 
-0.468889 -0.993249 -0.969515 
-0.468889 -0.858251 -0.440578 
-0.468889 -0.973349 -0.865264 
-0.468889 -0.985418 -0.977515 
-0.468889 -0.987868 -0.97051 
-0.999432 -0.988037 -0.514912 
-0.999432 -0.858251 -0.997869 
-0.999432 -0.995187 -0.705838 
-0.845982 -0.431568 -0.438945 
-0.845982 -0.988037 -0.994785 
-0.845982 -0.995187 -0.993419 
-0.845982 -0.966221 -0.455821 
-0.997316 -0.431568 -0.999972 
-0.997316 -0.988037 -0.996678 
-0.997316 -0.993249 -0.971484 
-0.997316 -0.985418 -0.496962 
-0.997316 -0.987868 -0.862015 
-0.431568 -0.988037 -0.99014 
-0.431568 -0.858251 -0.968117 
-0.431568 -0.995187 -0.993005 
-0.431568 -0.966221 -0.849799 
-0.431568 -0.985418 -0.99606 
-0.988037 -0.858251 -0.998023 
-0.988037 -0.995187 -0.472895 
-0.993249 -0.858251 -0.944547 
-0.993249 -0.973349 -0.959828 
-0.993249 -0.985418 -0.850713 
-0.993249 -0.987868 -0.457016 
-0.858251 -0.973349 -0.500157 
-0.858251 -0.985418 -0.980404 
-0.858251 -0.987868 -0.962815 
-0.973349 -0.985418 -0.997691 
-0.973349 -0.987868 -0.984052 
-0.985418 -0.987868 -0.433966 
-0.87324 -0.973398 -0.438945 
-0.87324 -0.544227 -0.455821 
-0.87324 -0.472476 -0.974756 
-0.973398 -0.544227 -0.849799 
-0.985213 -0.980464 -0.470223 
-0.985213 -0.994123 -0.474307 
-0.985213 -0.996707 -0.85318 
-0.985213 -0.544227 -0.994359 
-0.985213 -0.472476 -0.988931 
-0.985213 -0.863648 -0.997983 
-0.980464 -0.994123 -0.862402 
-0.980464 -0.996707 -0.448244 
-0.980464 -0.544227 -0.993901 
-0.980464 -0.472476 -0.983704 
-0.980464 -0.863648 -0.992679 
-0.994123 -0.996707 -0.968481 
-0.994123 -0.544227 -0.99651 
-0.994123 -0.472476 -0.998861 
-0.996707 -0.472476 -0.997531 
-0.544227 -0.472476 -0.885353 
-0.544227 -0.863648 -0.978452 
-0.972122 -0.472476 -0.864835 
-0.972122 -0.863648 -0.468534 
-0.472476 -0.863648 -0.466361 
-0.998679 -0.964041 -0.438417 
-0.998679 -0.997654 -0.996678 
-0.998679 -0.87419 -0.861736 
-0.998679 -0.948236 -0.95374 
-0.998679 -0.967307 -0.985385 
-0.998679 -0.477198 -0.962579 
-0.998679 -0.98537 -0.981389 
-0.964041 -0.997654 -0.992951 
-0.964041 -0.87419 -0.49188 
-0.964041 -0.948236 -0.851273 
-0.964041 -0.458853 -0.999909 
-0.964041 -0.967307 -0.943045 
-0.964041 -0.477198 -0.838559 
-0.964041 -0.985331 -0.984598 
-0.964041 -0.98537 -0.939618 
-0.997654 -0.477198 -0.994158 
-0.87419 -0.948236 -0.589016 
-0.87419 -0.458853 -0.97387 
-0.87419 -0.967307 -0.849044 
-0.87419 -0.477198 -0.49849 
-0.87419 -0.985331 -0.952461 
-0.87419 -0.98537 -0.845084 
-0.969305 -0.851319 -0.518438 
-0.969305 -0.458853 -0.862876 
-0.851319 -0.458853 -0.431753 
-0.851319 -0.477198 -0.968478 
-0.948236 -0.458853 -0.990619 
-0.948236 -0.967307 -0.492661 
-0.948236 -0.477198 -0.829704 
-0.948236 -0.985331 -0.858786 
-0.948236 -0.98537 -0.511608 
-0.458853 -0.967307 -0.994089 
-0.458853 -0.477198 -0.863315 
-0.458853 -0.985331 -0.999117 
-0.967307 -0.477198 -0.917499 
-0.967307 -0.985331 -0.422141 
-0.967307 -0.98537 -0.839405 
-0.477198 -0.985331 -0.968916 
-0.477198 -0.98537 -0.937389 
-0.985331 -0.98537 -0.96048 
-0.710493 -0.508345 -0.870838 
-0.710493 -0.86496 -0.514912 
-0.710493 -0.704754 -0.705838 
-0.710493 -0.948603 -0.999295 
-0.508345 -0.86496 -0.867857 
-0.508345 -0.997559 -0.982189 
-0.508345 -0.961311 -0.942525 
-0.508345 -0.704754 -0.503778 
-0.508345 -0.948603 -0.979661 
-0.86496 -0.704754 -0.472895 
-0.997559 -0.961311 -0.581096 
-0.997559 -0.948603 -0.976948 
-0.961311 -0.704754 -0.993524 
-0.961311 -0.980208 -0.967035 
-0.961311 -0.948603 -0.856577 
-0.980208 -0.948603 -0.422141 
-0.996613 -0.991014 -0.514912 
-0.996613 -0.440578 -0.997869 
-0.967327 -0.855248 -0.438945 
-0.967327 -0.991014 -0.994785 
-0.997779 -0.855248 -0.999972 
-0.997779 -0.991014 -0.996678 
-0.997779 -0.969515 -0.971484 
-0.997779 -0.977515 -0.496962 
-0.997779 -0.97051 -0.862015 
-0.855248 -0.991014 -0.99014 
-0.855248 -0.440578 -0.968117 
-0.855248 -0.977515 -0.99606 
-0.991014 -0.440578 -0.998023 
-0.969515 -0.440578 -0.944547 
-0.969515 -0.865264 -0.959828 
-0.969515 -0.993556 -0.471417 
-0.969515 -0.969527 -0.983231 
-0.969515 -0.977515 -0.850713 
-0.969515 -0.97051 -0.457016 
-0.440578 -0.865264 -0.500157 
-0.440578 -0.993556 -0.978586 
-0.440578 -0.969527 -0.861067 
-0.440578 -0.977515 -0.980404 
-0.440578 -0.97051 -0.962815 
-0.865264 -0.993556 -0.97815 
-0.865264 -0.969527 -0.416687 
-0.865264 -0.977515 -0.997691 
-0.865264 -0.97051 -0.984052 
-0.993556 -0.969527 -0.9887 
-0.993556 -0.977515 -0.966818 
-0.993556 -0.97051 -0.851362 
-0.969527 -0.97051 -0.99913 
-0.977515 -0.97051 -0.433966 
-0.870838 -0.514912 -0.867857 
-0.870838 -0.705838 -0.503778 
-0.870838 -0.999295 -0.979661 
-0.514912 -0.997869 -0.998023 
-0.514912 -0.705838 -0.472895 
-0.994052 -0.998484 -0.491659 
-0.438945 -0.994785 -0.99014 
-0.438945 -0.993419 -0.993005 
-0.438945 -0.455821 -0.849799 
-0.994785 -0.993419 -0.472895 
-0.455821 -0.974756 -0.885353 
-0.991193 -0.996414 -0.470078 
-0.991193 -0.853161 -0.993201 
-0.991193 -0.99413 -0.438804 
-0.991193 -0.534679 -0.996237 
-0.991193 -0.42809 -0.998866 
-0.991193 -0.965925 -0.995495 
-0.996414 -0.853161 -0.988133 
-0.996414 -0.99413 -0.858061 
-0.996414 -0.534679 -0.994685 
-0.996414 -0.965925 -0.986248 
-0.853161 -0.997959 -0.992304 
-0.853161 -0.837423 -0.806377 
-0.853161 -0.952155 -0.943665 
-0.853161 -0.534679 -0.488247 
-0.853161 -0.42809 -0.966583 
-0.853161 -0.965925 -0.449594 
-0.99413 -0.997959 -0.998708 
-0.99413 -0.42809 -0.998458 
-0.997959 -0.837423 -0.857533 
-0.997959 -0.952155 -0.506258 
-0.997959 -0.534679 -0.975355 
-0.837423 -0.857347 -0.989213 
-0.837423 -0.952155 -0.40986 
-0.837423 -0.534679 -0.530808 
-0.837423 -0.42809 -0.936176 
-0.837423 -0.965925 -0.941809 
-0.857347 -0.534679 -0.971166 
-0.857347 -0.42809 -0.496672 
-0.857347 -0.970292 -0.476341 
-0.952155 -0.534679 -0.866207 
-0.952155 -0.42809 -0.979694 
-0.952155 -0.965925 -0.985081 
-0.534679 -0.42809 -0.861924 
-0.534679 -0.965925 -0.86337 
-0.42809 -0.970292 -0.867341 
-0.42809 -0.965925 -0.999519 
-0.85928 -0.445603 -0.470078 
-0.85928 -0.859228 -0.998232 
-0.85928 -0.994963 -0.993201 
-0.85928 -0.472749 -0.965187 
-0.85928 -0.969354 -0.438804 
-0.85928 -0.989715 -0.995495 
-0.445603 -0.859228 -0.961966 
-0.445603 -0.968164 -0.997233 
-0.445603 -0.994963 -0.988133 
-0.445603 -0.472749 -0.842883 
-0.445603 -0.969354 -0.858061 
-0.445603 -0.989715 -0.986248 
-0.859228 -0.968164 -0.43827 
-0.859228 -0.472749 -0.441752 
-0.968164 -0.472749 -0.847738 
-0.994963 -0.989715 -0.449594 
-0.472749 -0.969354 -0.999195 
-0.472749 -0.989715 -0.999008 
-0.867857 -0.503778 -0.472895 
-0.982189 -0.942525 -0.581096 
-0.982189 -0.984311 -0.481963 
-0.982189 -0.979661 -0.976948 
-0.982189 -0.995531 -0.856606 
-0.942525 -0.503778 -0.993524 
-0.942525 -0.984311 -0.856534 
-0.942525 -0.979661 -0.856577 
-0.942525 -0.995531 -0.962604 
-0.984311 -0.995531 -0.420503 
-0.999972 -0.996678 -0.99014 
-0.999972 -0.496962 -0.99606 
-0.438417 -0.996678 -0.992951 
-0.438417 -0.861736 -0.49188 
-0.438417 -0.990663 -0.971875 
-0.438417 -0.95374 -0.851273 
-0.438417 -0.985385 -0.943045 
-0.438417 -0.962579 -0.838559 
-0.438417 -0.496962 -0.856035 
-0.438417 -0.862015 -0.966999 
-0.438417 -0.981389 -0.939618 
-0.996678 -0.962579 -0.994158 
-0.861736 -0.990663 -0.941479 
-0.861736 -0.95374 -0.589016 
-0.861736 -0.985385 -0.849044 
-0.861736 -0.962579 -0.49849 
-0.861736 -0.496962 -0.970916 
-0.861736 -0.981389 -0.845084 
-0.990663 -0.95374 -0.861103 
-0.990663 -0.985385 -0.962897 
-0.990663 -0.962579 -0.98264 
-0.990663 -0.981389 -0.449594 
-0.971484 -0.496962 -0.850713 
-0.971484 -0.862015 -0.457016 
-0.95374 -0.985385 -0.492661 
-0.95374 -0.962579 -0.829704 
-0.95374 -0.496962 -0.996102 
-0.95374 -0.981389 -0.511608 
-0.985385 -0.962579 -0.917499 
-0.985385 -0.981389 -0.839405 
-0.962579 -0.496962 -0.998598 
-0.962579 -0.981389 -0.937389 
-0.496962 -0.862015 -0.433966 
-0.99014 -0.968117 -0.998023 
-0.99014 -0.993005 -0.472895 
-0.968117 -0.99606 -0.980404 
-0.470078 -0.998232 -0.961966 
-0.470078 -0.858381 -0.970364 
-0.470078 -0.993201 -0.988133 
-0.470078 -0.965187 -0.842883 
-0.470078 -0.438804 -0.858061 
-0.470078 -0.996237 -0.994685 
-0.470078 -0.995495 -0.986248 
-0.998232 -0.965187 -0.441752 
-0.858381 -0.997874 -0.850968 
-0.858381 -0.438804 -0.491659 
-0.858381 -0.966998 -0.444174 
-0.993201 -0.996237 -0.488247 
-0.993201 -0.998866 -0.966583 
-0.993201 -0.995495 -0.449594 
-0.965187 -0.438804 -0.999195 
-0.965187 -0.995495 -0.999008 
-0.997874 -0.438804 -0.965595 
-0.997874 -0.966998 -0.485626 
-0.438804 -0.966998 -0.858422 
-0.438804 -0.998866 -0.998458 
-0.996237 -0.998866 -0.861924 
-0.996237 -0.995495 -0.86337 
-0.998866 -0.995495 -0.999519 
-0.97027 -0.973887 -0.993019 
-0.97027 -0.989111 -0.999769 
-0.97027 -0.470223 -0.862884 
-0.97027 -0.972993 -0.991966 
-0.97027 -0.85318 -0.478849 
-0.973887 -0.989111 -0.853687 
-0.973887 -0.470223 -0.979177 
-0.973887 -0.474307 -0.986639 
-0.973887 -0.972993 -0.457844 
-0.973887 -0.85318 -0.980598 
-0.973887 -0.880149 -0.999432 
-0.973887 -0.97896 -0.869175 
-0.973887 -0.997999 -0.974198 
-0.973887 -0.967661 -0.474404 
-0.989111 -0.470223 -0.991759 
-0.989111 -0.474307 -0.991944 
-0.989111 -0.972993 -0.43827 
-0.989111 -0.85318 -0.993237 
-0.989111 -0.880149 -0.999867 
-0.989111 -0.97896 -0.999513 
-0.989111 -0.967661 -0.963649 
-0.470223 -0.474307 -0.862402 
-0.470223 -0.972993 -0.977656 
-0.470223 -0.85318 -0.448244 
-0.470223 -0.880149 -0.976184 
-0.470223 -0.994359 -0.993901 
-0.470223 -0.988931 -0.983704 
-0.470223 -0.997983 -0.992679 
-0.470223 -0.97896 -0.991705 
-0.470223 -0.967661 -0.980987 
-0.474307 -0.972993 -0.982784 
-0.474307 -0.85318 -0.968481 
-0.474307 -0.880149 -0.518438 
-0.474307 -0.994359 -0.99651 
-0.474307 -0.972146 -0.862876 
-0.474307 -0.988931 -0.998861 
-0.474307 -0.97896 -0.987376 
-0.474307 -0.997999 -0.999239 
-0.474307 -0.967661 -0.980506 
-0.972993 -0.85318 -0.979683 
-0.972993 -0.880149 -0.996506 
-0.972993 -0.97896 -0.967399 
-0.972993 -0.967661 -0.845384 
-0.85318 -0.988931 -0.997531 
-0.85318 -0.97896 -0.998378 
-0.85318 -0.967661 -0.987901 
-0.880149 -0.972146 -0.431753 
-0.880149 -0.97896 -0.997934 
-0.880149 -0.967661 -0.995186 
-0.994359 -0.988931 -0.885353 
-0.994359 -0.997983 -0.978452 
-0.988931 -0.997983 -0.466361 
-0.97896 -0.997999 -0.496672 
-0.97896 -0.967661 -0.476341 
-0.997999 -0.967661 -0.867341 
-0.992951 -0.838559 -0.994158 
-0.49188 -0.971875 -0.941479 
-0.49188 -0.851273 -0.589016 
-0.49188 -0.999909 -0.97387 
-0.49188 -0.943045 -0.849044 
-0.49188 -0.838559 -0.49849 
-0.49188 -0.984598 -0.952461 
-0.49188 -0.994835 -0.989735 
-0.49188 -0.856035 -0.970916 
-0.49188 -0.997679 -0.989684 
-0.49188 -0.939618 -0.845084 
-0.971875 -0.851273 -0.861103 
-0.971875 -0.943045 -0.962897 
-0.971875 -0.838559 -0.98264 
-0.971875 -0.984598 -0.997991 
-0.971875 -0.994835 -0.806377 
-0.971875 -0.997679 -0.488247 
-0.971875 -0.939618 -0.449594 
-0.851273 -0.999909 -0.990619 
-0.851273 -0.943045 -0.492661 
-0.851273 -0.838559 -0.829704 
-0.851273 -0.984598 -0.858786 
-0.851273 -0.994835 -0.988777 
-0.851273 -0.856035 -0.996102 
-0.851273 -0.997679 -0.972657 
-0.851273 -0.939618 -0.511608 
-0.999909 -0.943045 -0.994089 
-0.999909 -0.838559 -0.863315 
-0.999909 -0.984598 -0.999117 
-0.943045 -0.838559 -0.917499 
-0.943045 -0.984598 -0.422141 
-0.943045 -0.939618 -0.839405 
-0.838559 -0.984598 -0.968916 
-0.838559 -0.856035 -0.998598 
-0.838559 -0.939618 -0.937389 
-0.984598 -0.939618 -0.96048 
-0.994835 -0.997679 -0.530808 
-0.994835 -0.939618 -0.941809 
-0.856035 -0.966999 -0.433966 
-0.997679 -0.939618 -0.86337 
-0.856981 -0.957097 -0.581096 
-0.856981 -0.478849 -0.971551 
-0.856981 -0.941127 -0.481963 
-0.856981 -0.433462 -0.493567 
-0.856981 -0.985376 -0.856606 
-0.993019 -0.999769 -0.853687 
-0.993019 -0.862884 -0.979177 
-0.993019 -0.991966 -0.457844 
-0.993019 -0.478849 -0.980598 
-0.957097 -0.478849 -0.997249 
-0.957097 -0.941127 -0.856534 
-0.957097 -0.433462 -0.846503 
-0.957097 -0.985376 -0.962604 
-0.999769 -0.862884 -0.991759 
-0.999769 -0.991966 -0.43827 
-0.999769 -0.478849 -0.993237 
-0.862884 -0.991966 -0.977656 
-0.862884 -0.478849 -0.448244 
-0.862884 -0.433462 -0.967934 
-0.991966 -0.478849 -0.979683 
-0.478849 -0.941127 -0.993071 
-0.478849 -0.433462 -0.853459 
-0.941127 -0.433462 -0.807088 
-0.941127 -0.985376 -0.420503 
-0.433462 -0.985376 -0.943452 
-0.581096 -0.971551 -0.997249 
-0.581096 -0.968425 -0.998887 
-0.581096 -0.481963 -0.856534 
-0.581096 -0.976948 -0.856577 
-0.581096 -0.493567 -0.846503 
-0.581096 -0.856606 -0.962604 
-0.971551 -0.481963 -0.993071 
-0.971551 -0.493567 -0.853459 
-0.968425 -0.481963 -0.843522 
-0.968425 -0.493567 -0.99077 
-0.968425 -0.856606 -0.446944 
-0.481963 -0.493567 -0.807088 
-0.481963 -0.856606 -0.420503 
-0.976948 -0.493567 -0.991765 
-0.493567 -0.856606 -0.943452 
-0.961966 -0.997233 -0.43827 
-0.961966 -0.842883 -0.441752 
-0.997233 -0.842883 -0.847738 
-0.970364 -0.858061 -0.491659 
-0.988133 -0.994685 -0.488247 
-0.988133 -0.986248 -0.449594 
-0.842883 -0.858061 -0.999195 
-0.842883 -0.986248 -0.999008 
-0.994685 -0.986248 -0.86337 
-0.853687 -0.979177 -0.991759 
-0.853687 -0.986639 -0.991944 
-0.853687 -0.457844 -0.43827 
-0.853687 -0.980598 -0.993237 
-0.853687 -0.966524 -0.441752 
-0.853687 -0.999432 -0.999867 
-0.853687 -0.869175 -0.999513 
-0.853687 -0.474404 -0.963649 
-0.979177 -0.986639 -0.862402 
-0.979177 -0.457844 -0.977656 
-0.979177 -0.980598 -0.448244 
-0.979177 -0.999432 -0.976184 
-0.979177 -0.869175 -0.991705 
-0.979177 -0.474404 -0.980987 
-0.986639 -0.457844 -0.982784 
-0.986639 -0.980598 -0.968481 
-0.986639 -0.999432 -0.518438 
-0.986639 -0.869175 -0.987376 
-0.986639 -0.974198 -0.999239 
-0.986639 -0.474404 -0.980506 
-0.457844 -0.980598 -0.979683 
-0.457844 -0.966524 -0.847738 
-0.457844 -0.999432 -0.996506 
-0.457844 -0.869175 -0.967399 
-0.457844 -0.474404 -0.845384 
-0.980598 -0.869175 -0.998378 
-0.980598 -0.474404 -0.987901 
-0.966524 -0.474404 -0.998856 
-0.999432 -0.869175 -0.997934 
-0.999432 -0.474404 -0.995186 
-0.869175 -0.974198 -0.496672 
-0.869175 -0.474404 -0.476341 
-0.974198 -0.474404 -0.867341 
-0.941479 -0.589016 -0.861103 
-0.941479 -0.849044 -0.962897 
-0.941479 -0.49849 -0.98264 
-0.941479 -0.952461 -0.997991 
-0.941479 -0.989735 -0.806377 
-0.941479 -0.997987 -0.943665 
-0.941479 -0.989684 -0.488247 
-0.941479 -0.845084 -0.449594 
-0.589016 -0.97387 -0.990619 
-0.589016 -0.849044 -0.492661 
-0.589016 -0.49849 -0.829704 
-0.589016 -0.952461 -0.858786 
-0.589016 -0.989735 -0.988777 
-0.589016 -0.970916 -0.996102 
-0.589016 -0.989684 -0.972657 
-0.589016 -0.845084 -0.511608 
-0.97387 -0.849044 -0.994089 
-0.97387 -0.49849 -0.863315 
-0.97387 -0.952461 -0.999117 
-0.849044 -0.49849 -0.917499 
-0.849044 -0.952461 -0.422141 
-0.849044 -0.845084 -0.839405 
-0.49849 -0.952461 -0.968916 
-0.49849 -0.970916 -0.998598 
-0.49849 -0.845084 -0.937389 
-0.952461 -0.845084 -0.96048 
-0.989735 -0.997987 -0.40986 
-0.989735 -0.989684 -0.530808 
-0.989735 -0.845084 -0.941809 
-0.997987 -0.989684 -0.866207 
-0.997987 -0.845084 -0.985081 
-0.989684 -0.845084 -0.86337 
-0.997249 -0.856534 -0.993071 
-0.997249 -0.846503 -0.853459 
-0.998887 -0.856534 -0.843522 
-0.998887 -0.846503 -0.99077 
-0.998887 -0.962604 -0.446944 
-0.967035 -0.856577 -0.422141 
-0.856534 -0.846503 -0.807088 
-0.856534 -0.962604 -0.420503 
-0.856577 -0.846503 -0.991765 
-0.846503 -0.962604 -0.943452 
-0.991759 -0.991944 -0.862402 
-0.991759 -0.43827 -0.977656 
-0.991759 -0.993237 -0.448244 
-0.991759 -0.999867 -0.976184 
-0.991759 -0.999513 -0.991705 
-0.991759 -0.963649 -0.980987 
-0.991944 -0.43827 -0.982784 
-0.991944 -0.993237 -0.968481 
-0.991944 -0.999867 -0.518438 
-0.991944 -0.999513 -0.987376 
-0.991944 -0.963649 -0.980506 
-0.43827 -0.993237 -0.979683 
-0.43827 -0.441752 -0.847738 
-0.43827 -0.999867 -0.996506 
-0.43827 -0.999513 -0.967399 
-0.43827 -0.963649 -0.845384 
-0.993237 -0.999513 -0.998378 
-0.993237 -0.963649 -0.987901 
-0.441752 -0.963649 -0.998856 
-0.999867 -0.999513 -0.997934 
-0.999867 -0.963649 -0.995186 
-0.999513 -0.963649 -0.476341 
-0.862402 -0.977656 -0.982784 
-0.862402 -0.448244 -0.968481 
-0.862402 -0.976184 -0.518438 
-0.862402 -0.993901 -0.99651 
-0.862402 -0.983704 -0.998861 
-0.862402 -0.991705 -0.987376 
-0.862402 -0.980987 -0.980506 
-0.977656 -0.448244 -0.979683 
-0.977656 -0.976184 -0.996506 
-0.977656 -0.991705 -0.967399 
-0.977656 -0.980987 -0.845384 
-0.448244 -0.983704 -0.997531 
-0.448244 -0.967934 -0.853459 
-0.448244 -0.991705 -0.998378 
-0.448244 -0.980987 -0.987901 
-0.976184 -0.991705 -0.997934 
-0.976184 -0.980987 -0.995186 
-0.993901 -0.983704 -0.885353 
-0.993901 -0.992679 -0.978452 
-0.983704 -0.992679 -0.466361 
-0.991705 -0.980987 -0.476341 
-0.982784 -0.968481 -0.979683 
-0.982784 -0.518438 -0.996506 
-0.982784 -0.987376 -0.967399 
-0.982784 -0.980506 -0.845384 
-0.968481 -0.998861 -0.997531 
-0.968481 -0.987376 -0.998378 
-0.968481 -0.980506 -0.987901 
-0.518438 -0.862876 -0.431753 
-0.518438 -0.987376 -0.997934 
-0.518438 -0.980506 -0.995186 
-0.99651 -0.998861 -0.885353 
-0.987376 -0.999239 -0.496672 
-0.987376 -0.980506 -0.476341 
-0.999239 -0.980506 -0.867341 
-0.979683 -0.967399 -0.998378 
-0.979683 -0.845384 -0.987901 
-0.847738 -0.845384 -0.998856 
-0.996506 -0.967399 -0.997934 
-0.996506 -0.845384 -0.995186 
-0.967399 -0.845384 -0.476341 
-0.850968 -0.491659 -0.965595 
-0.850968 -0.444174 -0.485626 
-0.850968 -0.966212 -0.441108 
-0.491659 -0.444174 -0.858422 
-0.491659 -0.966212 -0.998708 
-0.444174 -0.966212 -0.862151 
-0.993071 -0.853459 -0.807088 
-0.998378 -0.987901 -0.476341 
-0.861103 -0.962897 -0.492661 
-0.861103 -0.98264 -0.829704 
-0.861103 -0.997991 -0.858786 
-0.861103 -0.806377 -0.988777 
-0.861103 -0.488247 -0.972657 
-0.861103 -0.449594 -0.511608 
-0.992304 -0.806377 -0.857533 
-0.992304 -0.943665 -0.506258 
-0.992304 -0.488247 -0.975355 
-0.962897 -0.98264 -0.917499 
-0.962897 -0.997991 -0.422141 
-0.962897 -0.449594 -0.839405 
-0.98264 -0.997991 -0.968916 
-0.98264 -0.449594 -0.937389 
-0.997991 -0.449594 -0.96048 
-0.806377 -0.943665 -0.40986 
-0.806377 -0.488247 -0.530808 
-0.806377 -0.966583 -0.936176 
-0.806377 -0.449594 -0.941809 
-0.943665 -0.488247 -0.866207 
-0.943665 -0.966583 -0.979694 
-0.943665 -0.449594 -0.985081 
-0.488247 -0.966583 -0.861924 
-0.488247 -0.449594 -0.86337 
-0.966583 -0.449594 -0.999519 
-0.944547 -0.959828 -0.500157 
-0.944547 -0.471417 -0.978586 
-0.944547 -0.983231 -0.861067 
-0.944547 -0.859948 -0.998286 
-0.944547 -0.850713 -0.980404 
-0.944547 -0.457016 -0.962815 
-0.959828 -0.471417 -0.97815 
-0.959828 -0.983231 -0.416687 
-0.959828 -0.859948 -0.992722 
-0.959828 -0.850713 -0.997691 
-0.959828 -0.457016 -0.984052 
-0.471417 -0.97026 -0.864835 
-0.471417 -0.983231 -0.9887 
-0.471417 -0.859948 -0.468534 
-0.471417 -0.850713 -0.966818 
-0.471417 -0.457016 -0.851362 
-0.97026 -0.859948 -0.466361 
-0.983231 -0.859948 -0.993986 
-0.983231 -0.457016 -0.99913 
-0.859948 -0.457016 -0.968067 
-0.850713 -0.457016 -0.433966 
-0.971393 -0.500157 -0.848388 
-0.971393 -0.978586 -0.999798 
-0.971393 -0.861067 -0.465031 
-0.971393 -0.998286 -0.9986 
-0.500157 -0.978586 -0.97815 
-0.500157 -0.861067 -0.416687 
-0.500157 -0.998286 -0.992722 
-0.500157 -0.980404 -0.997691 
-0.500157 -0.962815 -0.984052 
-0.978586 -0.861067 -0.9887 
-0.978586 -0.998286 -0.468534 
-0.978586 -0.980404 -0.966818 
-0.978586 -0.962815 -0.851362 
-0.861067 -0.998286 -0.993986 
-0.861067 -0.962815 -0.99913 
-0.998286 -0.962815 -0.968067 
-0.980404 -0.962815 -0.433966 
-0.848388 -0.999798 -0.97815 
-0.848388 -0.465031 -0.416687 
-0.848388 -0.9986 -0.992722 
-0.848388 -0.843522 -0.998916 
-0.848388 -0.446944 -0.965519 
-0.999798 -0.465031 -0.9887 
-0.999798 -0.9986 -0.468534 
-0.465031 -0.9986 -0.993986 
-0.465031 -0.843522 -0.96584 
-0.465031 -0.446944 -0.854379 
-0.843522 -0.99077 -0.807088 
-0.843522 -0.446944 -0.420503 
-0.99077 -0.446944 -0.943452 
-0.97815 -0.416687 -0.9887 
-0.97815 -0.992722 -0.468534 
-0.97815 -0.997691 -0.966818 
-0.97815 -0.984052 -0.851362 
-0.416687 -0.992722 -0.993986 
-0.416687 -0.998916 -0.96584 
-0.416687 -0.965519 -0.854379 
-0.416687 -0.984052 -0.99913 
-0.992722 -0.984052 -0.968067 
-0.998916 -0.965519 -0.420503 
-0.997691 -0.984052 -0.433966 
-0.431753 -0.968478 -0.863315 
-0.997934 -0.995186 -0.476341 
-0.885353 -0.978452 -0.466361 
-0.864835 -0.468534 -0.466361 
-0.9887 -0.468534 -0.993986 
-0.9887 -0.851362 -0.99913 
-0.468534 -0.851362 -0.968067 
-0.966818 -0.851362 -0.433966 
-0.965595 -0.485626 -0.858422 
-0.965595 -0.441108 -0.998708 
-0.485626 -0.441108 -0.862151 
-0.485626 -0.863911 -0.973884 
-0.441108 -0.965875 -0.857533 
-0.441108 -0.863911 -0.506258 
-0.965875 -0.863911 -0.40986 
-0.858422 -0.998708 -0.862151 
-0.990619 -0.492661 -0.994089 
-0.990619 -0.829704 -0.863315 
-0.990619 -0.858786 -0.999117 
-0.492661 -0.829704 -0.917499 
-0.492661 -0.858786 -0.422141 
-0.492661 -0.511608 -0.839405 
-0.829704 -0.858786 -0.968916 
-0.829704 -0.996102 -0.998598 
-0.829704 -0.511608 -0.937389 
-0.858786 -0.511608 -0.96048 
-0.988777 -0.972657 -0.530808 
-0.988777 -0.511608 -0.941809 
-0.972657 -0.511608 -0.86337 
-0.994089 -0.863315 -0.917499 
-0.994089 -0.999117 -0.422141 
-0.863315 -0.999117 -0.968916 
-0.993986 -0.99913 -0.968067 
-0.96584 -0.854379 -0.420503 
-0.862151 -0.973884 -0.506258 
-0.857533 -0.506258 -0.40986 
-0.857533 -0.975355 -0.530808 
-0.506258 -0.975355 -0.866207 
-0.917499 -0.422141 -0.968916 
-0.917499 -0.839405 -0.937389 
-0.422141 -0.839405 -0.96048 
-0.968916 -0.937389 -0.96048 
-0.807088 -0.420503 -0.943452 
-0.989213 -0.530808 -0.971166 
-0.989213 -0.936176 -0.496672 
-0.40986 -0.530808 -0.866207 
-0.40986 -0.936176 -0.979694 
-0.40986 -0.941809 -0.985081 
-0.530808 -0.936176 -0.861924 
-0.530808 -0.941809 -0.86337 
-0.936176 -0.941809 -0.999519 
-0.971166 -0.496672 -0.861924 
-0.496672 -0.476341 -0.867341 
-0.866207 -0.979694 -0.861924 
-0.866207 -0.985081 -0.86337 
-0.979694 -0.985081 -0.999519 
-0.861924 -0.86337 -0.999519 
