4.04557 1.34601 3.27054 2.66385 3.46495 1.38266 
4.04557 1.34601 3.27054 4.04504 2.52402 4.10033 
4.04557 1.34601 3.27054 3.77113 1.30311 3.43383 
4.04557 2.66385 3.46495 3.77113 1.30311 4.08408 
4.04557 4.04504 2.52402 3.77113 1.30311 1.22513 
1.34601 1.41517 1.89369 2.66385 1.38266 2.64671 
1.34601 1.41517 1.89369 2.70706 2.60636 1.39575 
1.34601 1.41517 1.89369 2.62481 1.87493 1.87844 
1.34601 2.66385 1.38266 2.70706 2.60636 2.62604 
1.34601 2.66385 1.38266 2.62481 1.87493 1.37366 
1.34601 2.66385 1.38266 3.77113 3.43383 4.08408 
1.34601 2.70706 2.60636 2.62481 1.87493 1.31485 
1.34601 4.04504 4.10033 3.77113 3.43383 1.22513 
1.41517 2.66385 2.64671 2.70706 1.39575 2.62604 
1.41517 2.66385 2.64671 2.62481 1.87844 1.37366 
1.41517 2.70706 1.39575 2.62481 1.87844 1.31485 
2.66385 2.70706 2.62604 2.62481 1.37366 1.31485 
4.3245 4.45452 1.30965 4.46235 1.25371 2.56098 
3.27054 3.46495 1.38266 1.25308 3.6515 3.34439 
3.27054 3.46495 1.38266 1.30311 3.43383 4.08408 
3.27054 1.25308 3.6515 2.52402 4.10033 3.76753 
3.27054 1.25308 3.6515 1.30311 3.43383 2.55148 
3.27054 2.52402 4.10033 1.30311 3.43383 1.22513 
3.46495 2.74692 4.16155 1.25308 3.34439 1.53815 
3.46495 2.74692 4.16155 3.80138 4.23157 1.33176 
3.46495 2.74692 4.16155 1.30311 4.08408 4.0071 
3.46495 1.25308 3.34439 3.80138 4.23157 2.55121 
3.46495 1.25308 3.34439 1.30311 4.08408 2.55148 
4.35809 2.74692 2.55405 1.25308 3.57395 1.53815 
4.35809 2.74692 2.55405 3.80138 3.3249 1.33176 
4.35809 2.74692 2.55405 3.44314 1.24445 1.35383 
4.35809 1.25308 3.57395 3.80138 3.3249 2.55121 
4.35809 1.25308 3.57395 3.44314 1.24445 2.48928 
4.35809 3.80138 3.3249 3.44314 1.24445 2.27746 
2.74692 1.25308 1.53815 3.80138 1.33176 2.55121 
2.74692 1.25308 1.53815 1.30311 4.0071 2.55148 
2.74692 1.25308 1.53815 3.44314 1.35383 2.48928 
2.74692 3.80138 1.33176 3.44314 1.35383 2.27746 
1.25308 2.52402 3.76753 1.30311 2.55148 1.22513 
1.25308 3.80138 2.55121 3.44314 2.48928 2.27746 
3.84885 2.52402 1.35209 1.30311 2.56565 1.22513 
1.30747 2.48617 3.77381 1.24119 2.54305 1.25395 
1.30747 1.24119 2.54305 4.3678 4.49177 4.45378 
1.30747 1.24119 2.54305 2.5622 1.2568 3.79105 
1.30747 2.5622 1.2568 3.91334 2.6084 1.36659 
1.30747 2.5622 1.2568 4.27015 4.0227 4.10621 
1.30747 2.5622 1.2568 4.36121 3.84513 3.6807 
1.30747 3.91334 2.6084 4.36121 3.84513 4.22276 
1.30747 4.27015 4.0227 4.36121 3.84513 1.24532 
2.48617 1.24119 1.25395 3.75017 1.28376 2.50921 
2.5622 3.91334 1.36659 4.36121 3.6807 4.22276 
2.5622 4.27015 4.10621 4.36121 3.6807 1.24532 
2.66369 3.91457 1.25395 1.45633 1.28376 2.50921 
2.66369 1.45633 1.28376 1.31408 3.94896 2.75396 
4.26289 4.10804 1.30992 1.31408 4.40342 4.21102 
1.45633 1.31408 2.75396 2.59757 4.04903 1.30284 
3.88329 1.31408 2.60552 2.59757 1.30682 1.30284 
3.70516 2.67048 1.35059 3.42819 2.51825 1.55663 
3.70516 2.67048 1.35059 3.77338 3.35174 2.50461 
3.70516 2.67048 1.35059 1.32284 2.44283 1.36335 
3.70516 2.67048 1.35059 4.26705 4.24144 3.49504 
3.70516 2.67048 1.35059 4.26842 3.30428 2.48083 
3.70516 3.42819 2.51825 3.77338 3.35174 1.35209 
3.70516 3.42819 2.51825 1.32284 2.44283 2.39347 
3.70516 3.42819 2.51825 4.26705 4.24144 2.56565 
3.70516 3.42819 2.51825 4.26842 3.30428 1.38914 
3.70516 3.77338 3.35174 1.32284 2.44283 3.0426 
3.70516 3.77338 3.35174 4.26705 4.24144 1.22513 
3.70516 3.77338 3.35174 4.26842 3.30428 2.44767 
3.70516 1.32284 2.44283 4.26705 4.24144 3.80879 
3.70516 1.32284 2.44283 4.26842 3.30428 3.27458 
3.70516 4.26705 4.24144 4.26842 3.30428 3.63572 
2.67048 3.42819 1.55663 1.28921 3.92637 4.47443 
2.67048 3.42819 1.55663 3.77338 2.50461 1.35209 
2.67048 3.42819 1.55663 1.32284 1.36335 2.39347 
2.67048 3.42819 1.55663 4.26705 3.49504 2.56565 
2.67048 3.42819 1.55663 4.26842 2.48083 1.38914 
2.67048 1.28921 3.92637 1.32284 1.36335 2.59535 
2.67048 3.77338 2.50461 1.32284 1.36335 3.0426 
2.67048 3.77338 2.50461 4.26705 3.49504 1.22513 
2.67048 3.77338 2.50461 4.26842 2.48083 2.44767 
2.67048 1.32284 1.36335 4.26705 3.49504 3.80879 
2.67048 1.32284 1.36335 4.26842 2.48083 3.27458 
2.67048 4.26705 3.49504 4.26842 2.48083 3.63572 
3.81753 2.51854 1.40284 1.28921 2.59243 1.24151 
2.51854 1.28921 1.24151 1.32284 3.79901 2.59535 
3.42819 1.28921 4.47443 1.32284 2.39347 2.59535 
3.42819 3.77338 1.35209 1.32284 2.39347 3.0426 
3.42819 3.77338 1.35209 4.26705 2.56565 1.22513 
3.42819 3.77338 1.35209 4.26842 1.38914 2.44767 
3.42819 1.32284 2.39347 4.26705 2.56565 3.80879 
3.42819 1.32284 2.39347 4.26842 1.38914 3.27458 
3.42819 4.26705 2.56565 4.26842 1.38914 3.63572 
3.77338 1.32284 3.0426 4.26705 1.22513 3.80879 
3.77338 1.32284 3.0426 4.26842 2.44767 3.27458 
3.77338 4.26705 1.22513 4.26842 2.44767 3.63572 
1.32284 4.26705 3.80879 4.26842 3.27458 3.63572 
1.89369 1.38266 2.64671 2.60636 1.39575 2.62604 
1.89369 1.38266 2.64671 1.87493 1.87844 1.37366 
1.89369 2.60636 1.39575 1.87493 1.87844 1.31485 
1.38266 2.60636 2.62604 1.87493 1.37366 1.31485 
1.38266 3.6515 3.34439 3.43383 4.08408 2.55148 
3.6515 4.10033 3.76753 3.43383 2.55148 1.22513 
3.82228 1.2568 3.37326 2.6084 3.62351 1.36659 
3.82228 1.2568 3.37326 3.82257 4.19533 2.5805 
3.82228 1.2568 3.37326 4.0227 2.51481 4.10621 
3.82228 1.2568 3.37326 3.84513 1.2859 3.6807 
3.82228 2.6084 3.62351 3.82257 4.19533 1.21595 
3.82228 2.6084 3.62351 3.84513 1.2859 4.22276 
3.82228 4.0227 2.51481 3.84513 1.2859 1.24532 
1.2568 2.6084 1.36659 3.82257 2.5805 1.21595 
1.2568 2.6084 1.36659 3.84513 3.6807 4.22276 
1.2568 4.0227 4.10621 3.84513 3.6807 1.24532 
2.64671 1.39575 2.62604 1.87844 1.37366 1.31485 
2.52995 2.43636 2.27403 3.49005 3.36057 1.20457 
2.52995 2.43636 2.27403 1.4362 1.34365 1.42815 
2.52995 2.43636 2.27403 1.23524 3.75785 3.25879 
2.52995 2.43636 2.27403 3.74394 1.27266 3.33436 
2.52995 3.49005 3.36057 1.4362 1.34365 2.61478 
2.52995 3.49005 3.36057 1.23524 3.75785 4.08502 
2.52995 3.49005 3.36057 3.74394 1.27266 4.25823 
2.52995 1.4362 1.34365 1.23524 3.75785 2.58613 
2.52995 1.4362 1.34365 3.74394 1.27266 2.59571 
2.43636 2.5564 4.41493 1.4362 1.42815 3.86048 
2.43636 2.5564 4.41493 1.23524 3.25879 1.35982 
2.43636 3.49005 1.20457 1.4362 1.42815 2.61478 
2.43636 3.49005 1.20457 1.23524 3.25879 4.08502 
2.43636 3.49005 1.20457 3.74394 3.33436 4.25823 
2.43636 1.4362 1.42815 1.23524 3.25879 2.58613 
2.43636 1.4362 1.42815 3.74394 3.33436 2.59571 
2.5564 1.4362 3.86048 1.23524 1.35982 2.58613 
2.5564 1.23524 1.35982 3.84007 1.32124 2.62251 
3.49005 1.4362 2.61478 1.23524 4.08502 2.58613 
3.49005 1.4362 2.61478 3.74394 4.25823 2.59571 
2.56885 1.2656 1.30965 1.31458 3.72857 2.46785 
2.56885 1.2656 1.30965 3.81865 1.25371 2.56098 
1.2656 2.56851 3.66413 1.31458 2.46785 1.25885 
2.56851 3.79208 1.25278 1.31458 1.25885 2.4967 
4.16155 3.34439 1.53815 4.23157 1.33176 2.55121 
4.16155 3.34439 1.53815 4.08408 4.0071 2.55148 
1.25303 2.58489 1.35059 4.47635 3.87735 3.32977 
1.25303 2.58489 1.35059 3.51621 2.51825 1.55663 
1.25303 2.58489 1.35059 4.26896 3.35174 2.50461 
1.25303 2.58489 1.35059 3.67607 2.44283 1.36335 
1.25303 2.58489 1.35059 1.36038 2.54803 3.85461 
1.25303 2.58489 1.35059 4.13639 3.30428 2.48083 
1.25303 4.47635 3.87735 3.51621 2.51825 2.58073 
1.25303 4.47635 3.87735 4.26896 3.35174 3.68231 
1.25303 4.47635 3.87735 3.67607 2.44283 4.17601 
1.25303 4.47635 3.87735 4.13639 3.30428 1.27266 
1.25303 3.51621 2.51825 4.26896 3.35174 1.35209 
1.25303 3.51621 2.51825 3.67607 2.44283 2.39347 
1.25303 3.51621 2.51825 4.13639 3.30428 1.38914 
1.25303 4.26896 3.35174 3.67607 2.44283 3.0426 
1.25303 4.26896 3.35174 4.13639 3.30428 2.44767 
1.25303 3.67607 2.44283 4.13639 3.30428 3.27458 
1.25303 1.36038 2.54803 2.58673 3.76675 1.24532 
2.58489 4.47635 3.32977 3.51621 1.55663 2.58073 
2.58489 4.47635 3.32977 4.26896 2.50461 3.68231 
2.58489 4.47635 3.32977 3.67607 1.36335 4.17601 
2.58489 4.47635 3.32977 4.13639 2.48083 1.27266 
2.58489 3.51621 1.55663 4.26896 2.50461 1.35209 
2.58489 3.51621 1.55663 3.67607 1.36335 2.39347 
2.58489 3.51621 1.55663 4.13639 2.48083 1.38914 
2.58489 4.26896 2.50461 3.67607 1.36335 3.0426 
2.58489 4.26896 2.50461 4.13639 2.48083 2.44767 
2.58489 3.67607 1.36335 4.13639 2.48083 3.27458 
4.47635 3.51621 2.58073 4.26896 3.68231 1.35209 
4.47635 3.51621 2.58073 3.67607 4.17601 2.39347 
4.47635 3.51621 2.58073 4.13639 1.27266 1.38914 
4.47635 4.26896 3.68231 3.67607 4.17601 3.0426 
4.47635 4.26896 3.68231 4.13639 1.27266 2.44767 
4.47635 3.67607 4.17601 4.13639 1.27266 3.27458 
3.86801 1.36038 2.51481 2.58673 1.2859 1.24532 
3.51621 4.26896 1.35209 3.67607 2.39347 3.0426 
3.51621 4.26896 1.35209 4.13639 1.38914 2.44767 
3.51621 3.67607 2.39347 4.13639 1.38914 3.27458 
4.26896 3.67607 3.0426 4.13639 2.44767 3.27458 
1.30965 2.56304 3.84174 1.25371 2.56098 1.35017 
2.56304 1.25371 1.35017 3.76672 1.26309 2.5633 
3.83957 1.30992 2.59248 2.53007 1.32592 1.27027 
3.9268 4.41079 2.53324 3.90453 1.28739 1.25278 
3.9268 4.41079 2.53324 3.78106 1.31765 3.69727 
3.9268 1.30992 4.06989 1.31747 4.31448 2.58929 
3.9268 1.30992 4.06989 3.90453 1.28739 4.0266 
3.9268 1.30992 4.06989 2.53007 4.11209 1.27027 
3.9268 1.30992 4.06989 3.78106 1.31765 4.12394 
3.9268 1.31747 4.31448 3.90453 1.28739 4.1807 
3.9268 1.31747 4.31448 2.53007 4.11209 3.79909 
3.9268 1.31747 4.31448 4.0636 2.63513 4.34224 
3.9268 1.31747 4.31448 3.78106 1.31765 4.10931 
3.9268 3.90453 1.28739 2.53007 4.11209 4.08471 
3.9268 3.90453 1.28739 4.0636 2.63513 3.77538 
3.9268 3.90453 1.28739 3.78106 1.31765 2.48261 
3.9268 2.53007 4.11209 3.78106 1.31765 4.3625 
3.9268 4.0636 2.63513 3.78106 1.31765 1.32124 
4.41079 3.90453 1.25278 3.78106 3.69727 2.48261 
1.30992 1.31747 2.58929 3.90453 4.0266 4.1807 
1.30992 1.31747 2.58929 2.53007 1.27027 3.79909 
1.30992 1.31747 2.58929 2.71417 3.98643 1.40284 
1.30992 1.31747 2.58929 3.78106 4.12394 4.10931 
1.30992 3.90453 4.0266 2.53007 1.27027 4.08471 
1.30992 3.90453 4.0266 3.78106 4.12394 2.48261 
1.30992 2.53007 1.27027 3.78106 4.12394 4.3625 
1.31747 3.90453 4.1807 2.53007 3.79909 4.08471 
1.31747 3.90453 4.1807 4.0636 4.34224 3.77538 
1.31747 3.90453 4.1807 3.78106 4.10931 2.48261 
1.31747 2.53007 3.79909 3.78106 4.10931 4.3625 
1.31747 2.71417 1.40284 3.88388 2.59243 1.24151 
1.31747 4.0636 4.34224 3.78106 4.10931 1.32124 
3.90453 2.53007 4.08471 3.78106 2.48261 4.3625 
3.90453 4.0636 3.77538 3.78106 2.48261 1.32124 
1.35059 3.87735 3.32977 2.51825 1.55663 2.58073 
1.35059 3.87735 3.32977 3.35174 2.50461 3.68231 
1.35059 3.87735 3.32977 2.44283 1.36335 4.17601 
1.35059 3.87735 3.32977 3.30428 2.48083 1.27266 
1.35059 2.51825 1.55663 3.35174 2.50461 1.35209 
1.35059 2.51825 1.55663 2.44283 1.36335 2.39347 
1.35059 2.51825 1.55663 4.24144 3.49504 2.56565 
1.35059 2.51825 1.55663 3.30428 2.48083 1.38914 
1.35059 3.35174 2.50461 2.44283 1.36335 3.0426 
1.35059 3.35174 2.50461 4.24144 3.49504 1.22513 
1.35059 3.35174 2.50461 3.30428 2.48083 2.44767 
1.35059 2.44283 1.36335 4.24144 3.49504 3.80879 
1.35059 2.44283 1.36335 3.30428 2.48083 3.27458 
1.35059 4.24144 3.49504 3.30428 2.48083 3.63572 
3.87735 2.51825 2.58073 3.35174 3.68231 1.35209 
3.87735 2.51825 2.58073 2.44283 4.17601 2.39347 
3.87735 2.51825 2.58073 3.30428 1.27266 1.38914 
3.87735 3.35174 3.68231 2.44283 4.17601 3.0426 
3.87735 3.35174 3.68231 3.30428 1.27266 2.44767 
3.87735 2.44283 4.17601 3.30428 1.27266 3.27458 
2.51825 3.35174 1.35209 2.44283 2.39347 3.0426 
2.51825 3.35174 1.35209 4.24144 2.56565 1.22513 
2.51825 3.35174 1.35209 3.30428 1.38914 2.44767 
2.51825 2.44283 2.39347 4.24144 2.56565 3.80879 
2.51825 2.44283 2.39347 3.30428 1.38914 3.27458 
2.51825 4.24144 2.56565 3.30428 1.38914 3.63572 
3.35174 2.44283 3.0426 4.24144 1.22513 3.80879 
3.35174 2.44283 3.0426 3.30428 2.44767 3.27458 
3.35174 4.24144 1.22513 3.30428 2.44767 3.63572 
2.44283 4.24144 3.80879 3.30428 3.27458 3.63572 
2.55405 3.57395 1.53815 3.3249 1.33176 2.55121 
2.55405 3.57395 1.53815 1.24445 1.35383 2.48928 
2.55405 3.57395 1.53815 4.26863 2.55167 3.67656 
2.55405 1.32592 3.8696 1.24445 1.35383 2.53181 
2.55405 3.3249 1.33176 1.24445 1.35383 2.27746 
2.55405 3.3249 1.33176 4.26863 2.55167 1.22236 
2.55405 1.24445 1.35383 4.26863 2.55167 3.35752 
3.57395 3.3249 2.55121 1.24445 2.48928 2.27746 
3.57395 3.3249 2.55121 4.26863 3.67656 1.22236 
3.57395 1.24445 2.48928 4.26863 3.67656 3.35752 
2.59248 1.32592 1.27027 1.24445 3.78702 2.53181 
3.3249 1.24445 2.27746 4.26863 1.22236 3.35752 
1.53815 1.33176 2.55121 1.35383 2.48928 2.27746 
1.53815 1.33176 2.55121 2.55167 3.67656 1.22236 
1.53815 1.35383 2.48928 2.55167 3.67656 3.35752 
3.79785 1.33176 2.4716 1.35383 4.48102 2.27746 
3.79785 1.33176 2.4716 2.55167 1.26797 1.22236 
3.79785 1.35383 4.48102 2.55167 1.26797 3.35752 
1.33176 1.35383 2.27746 2.55167 1.22236 3.35752 
2.53324 1.28739 1.25278 3.75659 1.25885 2.4967 
2.53324 1.28739 1.25278 1.31765 3.69727 2.48261 
4.06989 4.31448 2.58929 1.28739 4.0266 4.1807 
4.06989 4.31448 2.58929 4.11209 1.27027 3.79909 
4.06989 4.31448 2.58929 1.31765 4.12394 4.10931 
4.06989 1.28739 4.0266 4.11209 1.27027 4.08471 
4.06989 1.28739 4.0266 1.31765 4.12394 2.48261 
4.06989 4.11209 1.27027 1.31765 4.12394 4.3625 
4.31448 1.28739 4.1807 4.11209 3.79909 4.08471 
4.31448 1.28739 4.1807 2.63513 4.34224 3.77538 
4.31448 1.28739 4.1807 1.31765 4.10931 2.48261 
4.31448 4.11209 3.79909 1.31765 4.10931 4.3625 
4.31448 2.63513 4.34224 1.31765 4.10931 1.32124 
1.28739 4.11209 4.08471 1.31765 2.48261 4.3625 
1.28739 2.63513 3.77538 1.31765 2.48261 1.32124 
2.63513 3.93467 1.35982 1.31765 1.32124 2.62251 
3.32977 1.55663 2.58073 2.50461 3.68231 1.35209 
3.32977 1.55663 2.58073 1.36335 4.17601 2.39347 
3.32977 1.55663 2.58073 4.43662 2.27403 4.39721 
3.32977 1.55663 2.58073 4.43447 1.34365 3.89627 
3.32977 1.55663 2.58073 2.48083 1.27266 1.38914 
3.32977 2.50461 3.68231 1.36335 4.17601 3.0426 
3.32977 2.50461 3.68231 2.48083 1.27266 2.44767 
3.32977 1.36335 4.17601 2.48083 1.27266 3.27458 
3.32977 4.43662 2.27403 4.43447 1.34365 1.42815 
3.32977 4.43662 2.27403 2.48083 1.27266 3.33436 
3.32977 4.43447 1.34365 2.48083 1.27266 2.59571 
1.55663 3.92637 4.47443 1.36335 2.39347 2.59535 
1.55663 2.50461 1.35209 1.36335 2.39347 3.0426 
1.55663 2.50461 1.35209 3.49504 2.56565 1.22513 
1.55663 2.50461 1.35209 2.48083 1.38914 2.44767 
1.55663 1.36335 2.39347 3.49504 2.56565 3.80879 
1.55663 1.36335 2.39347 2.48083 1.38914 3.27458 
1.55663 3.49504 2.56565 2.48083 1.38914 3.63572 
1.55663 4.43662 4.39721 4.43447 3.89627 1.42815 
1.55663 4.43662 4.39721 2.48083 1.38914 3.33436 
1.55663 4.43447 3.89627 2.48083 1.38914 2.59571 
2.50461 1.36335 3.0426 3.49504 1.22513 3.80879 
2.50461 1.36335 3.0426 2.48083 2.44767 3.27458 
2.50461 3.49504 1.22513 2.48083 2.44767 3.63572 
1.36335 3.49504 3.80879 2.48083 3.27458 3.63572 
4.43662 4.43447 1.42815 2.48083 3.33436 2.59571 
2.55121 2.48928 2.27746 3.67656 1.22236 3.35752 
2.58929 4.0266 4.1807 1.27027 3.79909 4.08471 
2.58929 4.0266 4.1807 4.12394 4.10931 2.48261 
2.58929 1.27027 3.79909 4.12394 4.10931 4.3625 
4.0266 1.27027 4.08471 4.12394 2.48261 4.3625 
4.1807 3.79909 4.08471 4.10931 2.48261 4.3625 
4.1807 4.34224 3.77538 4.10931 2.48261 1.32124 
2.51637 1.35017 3.73704 1.26309 1.33868 2.5633 
2.51637 1.26309 1.33868 3.74999 1.25772 2.58763 
2.58073 3.68231 1.35209 4.17601 2.39347 3.0426 
2.58073 3.68231 1.35209 1.27266 1.38914 2.44767 
2.58073 4.17601 2.39347 1.27266 1.38914 3.27458 
2.58073 2.27403 4.39721 1.34365 3.89627 1.42815 
2.58073 2.27403 4.39721 1.27266 1.38914 3.33436 
2.58073 1.34365 3.89627 1.27266 1.38914 2.59571 
3.68231 4.17601 3.0426 1.27266 2.44767 3.27458 
2.27403 3.36057 1.20457 1.34365 1.42815 2.61478 
2.27403 3.36057 1.20457 3.75785 3.25879 4.08502 
2.27403 3.36057 1.20457 1.27266 3.33436 4.25823 
2.27403 1.34365 1.42815 3.75785 3.25879 2.58613 
2.27403 1.34365 1.42815 1.27266 3.33436 2.59571 
3.36057 1.34365 2.61478 3.75785 4.08502 2.58613 
3.36057 1.34365 2.61478 1.27266 4.25823 2.59571 
3.37326 3.62351 1.36659 1.31212 4.05285 4.04046 
3.37326 3.62351 1.36659 4.19533 2.5805 1.21595 
3.37326 3.62351 1.36659 1.2859 3.6807 4.22276 
3.37326 1.31212 4.05285 4.19533 2.5805 4.39409 
3.37326 1.31212 4.05285 2.51481 4.10621 3.76287 
3.37326 1.31212 4.05285 1.2859 3.6807 2.5188 
3.37326 2.51481 4.10621 1.2859 3.6807 1.24532 
3.62351 1.31212 4.04046 4.19533 1.21595 4.39409 
3.62351 1.31212 4.04046 1.2859 4.22276 2.5188 
1.31212 3.83934 2.60552 2.57318 1.30682 1.30284 
1.31212 2.57318 1.30682 1.2859 2.5188 3.78994 
1.31212 2.51481 3.76287 1.2859 2.5188 1.24532 
3.86584 1.36659 2.50063 2.5805 1.30041 1.21595 
1.36659 4.05285 4.04046 2.5805 1.21595 4.39409 
1.36659 4.05285 4.04046 3.6807 4.22276 2.5188 
4.05285 4.10621 3.76287 3.6807 2.5188 1.24532 
2.50063 1.30041 1.21595 1.26797 3.73546 2.53758 
1.30041 2.4716 3.74216 1.26797 2.53758 1.22236 
2.4716 4.48102 2.27746 1.26797 1.22236 3.35752 
1.33868 1.25772 2.58763 2.59932 3.92673 1.37854 
1.25772 3.74289 2.55759 2.59932 1.37854 1.20457 
1.35209 2.39347 3.0426 2.56565 1.22513 3.80879 
1.35209 2.39347 3.0426 1.38914 2.44767 3.27458 
1.35209 2.56565 1.22513 1.38914 2.44767 3.63572 
2.39347 2.56565 3.80879 1.38914 3.27458 3.63572 
4.39721 3.89627 1.42815 1.38914 3.33436 2.59571 
2.55759 1.37854 1.20457 3.96452 1.42815 2.61478 
3.0426 1.22513 3.80879 2.44767 3.27458 3.63572 
4.41493 1.42815 3.86048 3.25879 1.35982 2.58613 
1.20457 1.42815 2.61478 3.25879 4.08502 2.58613 
1.20457 1.42815 2.61478 3.33436 4.25823 2.59571 
