-0.987075 -0.496067 -0.945642 -0.881543 -0.959216 -0.515012 
-0.987075 -0.496067 -0.945642 -0.987056 -0.860393 -0.988961 
-0.987075 -0.496067 -0.945642 -0.975898 -0.472991 -0.957216 
-0.987075 -0.881543 -0.959216 -0.975898 -0.472991 -0.988412 
-0.987075 -0.987056 -0.860393 -0.975898 -0.472991 -0.428427 
-0.496067 -0.531242 -0.718054 -0.881543 -0.515012 -0.879107 
-0.496067 -0.531242 -0.718054 -0.887502 -0.873203 -0.521608 
-0.496067 -0.531242 -0.718054 -0.875933 -0.712289 -0.713378 
-0.496067 -0.881543 -0.515012 -0.887502 -0.873203 -0.876113 
-0.496067 -0.881543 -0.515012 -0.875933 -0.712289 -0.510424 
-0.496067 -0.881543 -0.515012 -0.975898 -0.957216 -0.988412 
-0.496067 -0.887502 -0.873203 -0.875933 -0.712289 -0.479405 
-0.496067 -0.987056 -0.988961 -0.975898 -0.957216 -0.428427 
-0.531242 -0.881543 -0.879107 -0.887502 -0.521608 -0.876113 
-0.531242 -0.881543 -0.879107 -0.875933 -0.713378 -0.510424 
-0.531242 -0.887502 -0.521608 -0.875933 -0.713378 -0.479405 
-0.881543 -0.887502 -0.876113 -0.875933 -0.510424 -0.479405 
-0.99569 -0.998955 -0.476576 -0.999138 -0.445164 -0.866274 
-0.945642 -0.959216 -0.515012 -0.444806 -0.96998 -0.951111 
-0.945642 -0.959216 -0.515012 -0.472991 -0.957216 -0.988412 
-0.945642 -0.444806 -0.96998 -0.860393 -0.988961 -0.97573 
-0.945642 -0.444806 -0.96998 -0.472991 -0.957216 -0.864784 
-0.945642 -0.860393 -0.988961 -0.472991 -0.957216 -0.428427 
-0.959216 -0.892777 -0.990951 -0.444806 -0.951111 -0.588084 
-0.959216 -0.892777 -0.990951 -0.977286 -0.993082 -0.488514 
-0.959216 -0.892777 -0.990951 -0.472991 -0.988412 -0.985687 
-0.959216 -0.444806 -0.951111 -0.977286 -0.993082 -0.86474 
-0.959216 -0.444806 -0.951111 -0.472991 -0.988412 -0.864784 
-0.996574 -0.892777 -0.865189 -0.444806 -0.965748 -0.588084 
-0.996574 -0.892777 -0.865189 -0.977286 -0.949707 -0.488514 
-0.996574 -0.892777 -0.865189 -0.957821 -0.439798 -0.500169 
-0.996574 -0.444806 -0.965748 -0.977286 -0.949707 -0.86474 
-0.996574 -0.444806 -0.965748 -0.957821 -0.439798 -0.854665 
-0.996574 -0.977286 -0.949707 -0.957821 -0.439798 -0.815076 
-0.892777 -0.444806 -0.588084 -0.977286 -0.488514 -0.86474 
-0.892777 -0.444806 -0.588084 -0.472991 -0.985687 -0.864784 
-0.892777 -0.444806 -0.588084 -0.957821 -0.500169 -0.854665 
-0.892777 -0.977286 -0.488514 -0.957821 -0.500169 -0.815076 
-0.444806 -0.860393 -0.97573 -0.472991 -0.864784 -0.428427 
-0.444806 -0.977286 -0.86474 -0.957821 -0.854665 -0.815076 
-0.979381 -0.860393 -0.499258 -0.472991 -0.867002 -0.428427 
-0.475382 -0.854142 -0.976023 -0.437896 -0.863449 -0.445306 
-0.475382 -0.437896 -0.863449 -0.996825 -0.999814 -0.998937 
-0.475382 -0.437896 -0.863449 -0.866465 -0.446946 -0.976817 
-0.475382 -0.866465 -0.446946 -0.982071 -0.873508 -0.506788 
-0.475382 -0.866465 -0.446946 -0.994194 -0.986256 -0.989158 
-0.475382 -0.866465 -0.446946 -0.996655 -0.97922 -0.971491 
-0.475382 -0.982071 -0.873508 -0.996655 -0.97922 -0.992822 
-0.475382 -0.994194 -0.986256 -0.996655 -0.97922 -0.440304 
-0.854142 -0.437896 -0.445306 -0.974912 -0.462256 -0.857975 
-0.866465 -0.982071 -0.506788 -0.996655 -0.971491 -0.992822 
-0.866465 -0.994194 -0.989158 -0.996655 -0.971491 -0.440304 
-0.88152 -0.982121 -0.445306 -0.551053 -0.462256 -0.857975 
-0.88152 -0.551053 -0.462256 -0.478985 -0.983485 -0.893686 
-0.993988 -0.989218 -0.476721 -0.478985 -0.997722 -0.992472 
-0.551053 -0.478985 -0.893686 -0.871885 -0.987197 -0.472842 
-0.980839 -0.478985 -0.873078 -0.871885 -0.475025 -0.472842 
-0.972722 -0.882474 -0.498474 -0.956847 -0.859456 -0.59604 
-0.972722 -0.882474 -0.498474 -0.976003 -0.951634 -0.857217 
-0.972722 -0.882474 -0.498474 -0.483727 -0.846686 -0.505114 
-0.972722 -0.882474 -0.498474 -0.994106 -0.993371 -0.961091 
-0.972722 -0.882474 -0.498474 -0.994145 -0.948191 -0.85324 
-0.972722 -0.956847 -0.859456 -0.976003 -0.951634 -0.499258 
-0.972722 -0.956847 -0.859456 -0.483727 -0.846686 -0.837792 
-0.972722 -0.956847 -0.859456 -0.994106 -0.993371 -0.867002 
-0.972722 -0.956847 -0.859456 -0.994145 -0.948191 -0.518289 
-0.972722 -0.976003 -0.951634 -0.483727 -0.846686 -0.925974 
-0.972722 -0.976003 -0.951634 -0.994106 -0.993371 -0.428427 
-0.972722 -0.976003 -0.951634 -0.994145 -0.948191 -0.847535 
-0.972722 -0.483727 -0.846686 -0.994106 -0.993371 -0.977619 
-0.972722 -0.483727 -0.846686 -0.994145 -0.948191 -0.945952 
-0.972722 -0.994106 -0.993371 -0.994145 -0.948191 -0.969145 
-0.882474 -0.956847 -0.59604 -0.465301 -0.982595 -0.999418 
-0.882474 -0.956847 -0.59604 -0.976003 -0.857217 -0.499258 
-0.882474 -0.956847 -0.59604 -0.483727 -0.505114 -0.837792 
-0.882474 -0.956847 -0.59604 -0.994106 -0.961091 -0.867002 
-0.882474 -0.956847 -0.59604 -0.994145 -0.85324 -0.518289 
-0.882474 -0.465301 -0.982595 -0.483727 -0.505114 -0.871551 
-0.882474 -0.976003 -0.857217 -0.483727 -0.505114 -0.925974 
-0.882474 -0.976003 -0.857217 -0.994106 -0.961091 -0.428427 
-0.882474 -0.976003 -0.857217 -0.994145 -0.85324 -0.847535 
-0.882474 -0.483727 -0.505114 -0.994106 -0.961091 -0.977619 
-0.882474 -0.483727 -0.505114 -0.994145 -0.85324 -0.945952 
-0.882474 -0.994106 -0.961091 -0.994145 -0.85324 -0.969145 
-0.97801 -0.859502 -0.52515 -0.465301 -0.871111 -0.438082 
-0.859502 -0.465301 -0.438082 -0.483727 -0.977179 -0.871551 
-0.956847 -0.465301 -0.999418 -0.483727 -0.837792 -0.871551 
-0.956847 -0.976003 -0.499258 -0.483727 -0.837792 -0.925974 
-0.956847 -0.976003 -0.499258 -0.994106 -0.867002 -0.428427 
-0.956847 -0.976003 -0.499258 -0.994145 -0.518289 -0.847535 
-0.956847 -0.483727 -0.837792 -0.994106 -0.867002 -0.977619 
-0.956847 -0.483727 -0.837792 -0.994145 -0.518289 -0.945952 
-0.956847 -0.994106 -0.867002 -0.994145 -0.518289 -0.969145 
-0.976003 -0.483727 -0.925974 -0.994106 -0.428427 -0.977619 
-0.976003 -0.483727 -0.925974 -0.994145 -0.847535 -0.945952 
-0.976003 -0.994106 -0.428427 -0.994145 -0.847535 -0.969145 
-0.483727 -0.994106 -0.977619 -0.994145 -0.945952 -0.969145 
-0.718054 -0.515012 -0.879107 -0.873203 -0.521608 -0.876113 
-0.718054 -0.515012 -0.879107 -0.712289 -0.713378 -0.510424 
-0.718054 -0.873203 -0.521608 -0.712289 -0.713378 -0.479405 
-0.515012 -0.873203 -0.876113 -0.712289 -0.510424 -0.479405 
-0.515012 -0.96998 -0.951111 -0.957216 -0.988412 -0.864784 
-0.96998 -0.988961 -0.97573 -0.957216 -0.864784 -0.428427 
-0.97822 -0.446946 -0.953142 -0.873508 -0.96849 -0.506788 
-0.97822 -0.446946 -0.953142 -0.978233 -0.991997 -0.869293 
-0.97822 -0.446946 -0.953142 -0.986256 -0.858894 -0.989158 
-0.97822 -0.446946 -0.953142 -0.97922 -0.463456 -0.971491 
-0.97822 -0.873508 -0.96849 -0.978233 -0.991997 -0.422949 
-0.97822 -0.873508 -0.96849 -0.97922 -0.463456 -0.992822 
-0.97822 -0.986256 -0.858894 -0.97922 -0.463456 -0.440304 
-0.446946 -0.873508 -0.506788 -0.978233 -0.869293 -0.422949 
-0.446946 -0.873508 -0.506788 -0.97922 -0.971491 -0.992822 
-0.446946 -0.986256 -0.989158 -0.97922 -0.971491 -0.440304 
-0.879107 -0.521608 -0.876113 -0.713378 -0.510424 -0.479405 
-0.861352 -0.845544 -0.814362 -0.960784 -0.952257 -0.416092 
-0.861352 -0.845544 -0.814362 -0.541462 -0.494825 -0.537575 
-0.861352 -0.845544 -0.814362 -0.434402 -0.975275 -0.944735 
-0.861352 -0.845544 -0.814362 -0.974614 -0.456001 -0.950392 
-0.861352 -0.960784 -0.952257 -0.541462 -0.494825 -0.874456 
-0.861352 -0.960784 -0.952257 -0.434402 -0.975275 -0.988444 
-0.861352 -0.960784 -0.952257 -0.974614 -0.456001 -0.993855 
-0.861352 -0.541462 -0.494825 -0.434402 -0.975275 -0.870154 
-0.861352 -0.541462 -0.494825 -0.974614 -0.456001 -0.871606 
-0.845544 -0.865557 -0.998005 -0.541462 -0.537575 -0.979879 
-0.845544 -0.865557 -0.998005 -0.434402 -0.944735 -0.503288 
-0.845544 -0.960784 -0.416092 -0.541462 -0.537575 -0.874456 
-0.845544 -0.960784 -0.416092 -0.434402 -0.944735 -0.988444 
-0.845544 -0.960784 -0.416092 -0.974614 -0.950392 -0.993855 
-0.845544 -0.541462 -0.537575 -0.434402 -0.944735 -0.870154 
-0.845544 -0.541462 -0.537575 -0.974614 -0.950392 -0.871606 
-0.865557 -0.541462 -0.979879 -0.434402 -0.503288 -0.870154 
-0.865557 -0.434402 -0.503288 -0.979001 -0.482867 -0.875595 
-0.960784 -0.541462 -0.874456 -0.434402 -0.988444 -0.870154 
-0.960784 -0.541462 -0.874456 -0.974614 -0.993855 -0.871606 
-0.867499 -0.451993 -0.476576 -0.479259 -0.973873 -0.851029 
-0.867499 -0.451993 -0.476576 -0.978059 -0.445164 -0.866274 
-0.451993 -0.867447 -0.970639 -0.479259 -0.851029 -0.448125 
-0.867447 -0.976864 -0.444627 -0.479259 -0.448125 -0.855905 
-0.990951 -0.951111 -0.588084 -0.993082 -0.488514 -0.86474 
-0.990951 -0.951111 -0.588084 -0.988412 -0.985687 -0.864784 
-0.444775 -0.869965 -0.498474 -0.999462 -0.980591 -0.950061 
-0.444775 -0.869965 -0.498474 -0.962376 -0.859456 -0.59604 
-0.444775 -0.869965 -0.498474 -0.994161 -0.951634 -0.857217 
-0.444775 -0.869965 -0.498474 -0.971254 -0.846686 -0.505114 
-0.444775 -0.869965 -0.498474 -0.503579 -0.864239 -0.979628 
-0.444775 -0.869965 -0.498474 -0.990148 -0.948191 -0.85324 
-0.444775 -0.999462 -0.980591 -0.962376 -0.859456 -0.869329 
-0.444775 -0.999462 -0.980591 -0.994161 -0.951634 -0.971573 
-0.444775 -0.999462 -0.980591 -0.971254 -0.846686 -0.991403 
-0.444775 -0.999462 -0.980591 -0.990148 -0.948191 -0.456001 
-0.444775 -0.962376 -0.859456 -0.994161 -0.951634 -0.499258 
-0.444775 -0.962376 -0.859456 -0.971254 -0.846686 -0.837792 
-0.444775 -0.962376 -0.859456 -0.990148 -0.948191 -0.518289 
-0.444775 -0.994161 -0.951634 -0.971254 -0.846686 -0.925974 
-0.444775 -0.994161 -0.951634 -0.990148 -0.948191 -0.847535 
-0.444775 -0.971254 -0.846686 -0.990148 -0.948191 -0.945952 
-0.444775 -0.503579 -0.864239 -0.870246 -0.975694 -0.440304 
-0.869965 -0.999462 -0.950061 -0.962376 -0.59604 -0.869329 
-0.869965 -0.999462 -0.950061 -0.994161 -0.857217 -0.971573 
-0.869965 -0.999462 -0.950061 -0.971254 -0.505114 -0.991403 
-0.869965 -0.999462 -0.950061 -0.990148 -0.85324 -0.456001 
-0.869965 -0.962376 -0.59604 -0.994161 -0.857217 -0.499258 
-0.869965 -0.962376 -0.59604 -0.971254 -0.505114 -0.837792 
-0.869965 -0.962376 -0.59604 -0.990148 -0.85324 -0.518289 
-0.869965 -0.994161 -0.857217 -0.971254 -0.505114 -0.925974 
-0.869965 -0.994161 -0.857217 -0.990148 -0.85324 -0.847535 
-0.869965 -0.971254 -0.505114 -0.990148 -0.85324 -0.945952 
-0.999462 -0.962376 -0.869329 -0.994161 -0.971573 -0.499258 
-0.999462 -0.962376 -0.869329 -0.971254 -0.991403 -0.837792 
-0.999462 -0.962376 -0.869329 -0.990148 -0.456001 -0.518289 
-0.999462 -0.994161 -0.971573 -0.971254 -0.991403 -0.925974 
-0.999462 -0.994161 -0.971573 -0.990148 -0.456001 -0.847535 
-0.999462 -0.971254 -0.991403 -0.990148 -0.456001 -0.945952 
-0.980198 -0.503579 -0.858894 -0.870246 -0.463456 -0.440304 
-0.962376 -0.994161 -0.499258 -0.971254 -0.837792 -0.925974 
-0.962376 -0.994161 -0.499258 -0.990148 -0.518289 -0.847535 
-0.962376 -0.971254 -0.837792 -0.990148 -0.518289 -0.945952 
-0.994161 -0.971254 -0.925974 -0.990148 -0.847535 -0.945952 
-0.476576 -0.866596 -0.979073 -0.445164 -0.866274 -0.498252 
-0.866596 -0.445164 -0.498252 -0.975692 -0.450558 -0.866637 
-0.978979 -0.476721 -0.871118 -0.861371 -0.485385 -0.454646 
-0.982612 -0.997904 -0.861881 -0.981714 -0.464288 -0.444627 
-0.982612 -0.997904 -0.861881 -0.976358 -0.480921 -0.972328 
-0.982612 -0.476721 -0.987925 -0.480824 -0.99542 -0.870634 
-0.982612 -0.476721 -0.987925 -0.981714 -0.464288 -0.986397 
-0.982612 -0.476721 -0.987925 -0.861371 -0.989353 -0.454646 
-0.982612 -0.476721 -0.987925 -0.976358 -0.480921 -0.989743 
-0.982612 -0.480824 -0.99542 -0.981714 -0.464288 -0.991549 
-0.982612 -0.480824 -0.99542 -0.861371 -0.989353 -0.977182 
-0.982612 -0.480824 -0.99542 -0.987707 -0.877437 -0.996161 
-0.982612 -0.480824 -0.99542 -0.976358 -0.480921 -0.98926 
-0.982612 -0.981714 -0.464288 -0.861371 -0.989353 -0.988433 
-0.982612 -0.981714 -0.464288 -0.987707 -0.877437 -0.976096 
-0.982612 -0.981714 -0.464288 -0.976358 -0.480921 -0.853541 
-0.982612 -0.861371 -0.989353 -0.976358 -0.480921 -0.996688 
-0.982612 -0.987707 -0.877437 -0.976358 -0.480921 -0.482867 
-0.997904 -0.981714 -0.444627 -0.976358 -0.972328 -0.853541 
-0.476721 -0.480824 -0.870634 -0.981714 -0.986397 -0.991549 
-0.476721 -0.480824 -0.870634 -0.861371 -0.454646 -0.977182 
-0.476721 -0.480824 -0.870634 -0.888459 -0.984919 -0.52515 
-0.476721 -0.480824 -0.870634 -0.976358 -0.989743 -0.98926 
-0.476721 -0.981714 -0.986397 -0.861371 -0.454646 -0.988433 
-0.476721 -0.981714 -0.986397 -0.976358 -0.989743 -0.853541 
-0.476721 -0.861371 -0.454646 -0.976358 -0.989743 -0.996688 
-0.480824 -0.981714 -0.991549 -0.861371 -0.977182 -0.988433 
-0.480824 -0.981714 -0.991549 -0.987707 -0.996161 -0.976096 
-0.480824 -0.981714 -0.991549 -0.976358 -0.98926 -0.853541 
-0.480824 -0.861371 -0.977182 -0.976358 -0.98926 -0.996688 
-0.480824 -0.888459 -0.52515 -0.980864 -0.871111 -0.438082 
-0.480824 -0.987707 -0.996161 -0.976358 -0.98926 -0.482867 
-0.981714 -0.861371 -0.988433 -0.976358 -0.853541 -0.996688 
-0.981714 -0.987707 -0.976096 -0.976358 -0.853541 -0.482867 
-0.498474 -0.980591 -0.950061 -0.859456 -0.59604 -0.869329 
-0.498474 -0.980591 -0.950061 -0.951634 -0.857217 -0.971573 
-0.498474 -0.980591 -0.950061 -0.846686 -0.505114 -0.991403 
-0.498474 -0.980591 -0.950061 -0.948191 -0.85324 -0.456001 
-0.498474 -0.859456 -0.59604 -0.951634 -0.857217 -0.499258 
-0.498474 -0.859456 -0.59604 -0.846686 -0.505114 -0.837792 
-0.498474 -0.859456 -0.59604 -0.993371 -0.961091 -0.867002 
-0.498474 -0.859456 -0.59604 -0.948191 -0.85324 -0.518289 
-0.498474 -0.951634 -0.857217 -0.846686 -0.505114 -0.925974 
-0.498474 -0.951634 -0.857217 -0.993371 -0.961091 -0.428427 
-0.498474 -0.951634 -0.857217 -0.948191 -0.85324 -0.847535 
-0.498474 -0.846686 -0.505114 -0.993371 -0.961091 -0.977619 
-0.498474 -0.846686 -0.505114 -0.948191 -0.85324 -0.945952 
-0.498474 -0.993371 -0.961091 -0.948191 -0.85324 -0.969145 
-0.980591 -0.859456 -0.869329 -0.951634 -0.971573 -0.499258 
-0.980591 -0.859456 -0.869329 -0.846686 -0.991403 -0.837792 
-0.980591 -0.859456 -0.869329 -0.948191 -0.456001 -0.518289 
-0.980591 -0.951634 -0.971573 -0.846686 -0.991403 -0.925974 
-0.980591 -0.951634 -0.971573 -0.948191 -0.456001 -0.847535 
-0.980591 -0.846686 -0.991403 -0.948191 -0.456001 -0.945952 
-0.859456 -0.951634 -0.499258 -0.846686 -0.837792 -0.925974 
-0.859456 -0.951634 -0.499258 -0.993371 -0.867002 -0.428427 
-0.859456 -0.951634 -0.499258 -0.948191 -0.518289 -0.847535 
-0.859456 -0.846686 -0.837792 -0.993371 -0.867002 -0.977619 
-0.859456 -0.846686 -0.837792 -0.948191 -0.518289 -0.945952 
-0.859456 -0.993371 -0.867002 -0.948191 -0.518289 -0.969145 
-0.951634 -0.846686 -0.925974 -0.993371 -0.428427 -0.977619 
-0.951634 -0.846686 -0.925974 -0.948191 -0.847535 -0.945952 
-0.951634 -0.993371 -0.428427 -0.948191 -0.847535 -0.969145 
-0.846686 -0.993371 -0.977619 -0.948191 -0.945952 -0.969145 
-0.865189 -0.965748 -0.588084 -0.949707 -0.488514 -0.86474 
-0.865189 -0.965748 -0.588084 -0.439798 -0.500169 -0.854665 
-0.865189 -0.965748 -0.588084 -0.994151 -0.864813 -0.971279 
-0.865189 -0.485385 -0.980265 -0.439798 -0.500169 -0.861651 
-0.865189 -0.949707 -0.488514 -0.439798 -0.500169 -0.815076 
-0.865189 -0.949707 -0.488514 -0.994151 -0.864813 -0.426782 
-0.865189 -0.439798 -0.500169 -0.994151 -0.864813 -0.952042 
-0.965748 -0.949707 -0.86474 -0.439798 -0.854665 -0.815076 
-0.965748 -0.949707 -0.86474 -0.994151 -0.971279 -0.426782 
-0.965748 -0.439798 -0.854665 -0.994151 -0.971279 -0.952042 
-0.871118 -0.485385 -0.454646 -0.439798 -0.976632 -0.861651 
-0.949707 -0.439798 -0.815076 -0.994151 -0.426782 -0.952042 
-0.588084 -0.488514 -0.86474 -0.500169 -0.854665 -0.815076 
-0.588084 -0.488514 -0.86474 -0.864813 -0.971279 -0.426782 
-0.588084 -0.500169 -0.854665 -0.864813 -0.971279 -0.952042 
-0.977126 -0.488514 -0.851671 -0.500169 -0.99957 -0.815076 
-0.977126 -0.488514 -0.851671 -0.864813 -0.45334 -0.426782 
-0.977126 -0.500169 -0.99957 -0.864813 -0.45334 -0.952042 
-0.488514 -0.500169 -0.815076 -0.864813 -0.426782 -0.952042 
-0.861881 -0.464288 -0.444627 -0.975216 -0.448125 -0.855905 
-0.861881 -0.464288 -0.444627 -0.480921 -0.972328 -0.853541 
-0.987925 -0.99542 -0.870634 -0.464288 -0.986397 -0.991549 
-0.987925 -0.99542 -0.870634 -0.989353 -0.454646 -0.977182 
-0.987925 -0.99542 -0.870634 -0.480921 -0.989743 -0.98926 
-0.987925 -0.464288 -0.986397 -0.989353 -0.454646 -0.988433 
-0.987925 -0.464288 -0.986397 -0.480921 -0.989743 -0.853541 
-0.987925 -0.989353 -0.454646 -0.480921 -0.989743 -0.996688 
-0.99542 -0.464288 -0.991549 -0.989353 -0.977182 -0.988433 
-0.99542 -0.464288 -0.991549 -0.877437 -0.996161 -0.976096 
-0.99542 -0.464288 -0.991549 -0.480921 -0.98926 -0.853541 
-0.99542 -0.989353 -0.977182 -0.480921 -0.98926 -0.996688 
-0.99542 -0.877437 -0.996161 -0.480921 -0.98926 -0.482867 
-0.464288 -0.989353 -0.988433 -0.480921 -0.853541 -0.996688 
-0.464288 -0.877437 -0.976096 -0.480921 -0.853541 -0.482867 
-0.877437 -0.982924 -0.503288 -0.480921 -0.482867 -0.875595 
-0.950061 -0.59604 -0.869329 -0.857217 -0.971573 -0.499258 
-0.950061 -0.59604 -0.869329 -0.505114 -0.991403 -0.837792 
-0.950061 -0.59604 -0.869329 -0.99853 -0.814362 -0.997568 
-0.950061 -0.59604 -0.869329 -0.998478 -0.494825 -0.981376 
-0.950061 -0.59604 -0.869329 -0.85324 -0.456001 -0.518289 
-0.950061 -0.857217 -0.971573 -0.505114 -0.991403 -0.925974 
-0.950061 -0.857217 -0.971573 -0.85324 -0.456001 -0.847535 
-0.950061 -0.505114 -0.991403 -0.85324 -0.456001 -0.945952 
-0.950061 -0.99853 -0.814362 -0.998478 -0.494825 -0.537575 
-0.950061 -0.99853 -0.814362 -0.85324 -0.456001 -0.950392 
-0.950061 -0.998478 -0.494825 -0.85324 -0.456001 -0.871606 
-0.59604 -0.982595 -0.999418 -0.505114 -0.837792 -0.871551 
-0.59604 -0.857217 -0.499258 -0.505114 -0.837792 -0.925974 
-0.59604 -0.857217 -0.499258 -0.961091 -0.867002 -0.428427 
-0.59604 -0.857217 -0.499258 -0.85324 -0.518289 -0.847535 
-0.59604 -0.505114 -0.837792 -0.961091 -0.867002 -0.977619 
-0.59604 -0.505114 -0.837792 -0.85324 -0.518289 -0.945952 
-0.59604 -0.961091 -0.867002 -0.85324 -0.518289 -0.969145 
-0.59604 -0.99853 -0.997568 -0.998478 -0.981376 -0.537575 
-0.59604 -0.99853 -0.997568 -0.85324 -0.518289 -0.950392 
-0.59604 -0.998478 -0.981376 -0.85324 -0.518289 -0.871606 
-0.857217 -0.505114 -0.925974 -0.961091 -0.428427 -0.977619 
-0.857217 -0.505114 -0.925974 -0.85324 -0.847535 -0.945952 
-0.857217 -0.961091 -0.428427 -0.85324 -0.847535 -0.969145 
-0.505114 -0.961091 -0.977619 -0.85324 -0.945952 -0.969145 
-0.99853 -0.998478 -0.537575 -0.85324 -0.950392 -0.871606 
-0.86474 -0.854665 -0.815076 -0.971279 -0.426782 -0.952042 
-0.870634 -0.986397 -0.991549 -0.454646 -0.977182 -0.988433 
-0.870634 -0.986397 -0.991549 -0.989743 -0.98926 -0.853541 
-0.870634 -0.454646 -0.977182 -0.989743 -0.98926 -0.996688 
-0.986397 -0.454646 -0.988433 -0.989743 -0.853541 -0.996688 
-0.991549 -0.977182 -0.988433 -0.98926 -0.853541 -0.996688 
-0.991549 -0.996161 -0.976096 -0.98926 -0.853541 -0.482867 
-0.85915 -0.498252 -0.974283 -0.450558 -0.492193 -0.866637 
-0.85915 -0.450558 -0.492193 -0.974903 -0.447478 -0.870382 
-0.869329 -0.971573 -0.499258 -0.991403 -0.837792 -0.925974 
-0.869329 -0.971573 -0.499258 -0.456001 -0.518289 -0.847535 
-0.869329 -0.991403 -0.837792 -0.456001 -0.518289 -0.945952 
-0.869329 -0.814362 -0.997568 -0.494825 -0.981376 -0.537575 
-0.869329 -0.814362 -0.997568 -0.456001 -0.518289 -0.950392 
-0.869329 -0.494825 -0.981376 -0.456001 -0.518289 -0.871606 
-0.971573 -0.991403 -0.925974 -0.456001 -0.847535 -0.945952 
-0.814362 -0.952257 -0.416092 -0.494825 -0.537575 -0.874456 
-0.814362 -0.952257 -0.416092 -0.975275 -0.944735 -0.988444 
-0.814362 -0.952257 -0.416092 -0.456001 -0.950392 -0.993855 
-0.814362 -0.494825 -0.537575 -0.975275 -0.944735 -0.870154 
-0.814362 -0.494825 -0.537575 -0.456001 -0.950392 -0.871606 
-0.952257 -0.494825 -0.874456 -0.975275 -0.988444 -0.870154 
-0.952257 -0.494825 -0.874456 -0.456001 -0.993855 -0.871606 
-0.953142 -0.96849 -0.506788 -0.477921 -0.987332 -0.986894 
-0.953142 -0.96849 -0.506788 -0.991997 -0.869293 -0.422949 
-0.953142 -0.96849 -0.506788 -0.463456 -0.971491 -0.992822 
-0.953142 -0.477921 -0.987332 -0.991997 -0.869293 -0.99749 
-0.953142 -0.477921 -0.987332 -0.858894 -0.989158 -0.975512 
-0.953142 -0.477921 -0.987332 -0.463456 -0.971491 -0.859545 
-0.953142 -0.858894 -0.989158 -0.463456 -0.971491 -0.440304 
-0.96849 -0.477921 -0.986894 -0.991997 -0.422949 -0.99749 
-0.96849 -0.477921 -0.986894 -0.463456 -0.992822 -0.859545 
-0.477921 -0.978969 -0.873078 -0.868169 -0.475025 -0.472842 
-0.477921 -0.868169 -0.475025 -0.463456 -0.859545 -0.976766 
-0.477921 -0.858894 -0.975512 -0.463456 -0.859545 -0.440304 
-0.980107 -0.506788 -0.856559 -0.869293 -0.471507 -0.422949 
-0.506788 -0.987332 -0.986894 -0.869293 -0.422949 -0.99749 
-0.506788 -0.987332 -0.986894 -0.971491 -0.992822 -0.859545 
-0.987332 -0.989158 -0.975512 -0.971491 -0.859545 -0.440304 
-0.856559 -0.471507 -0.422949 -0.45334 -0.974207 -0.862576 
-0.471507 -0.851671 -0.974529 -0.45334 -0.862576 -0.426782 
-0.851671 -0.99957 -0.815076 -0.45334 -0.426782 -0.952042 
-0.492193 -0.447478 -0.870382 -0.87215 -0.982609 -0.512916 
-0.447478 -0.974564 -0.865744 -0.87215 -0.512916 -0.416092 
-0.499258 -0.837792 -0.925974 -0.867002 -0.428427 -0.977619 
-0.499258 -0.837792 -0.925974 -0.518289 -0.847535 -0.945952 
-0.499258 -0.867002 -0.428427 -0.518289 -0.847535 -0.969145 
-0.837792 -0.867002 -0.977619 -0.518289 -0.945952 -0.969145 
-0.997568 -0.981376 -0.537575 -0.518289 -0.950392 -0.871606 
-0.865744 -0.512916 -0.416092 -0.984087 -0.537575 -0.874456 
-0.925974 -0.428427 -0.977619 -0.847535 -0.945952 -0.969145 
-0.998005 -0.537575 -0.979879 -0.944735 -0.503288 -0.870154 
-0.416092 -0.537575 -0.874456 -0.944735 -0.988444 -0.870154 
-0.416092 -0.537575 -0.874456 -0.950392 -0.993855 -0.871606 
