-0.978331
-0.489483
-0.524504
-0.999846
-0.873263
-0.986907
-0.879196
-0.990158
-0.995354
-0.99311
-0.867678
-0.99034
-0.998571
-0.978312
-0.967203
-0.998727
-0.999704
-0.93708
-0.950594
-0.987788
-0.884447
-0.993546
-0.438447
-0.994275
-0.97067
-0.852206
-0.996222
-0.968585
-0.466508
-0.949205
-0.99863
-0.999063
-0.468889
-0.999432
-0.845982
-0.997316
-0.431568
-0.988037
-0.993249
-0.858251
-0.973349
-0.995187
-0.966221
-0.985418
-0.987868
-0.87324
-0.973398
-0.985213
-0.980464
-0.994123
-0.996707
-0.544227
-0.972122
-0.472476
-0.863648
-0.998679
-0.964041
-0.997654
-0.87419
-0.969305
-0.851319
-0.948236
-0.458853
-0.967307
-0.477198
-0.985331
-0.98537
-0.710493
-0.508345
-0.86496
-0.997559
-0.961311
-0.704754
-0.980208
-0.948603
-0.996613
-0.967327
-0.997779
-0.855248
-0.991014
-0.969515
-0.440578
-0.865264
-0.993556
-0.969527
-0.977515
-0.97051
-0.870838
-0.514912
-0.994052
-0.997869
-0.705838
-0.998484
-0.999295
-0.438945
-0.994785
-0.993419
-0.455821
-0.974756
-0.991193
-0.996414
-0.853161
-0.99413
-0.997959
-0.837423
-0.857347
-0.952155
-0.534679
-0.42809
-0.970292
-0.965925
-0.85928
-0.445603
-0.859228
-0.968164
-0.994963
-0.472749
-0.969354
-0.989715
-0.867857
-0.982189
-0.942525
-0.503778
-0.984311
-0.979661
-0.995531
-0.999972
-0.438417
-0.996678
-0.861736
-0.990663
-0.971484
-0.95374
-0.985385
-0.962579
-0.496962
-0.862015
-0.981389
-0.99014
-0.968117
-0.993005
-0.849799
-0.99606
-0.470078
-0.998232
-0.858381
-0.993201
-0.965187
-0.997874
-0.438804
-0.966998
-0.996237
-0.998866
-0.995495
-0.97027
-0.973887
-0.989111
-0.470223
-0.474307
-0.972993
-0.85318
-0.880149
-0.994359
-0.972146
-0.988931
-0.997983
-0.97896
-0.997999
-0.967661
-0.992951
-0.49188
-0.971875
-0.851273
-0.999909
-0.943045
-0.838559
-0.984598
-0.994835
-0.856035
-0.997679
-0.966999
-0.939618
-0.998023
-0.472895
-0.994158
-0.856981
-0.993019
-0.957097
-0.999769
-0.862884
-0.991966
-0.478849
-0.941127
-0.433462
-0.985376
-0.581096
-0.971551
-0.968425
-0.481963
-0.976948
-0.493567
-0.856606
-0.961966
-0.997233
-0.970364
-0.988133
-0.842883
-0.858061
-0.994685
-0.986248
-0.853687
-0.979177
-0.986639
-0.457844
-0.980598
-0.966524
-0.999432
-0.869175
-0.974198
-0.474404
-0.941479
-0.589016
-0.97387
-0.849044
-0.49849
-0.952461
-0.989735
-0.970916
-0.997987
-0.989684
-0.845084
-0.997249
-0.998887
-0.993524
-0.967035
-0.856534
-0.856577
-0.846503
-0.962604
-0.991759
-0.991944
-0.43827
-0.993237
-0.441752
-0.999867
-0.999513
-0.963649
-0.862402
-0.977656
-0.448244
-0.976184
-0.993901
-0.983704
-0.992679
-0.967934
-0.991705
-0.980987
-0.982784
-0.968481
-0.518438
-0.99651
-0.862876
-0.998861
-0.987376
-0.999239
-0.980506
-0.979683
-0.847738
-0.996506
-0.967399
-0.845384
-0.850968
-0.491659
-0.444174
-0.966212
-0.997531
-0.993071
-0.853459
-0.998378
-0.987901
-0.861103
-0.992304
-0.962897
-0.98264
-0.997991
-0.806377
-0.943665
-0.488247
-0.966583
-0.449594
-0.999195
-0.998856
-0.999008
-0.944547
-0.959828
-0.471417
-0.97026
-0.983231
-0.859948
-0.850713
-0.457016
-0.971393
-0.500157
-0.978586
-0.861067
-0.998286
-0.980404
-0.962815
-0.848388
-0.999798
-0.465031
-0.9986
-0.843522
-0.99077
-0.446944
-0.97815
-0.416687
-0.992722
-0.998916
-0.965519
-0.997691
-0.984052
-0.431753
-0.968478
-0.997934
-0.995186
-0.885353
-0.978452
-0.864835
-0.9887
-0.468534
-0.966818
-0.851362
-0.965595
-0.485626
-0.441108
-0.965875
-0.863911
-0.858422
-0.998708
-0.998458
-0.990619
-0.492661
-0.829704
-0.858786
-0.988777
-0.996102
-0.972657
-0.511608
-0.994089
-0.863315
-0.999117
-0.466361
-0.993986
-0.96584
-0.854379
-0.99913
-0.862151
-0.973884
-0.857533
-0.506258
-0.975355
-0.917499
-0.422141
-0.839405
-0.968916
-0.998598
-0.937389
-0.968067
-0.807088
-0.420503
-0.991765
-0.96048
-0.989213
-0.40986
-0.530808
-0.936176
-0.941809
-0.943452
-0.971166
-0.496672
-0.476341
-0.433966
-0.866207
-0.979694
-0.985081
-0.861924
-0.86337
-0.867341
-0.999519
