4.04557
1.34601
1.41517
4.9887
2.66385
4.3245
2.70706
4.45452
4.70552
4.5893
2.62481
4.46235
4.89989
4.04504
3.77113
4.91031
4.97844
3.27054
3.46495
4.35809
2.74692
4.61087
1.25308
4.64795
3.84885
2.52402
4.75433
3.80138
1.30311
3.44314
4.90381
4.93323
1.30747
4.95901
2.48617
4.81951
1.24119
4.3678
4.59613
2.5622
3.91334
4.6964
3.75017
4.27015
4.36121
2.66369
3.91457
4.26289
4.10804
4.64009
4.78272
1.45633
3.88329
1.31408
2.59757
4.90711
3.70516
4.84048
2.67048
3.81753
2.51854
3.42819
1.28921
3.77338
1.32284
4.26705
4.26842
1.89369
1.38266
2.60636
4.83458
3.6515
1.87493
4.10033
3.43383
4.77714
3.77381
4.84842
2.54305
4.49177
3.82228
1.2568
2.6084
4.61138
3.82257
4.0227
3.84513
2.64671
1.39575
4.63646
4.8541
1.87844
4.89408
4.94936
1.25395
4.67473
4.60453
1.28376
3.94896
4.49973
4.76546
2.52995
4.64049
4.85987
2.43636
2.5564
3.49005
1.4362
1.23524
3.84007
3.74394
2.56885
1.2656
2.56851
3.79208
4.68429
1.31458
3.81865
4.43578
2.62604
4.16155
3.34439
1.37366
4.23157
4.08408
4.71526
4.99797
1.25303
4.78096
2.58489
4.47635
3.86801
3.51621
4.26896
3.67607
1.36038
2.58673
4.13639
4.45378
3.79105
4.58419
2.50921
4.74505
1.30965
4.87753
2.56304
4.5938
3.72857
4.85446
1.25371
3.76672
4.7552
4.91975
4.71329
3.83957
3.9268
4.41079
1.30992
1.31747
3.90453
2.53007
2.71417
4.65234
3.88388
4.40342
4.86143
4.0636
4.86241
3.78106
4.58159
1.35059
3.87735
2.51825
4.9933
3.35174
2.44283
4.24144
4.67741
2.54803
4.84207
3.76675
3.30428
4.864
1.31485
4.6419
2.55405
4.58489
3.57395
4.98309
2.59248
4.53489
1.32592
3.3249
1.24445
4.26863
1.53815
3.8696
3.79785
1.33176
4.0071
1.35383
2.55167
3.66413
4.81441
3.84174
4.37158
2.46785
2.56098
4.66945
4.30007
2.53324
4.06989
4.31448
1.28739
4.11209
3.75659
4.95896
2.63513
3.93467
1.31765
3.32977
1.55663
3.92637
2.50461
1.36335
3.49504
4.43662
3.85461
4.86166
4.43447
2.48083
4.81536
4.92118
4.60976
3.76753
2.55121
2.55148
2.48928
3.67656
4.52539
4.53391
1.25278
4.59557
1.25885
4.99028
4.9647
3.69727
2.58929
4.0266
1.27027
3.98643
4.62876
4.21102
4.5685
3.78702
4.5229
4.12394
4.1807
3.79909
1.40284
4.77109
2.59243
4.9194
4.34224
4.94544
4.10931
4.08471
2.4967
4.77082
3.77538
2.48261
2.51637
1.35017
1.26309
3.74999
4.83284
4.58742
2.53181
4.88707
4.3625
2.58073
4.55066
3.68231
4.17601
4.86193
2.27403
3.36057
1.34365
3.75785
1.27266
4.94233
4.91903
4.92944
3.37326
3.62351
1.31212
3.83934
4.19533
2.57318
2.51481
1.2859
3.86584
1.36659
4.05285
2.5805
4.88101
4.10621
3.6807
2.50063
4.98521
1.30041
4.90177
2.4716
4.48102
1.26797
4.04046
1.21595
4.57054
4.9231
3.73546
4.84282
4.22276
1.24151
3.79901
4.85826
4.69634
2.75396
4.04903
2.60552
4.39409
1.30682
3.76287
2.5188
3.73704
1.33868
1.25772
3.74289
2.59932
2.5633
4.90906
4.89236
4.47443
1.35209
2.39347
2.56565
4.39721
4.74746
3.89627
1.38914
4.63838
2.59535
4.93696
1.30284
4.63308
3.74216
2.53758
4.93782
2.58763
3.92673
2.55759
1.37854
3.96452
3.0426
1.22513
2.44767
3.80879
4.90163
3.27458
3.78994
2.27746
1.22236
4.52563
3.63572
4.41493
1.20457
1.42815
3.25879
3.33436
3.35752
3.86048
1.35982
1.32124
1.24532
2.61478
4.08502
4.25823
2.58613
2.59571
2.62251
4.96518
