-0.461576
-0.484267
-0.970466
-0.869503
-0.965079
-0.864163
-0.95018
-0.995213
-0.989952
-0.85095
-0.979617
-0.996684
-0.998724
-0.981886
-0.8607
-0.988143
-0.408334
-0.999686
-0.969443
-0.856706
-0.990116
-0.963409
-0.458037
-0.937489
-0.999484
-0.999828
-0.995584
-0.445125
-0.836392
-0.966887
-0.998731
-0.462854
-0.997563
-0.85974
-0.961579
-0.987284
-0.96613
-0.99386
-0.989395
-0.858705
-0.966799
-0.976556
-0.970524
-0.994623
-0.979929
-0.462505
-0.968711
-0.468854
-0.856749
-0.995733
-0.998139
-0.999236
-0.968066
-0.994425
-0.875301
-0.999806
-0.96882
-0.999039
-0.99586
-0.855564
-0.929145
-0.457061
-0.967165
-0.471699
-0.991896
-0.961372
-0.993492
-0.723151
-0.991128
-0.527184
-0.994589
-0.867864
-0.98616
-0.998128
-0.992049
-0.999495
-0.702925
-0.999571
-0.998437
-0.961182
-0.974659
-0.992391
-0.852283
-0.970281
-0.508563
-0.857758
-0.995608
-0.999522
-0.993493
-0.974884
-0.975507
-0.960042
-0.99068
-0.885494
-0.995049
-0.514282
-0.985846
-0.997373
-0.717599
-0.999488
-0.986733
-0.411627
-0.995007
-0.996625
-0.99784
-0.99948
-0.999308
-0.98363
-0.476007
-0.970735
-0.990318
-0.984455
-0.985176
-0.859445
-0.999027
-0.985197
-0.826616
-0.853638
-0.930384
-0.590957
-0.480414
-0.969212
-0.971107
-0.848441
-0.414114
-0.873138
-0.973696
-0.999789
-0.958288
-0.509883
-0.968303
-0.987703
-0.992786
-0.990547
-0.967892
-0.982361
-0.880631
-0.999644
-0.982032
-0.995263
-0.530334
-0.999946
-0.992808
-0.452996
-0.857337
-0.997373
-0.973211
-0.966575
-0.984487
-0.96546
-0.996673
-0.524557
-0.863596
-0.983391
-0.971234
-0.999296
-0.988645
-0.847221
-0.465419
-0.855394
-0.994505
-0.972114
-0.474597
-0.968555
-0.999482
-0.994659
-0.969829
-0.998377
-0.46873
-0.430645
-0.855791
-0.849158
-0.974663
-0.964612
-0.974958
-0.989496
-0.998821
-0.998593
-0.461098
-0.971138
-0.852979
-0.926963
-0.859946
-0.972283
-0.991092
-0.868199
-0.991521
-0.970733
-0.91815
-0.494623
-0.999062
-0.881096
-0.949039
-0.853953
-0.486575
-0.991411
-0.99275
-0.9873
-0.961814
-0.422293
-0.991049
-0.51475
-0.976708
-0.978206
-0.531888
-0.970871
-0.563008
-0.878976
-0.969728
-0.967625
-0.976822
-0.861865
-0.861773
-0.993714
-0.990789
-0.855554
-0.997058
-0.452139
-0.971525
-0.994417
-0.995198
-0.858701
-0.969398
-0.508541
-0.94425
-0.592455
-0.974039
-0.823583
-0.51591
-0.93953
-0.989087
-0.973062
-0.985866
-0.806396
-0.992745
-0.965952
-0.853836
-0.842824
-0.824966
-0.969841
-0.456422
-0.994697
-0.4836
-0.976718
-0.971433
-0.998565
-0.988918
-0.999817
-0.966219
-0.979838
-0.853746
-0.439914
-0.966694
-0.977629
-0.993662
-0.998857
-0.961338
-0.973969
-0.960804
-0.998609
-0.967396
-0.463536
-0.988812
-0.855629
-0.996303
-0.865069
-0.997882
-0.994561
-0.996365
-0.989198
-0.996079
-0.964903
-0.999706
-0.84477
-0.999375
-0.851311
-0.429564
-0.445898
-0.966278
-0.995497
-0.999332
-0.999806
-0.991762
-0.98041
-0.963198
-0.961835
-0.999632
-0.853125
-0.964326
-0.859226
-0.996857
-0.960844
-0.975838
-0.998575
-0.829941
-0.999225
-0.95483
-0.501808
-0.970917
-0.462486
-0.964166
-0.969114
-0.992994
-0.997546
-0.949075
-0.960173
-0.981273
-0.449157
-0.968405
-0.998132
-0.854204
-0.850964
-0.491834
-0.967783
-0.428409
-0.980113
-0.864058
-0.996307
-0.98412
-0.967877
-0.859521
-0.39763
-0.868832
-0.997196
-0.492135
-0.984531
-0.515996
-0.992881
-0.972982
-0.993333
-0.996811
-0.444915
-0.968969
-0.855875
-0.968419
-0.853822
-0.994475
-0.447237
-0.963776
-0.864745
-0.965988
-0.449149
-0.470833
-0.962262
-0.843594
-0.999594
-0.848779
-0.999256
-0.983523
-0.470786
-0.764019
-0.862552
-0.98877
-0.969245
-0.473202
-0.996251
-0.859882
-0.991754
-0.998837
-0.446768
-0.994301
-0.969289
-0.853041
-0.856833
-0.996245
-0.959549
-0.846929
-0.999109
-0.450135
-0.96787
-0.993208
-0.882899
-0.465994
-0.99915
-0.848004
-0.957489
-0.999482
-0.890195
-0.998798
-0.971393
-0.9991
-0.852744
-0.470133
-0.990558
-0.968311
-0.976186
-0.421358
-0.493239
-0.933584
-0.935473
-0.95419
-0.98679
-0.965896
-0.443642
-0.458948
-0.445813
-0.852038
-0.966535
-0.985274
-0.883242
-0.999261
-0.858403
-0.855272
