1.29413
1.33611
3.84412
2.63741
3.72635
2.601
3.4584
4.69779
4.44577
2.51626
4.08275
4.78132
4.91015
4.15193
2.57809
4.37195
1.20205
4.97713
3.82065
2.5523
4.45274
3.69248
1.28774
3.2759
4.96268
4.98743
4.7182
1.26476
2.43052
3.76435
4.91056
1.29645
4.8348
2.57184
3.65664
4.33872
3.74825
4.62667
4.42247
2.56513
3.76246
3.99644
3.84545
4.66614
4.09201
1.29582
3.8042
1.3074
2.55258
4.72656
4.87149
4.94518
3.78993
4.65578
2.67848
4.98578
3.80664
4.93156
4.73366
2.54505
3.17184
1.28598
3.77031
1.31264
4.53167
3.65267
4.60818
1.93635
4.49686
1.42067
4.66435
2.62609
4.29686
4.87077
4.53874
4.96347
1.86902
4.96888
4.89097
3.64904
3.94646
4.55476
2.52449
3.83982
1.3831
2.55903
4.71956
4.96538
4.60821
3.95225
3.9685
3.62751
4.4771
2.75506
4.68889
1.39449
4.28547
4.82301
1.91741
4.96292
4.318
1.20751
4.68665
4.77782
4.85224
4.96241
4.95029
4.20855
1.32062
3.85036
4.4614
4.2365
4.26157
2.56992
4.93076
4.26234
2.37681
2.53293
3.18662
1.56121
1.32885
3.81543
3.85908
2.50095
1.21165
2.66296
3.92201
4.98457
3.59526
1.38571
3.79515
4.35482
4.57362
4.4713
3.7861
4.16704
2.71779
4.97412
4.15657
4.70053
1.42716
4.99603
4.57465
1.27871
2.55633
4.82299
3.90991
3.75769
4.23759
3.73423
4.78071
1.41528
2.59722
4.2006
3.86208
4.94941
4.3919
2.49359
1.30112
2.54397
4.65995
3.88309
1.318
3.80072
4.96255
4.66806
3.82944
4.88698
1.30718
1.23961
2.54649
2.5053
3.94657
3.71676
3.95417
4.42665
4.91667
4.90132
1.29327
3.85984
2.52882
3.14631
2.57317
3.88718
4.49525
2.62839
4.5145
3.85033
3.04941
1.35587
4.93317
2.7213
3.44056
2.5349
1.34048
4.50952
4.57187
4.33935
3.66118
1.22538
4.49331
1.39542
4.00057
4.04204
1.43039
3.85355
1.49717
2.70542
3.82713
3.78028
4.00365
2.58574
2.58514
4.61929
4.48187
2.54498
4.80375
1.27718
3.86899
4.65536
4.69697
2.5651
3.81964
1.38305
3.36898
1.56476
3.93066
2.36072
1.39775
3.30309
4.40979
3.90624
4.28619
2.27412
4.57163
3.74451
2.53417
2.4675
2.36803
3.82971
1.28484
4.67005
1.33485
4.00083
3.86679
4.89944
4.40292
4.98657
3.75013
4.08931
2.53361
1.25564
3.76022
4.02587
4.61668
4.91912
3.65201
3.92887
3.64185
4.90237
3.77529
1.29769
4.39861
2.54546
4.75903
2.60709
4.85496
4.66289
4.76261
4.41435
4.7461
3.72271
4.97856
2.47897
4.95498
2.51849
1.23776
1.26612
3.75137
4.7134
4.9519
4.98578
4.52552
4.10641
3.68828
3.66158
4.97325
2.52973
3.71093
2.5685
4.79164
3.6426
3.97722
4.90012
2.39476
4.94444
3.53459
1.36981
3.85463
1.29578
3.70769
3.81321
4.58365
4.83375
3.44112
3.62997
4.13277
1.27188
3.79739
4.87103
2.53647
2.51635
1.35051
3.78372
1.23578
4.09749
2.60031
4.75927
4.22507
3.78577
2.57041
1.18452
2.63275
4.81216
1.35108
4.23912
1.39792
4.57817
3.90426
4.60027
4.78891
1.26439
3.80996
2.54702
3.79772
2.53409
4.6584
1.26849
3.69981
2.60491
3.74526
1.27187
1.31104
3.66987
2.47202
4.97053
2.503
4.94662
4.20498
1.31096
2.08801
2.59028
4.39692
3.81617
1.31542
4.75599
2.57276
4.52515
4.91773
1.26766
4.64933
3.81717
2.52921
2.55311
4.75566
3.61834
2.49184
4.93642
1.27362
3.78563
4.59415
2.735
1.30217
4.93921
2.49831
3.58092
4.96256
2.79246
4.91509
3.86585
4.93576
2.52735
1.30976
4.47178
3.79533
3.98649
1.2238
1.3532
3.22585
3.24975
3.52375
4.32012
3.74332
1.26216
1.28938
1.26597
2.52298
3.75684
4.26503
2.73763
4.94698
2.56318
2.5432
