1.29413 1.33611 1.93635 3.84412 4.49686 4.4771 
1.29413 1.33611 1.93635 2.63741 1.42067 2.75506 
1.29413 1.33611 1.93635 2.601 2.62609 1.39449 
1.29413 1.33611 1.93635 3.4584 4.29686 4.28547 
1.29413 1.33611 1.93635 2.51626 1.86902 1.91741 
1.29413 3.84412 4.49686 3.4584 4.29686 1.21165 
1.29413 2.63741 1.42067 2.601 2.62609 2.71779 
1.29413 2.63741 1.42067 2.51626 1.86902 1.42716 
1.29413 2.601 2.62609 2.51626 1.86902 1.35587 
1.33611 3.84412 4.4771 3.4584 4.28547 1.21165 
1.33611 2.63741 2.75506 2.601 1.39449 2.71779 
1.33611 2.63741 2.75506 2.51626 1.91741 1.42716 
1.33611 2.601 1.39449 2.51626 1.91741 1.35587 
3.84412 3.72635 2.50095 3.4584 1.21165 1.30112 
3.84412 3.72635 2.50095 4.44577 1.38571 3.88309 
3.84412 3.72635 2.50095 4.08275 3.79515 1.318 
3.84412 3.4584 1.21165 4.44577 1.38571 2.58574 
3.84412 3.4584 1.21165 4.08275 3.79515 2.58514 
2.63741 2.601 2.71779 2.51626 1.42716 1.35587 
3.72635 3.4584 1.30112 4.44577 3.88309 2.58574 
3.72635 3.4584 1.30112 4.08275 1.318 2.58514 
4.15193 2.57809 2.7213 1.20205 3.44056 1.39542 
4.15193 2.57809 2.7213 3.69248 3.66118 1.43039 
4.15193 2.57809 2.7213 3.2759 1.22538 1.49717 
4.15193 1.20205 3.44056 3.69248 3.66118 2.53417 
4.15193 1.20205 3.44056 3.2759 1.22538 2.36803 
4.15193 3.69248 3.66118 3.2759 1.22538 2.52735 
2.57809 1.20205 1.39542 3.69248 1.43039 2.53417 
2.57809 1.20205 1.39542 1.28774 3.85355 2.4675 
2.57809 1.20205 1.39542 3.2759 1.49717 2.36803 
2.57809 3.69248 1.43039 3.2759 1.49717 2.52735 
2.57809 1.28774 3.85355 3.2759 1.49717 4.47178 
4.37195 3.82065 1.56476 2.5523 2.36072 1.31096 
4.37195 3.82065 1.56476 4.45274 1.39775 2.08801 
4.37195 3.82065 1.56476 1.28774 3.30309 2.59028 
4.37195 2.5523 2.36072 4.45274 1.39775 2.735 
4.37195 2.5523 2.36072 1.28774 3.30309 1.30217 
4.37195 4.45274 1.39775 1.28774 3.30309 3.58092 
1.20205 2.5523 3.74451 1.28774 2.4675 1.30217 
1.20205 3.69248 2.53417 3.2759 2.36803 2.52735 
1.20205 1.28774 2.4675 3.2759 2.36803 4.47178 
3.82065 2.5523 1.31096 4.45274 2.08801 2.735 
3.82065 2.5523 1.31096 1.28774 2.59028 1.30217 
3.82065 4.45274 2.08801 1.28774 2.59028 3.58092 
2.5523 4.45274 2.735 1.28774 1.30217 3.58092 
1.26476 2.43052 3.64904 3.76435 3.94646 4.318 
1.26476 2.43052 3.64904 1.29645 2.52449 1.20751 
1.26476 3.76435 3.94646 1.29645 2.52449 4.16704 
1.26476 3.76435 3.94646 2.57184 1.3831 4.15657 
1.26476 1.29645 2.52449 2.57184 1.3831 3.86208 
1.26476 2.57184 1.3831 3.65664 2.55903 1.23578 
1.26476 2.57184 1.3831 4.42247 3.62751 3.78577 
2.43052 3.76435 4.318 1.29645 1.20751 4.16704 
2.43052 3.76435 4.318 4.33872 4.20855 1.42716 
2.43052 1.29645 1.20751 4.33872 4.20855 4.3919 
2.43052 1.29645 1.20751 3.74825 1.32062 2.49359 
3.76435 1.29645 4.16704 2.57184 4.15657 3.86208 
3.76435 1.29645 4.16704 4.33872 1.42716 4.3919 
2.56513 3.76246 1.20751 1.29582 1.32062 2.49359 
2.56513 1.29582 1.32062 1.3074 3.85036 2.54702 
3.99644 3.84545 1.30718 4.09201 2.54649 1.25564 
3.99644 3.84545 1.30718 1.29582 3.94657 4.02587 
3.99644 3.84545 1.30718 1.3074 3.95417 3.65201 
3.99644 3.84545 1.30718 2.55258 4.42665 3.92887 
3.99644 4.09201 2.54649 1.3074 3.95417 3.68828 
3.99644 4.09201 2.54649 2.55258 4.42665 3.66158 
3.99644 1.29582 3.94657 1.3074 3.95417 2.54702 
3.99644 1.29582 3.94657 2.55258 4.42665 3.79772 
3.99644 1.3074 3.95417 2.55258 4.42665 1.26766 
3.84545 4.09201 1.25564 1.3074 3.65201 3.68828 
3.84545 4.09201 1.25564 2.55258 3.92887 3.66158 
3.84545 1.29582 4.02587 1.3074 3.65201 2.54702 
3.84545 1.29582 4.02587 2.55258 3.92887 3.79772 
3.84545 1.3074 3.65201 2.55258 3.92887 1.26766 
4.09201 3.8042 4.10641 1.3074 3.68828 2.53409 
4.09201 3.8042 4.10641 2.55258 3.66158 1.26849 
4.09201 1.3074 3.68828 2.55258 3.66158 1.26766 
1.29582 1.3074 2.54702 2.55258 3.79772 1.26766 
3.8042 1.3074 2.53409 2.55258 1.26849 1.26766 
3.78993 2.67848 1.29327 3.17184 2.52882 1.56476 
3.78993 2.67848 1.29327 3.77031 3.14631 2.36072 
3.78993 2.67848 1.29327 1.31264 2.57317 1.39775 
3.78993 2.67848 1.29327 3.65267 3.04941 2.27412 
3.78993 3.17184 2.52882 3.77031 3.14631 1.31096 
3.78993 3.17184 2.52882 1.31264 2.57317 2.08801 
3.78993 3.17184 2.52882 3.65267 3.04941 1.31542 
3.78993 3.77031 3.14631 1.31264 2.57317 2.735 
3.78993 3.77031 3.14631 3.65267 3.04941 2.49831 
3.78993 1.31264 2.57317 3.65267 3.04941 2.79246 
2.67848 3.17184 1.56476 1.28598 3.93066 4.20498 
2.67848 3.17184 1.56476 3.77031 2.36072 1.31096 
2.67848 3.17184 1.56476 1.31264 1.39775 2.08801 
2.67848 3.17184 1.56476 3.65267 2.27412 1.31542 
2.67848 1.28598 3.93066 1.31264 1.39775 2.57276 
2.67848 3.77031 2.36072 1.31264 1.39775 2.735 
2.67848 3.77031 2.36072 3.65267 2.27412 2.49831 
2.67848 1.31264 1.39775 3.65267 2.27412 2.79246 
3.80664 2.54505 1.29769 1.28598 2.54546 1.26439 
2.54505 1.28598 1.26439 1.31264 3.80996 2.57276 
3.17184 1.28598 4.20498 1.31264 2.08801 2.57276 
3.17184 3.77031 1.31096 1.31264 2.08801 2.735 
3.17184 3.77031 1.31096 3.65267 1.31542 2.49831 
3.17184 1.31264 2.08801 3.65267 1.31542 2.79246 
3.77031 1.31264 2.735 3.65267 2.49831 2.79246 
1.93635 4.49686 4.4771 4.29686 4.28547 1.21165 
1.93635 1.42067 2.75506 2.62609 1.39449 2.71779 
1.93635 1.42067 2.75506 1.86902 1.91741 1.42716 
1.93635 2.62609 1.39449 1.86902 1.91741 1.35587 
1.42067 2.62609 2.71779 1.86902 1.42716 1.35587 
3.64904 3.94646 4.318 2.52449 1.20751 4.16704 
3.94646 2.52449 4.16704 1.3831 4.15657 3.86208 
3.83982 1.3831 3.62997 2.55903 4.13277 1.23578 
3.83982 1.3831 3.62997 3.9685 2.51635 4.22507 
3.83982 1.3831 3.62997 3.62751 1.35051 3.78577 
3.83982 3.9685 2.51635 3.62751 1.35051 1.26597 
1.3831 2.55903 1.23578 3.95225 2.60031 1.39792 
1.3831 3.9685 4.22507 3.62751 3.78577 1.26597 
2.75506 1.39449 2.71779 1.91741 1.42716 1.35587 
4.318 1.20751 4.16704 4.20855 1.42716 4.3919 
4.4614 4.2365 2.50095 4.26157 1.21165 1.30112 
4.4614 4.26157 1.21165 2.56992 3.59526 4.00365 
4.4614 4.26157 1.21165 3.85908 3.7861 4.48187 
4.4614 2.56992 3.59526 1.56121 4.4713 1.36981 
4.4614 2.56992 3.59526 3.85908 3.7861 1.29578 
4.4614 1.56121 4.4713 3.85908 3.7861 2.56318 
4.26157 2.56992 4.00365 3.85908 4.48187 1.29578 
2.56992 2.37681 2.39476 3.18662 3.53459 1.2238 
2.56992 2.37681 2.39476 1.56121 1.36981 1.3532 
2.56992 2.37681 2.39476 1.32885 3.85463 3.22585 
2.56992 2.37681 2.39476 3.85908 1.29578 3.24975 
2.56992 3.18662 3.53459 1.56121 1.36981 2.52298 
2.56992 3.18662 3.53459 1.32885 3.85463 3.75684 
2.56992 3.18662 3.53459 3.85908 1.29578 4.26503 
2.56992 1.56121 1.36981 1.32885 3.85463 2.73763 
2.56992 1.56121 1.36981 3.85908 1.29578 2.56318 
4.26234 2.37681 2.49184 3.18662 1.27362 1.2238 
4.26234 2.37681 2.49184 1.56121 3.78563 1.3532 
4.26234 3.18662 1.27362 1.56121 3.78563 2.52298 
2.37681 2.53293 3.98649 3.18662 1.2238 4.32012 
2.37681 2.53293 3.98649 1.56121 1.3532 3.74332 
2.37681 2.53293 3.98649 1.32885 3.22585 1.26216 
2.37681 3.18662 1.2238 1.56121 1.3532 2.52298 
2.37681 3.18662 1.2238 1.32885 3.22585 3.75684 
2.37681 3.18662 1.2238 3.85908 3.24975 4.26503 
2.37681 1.56121 1.3532 1.32885 3.22585 2.73763 
2.37681 1.56121 1.3532 3.85908 3.24975 2.56318 
2.53293 3.18662 4.32012 1.56121 3.74332 2.52298 
2.53293 3.18662 4.32012 1.32885 1.26216 3.75684 
2.53293 1.56121 3.74332 1.32885 1.26216 2.73763 
2.53293 1.32885 1.26216 3.81543 1.28938 2.5432 
3.18662 1.56121 2.52298 1.32885 3.75684 2.73763 
3.18662 1.56121 2.52298 3.85908 4.26503 2.56318 
2.50095 1.21165 1.30112 1.38571 3.88309 2.58574 
2.50095 1.21165 1.30112 3.79515 1.318 2.58514 
1.21165 2.66296 3.82713 1.38571 2.58574 1.33485 
1.21165 2.66296 3.82713 3.7861 4.48187 4.08931 
1.21165 3.59526 4.00365 1.38571 2.58574 3.71093 
1.21165 3.59526 4.00365 3.7861 4.48187 1.29578 
1.21165 1.38571 2.58574 3.7861 4.48187 3.44112 
2.66296 3.92201 1.28484 1.38571 1.33485 2.60709 
2.66296 1.38571 1.33485 4.35482 4.00083 3.70769 
2.66296 1.38571 1.33485 3.7861 4.08931 3.44112 
2.66296 4.35482 4.00083 3.7861 4.08931 1.31542 
3.59526 1.38571 3.71093 4.35482 2.5685 3.70769 
3.59526 1.38571 3.71093 3.7861 1.29578 3.44112 
3.59526 4.35482 2.5685 4.4713 1.36981 3.81617 
3.59526 4.35482 2.5685 3.7861 1.29578 1.31542 
3.59526 4.4713 1.36981 3.7861 1.29578 2.56318 
1.38571 4.35482 3.70769 3.7861 3.44112 1.31542 
4.35482 4.4713 3.81617 3.7861 1.31542 2.56318 
1.27871 2.55633 1.29327 3.75769 2.52882 1.56476 
1.27871 2.55633 1.29327 4.23759 3.14631 2.36072 
1.27871 2.55633 1.29327 3.73423 2.57317 1.39775 
1.27871 2.55633 1.29327 1.41528 2.62839 3.90624 
1.27871 2.55633 1.29327 4.2006 3.04941 2.27412 
1.27871 3.75769 2.52882 4.23759 3.14631 1.31096 
1.27871 3.75769 2.52882 3.73423 2.57317 2.08801 
1.27871 3.75769 2.52882 4.2006 3.04941 1.31542 
1.27871 4.23759 3.14631 3.73423 2.57317 2.735 
1.27871 4.23759 3.14631 4.2006 3.04941 2.49831 
1.27871 3.73423 2.57317 4.2006 3.04941 2.79246 
1.27871 1.41528 2.62839 2.59722 3.85033 1.26597 
2.55633 3.75769 1.56476 4.23759 2.36072 1.31096 
2.55633 3.75769 1.56476 3.73423 1.39775 2.08801 
2.55633 3.75769 1.56476 4.2006 2.27412 1.31542 
2.55633 4.23759 2.36072 3.73423 1.39775 2.735 
2.55633 4.23759 2.36072 4.2006 2.27412 2.49831 
2.55633 3.73423 1.39775 4.2006 2.27412 2.79246 
3.90991 1.41528 2.51635 2.59722 1.35051 1.26597 
3.75769 4.23759 1.31096 3.73423 2.08801 2.735 
3.75769 4.23759 1.31096 4.2006 1.31542 2.49831 
3.75769 3.73423 2.08801 4.2006 1.31542 2.79246 
4.23759 3.73423 2.735 4.2006 2.49831 2.79246 
1.30112 2.54397 3.78028 1.318 2.58514 1.23776 
2.54397 1.318 1.23776 3.80072 1.26612 2.503 
3.82944 1.30718 2.5349 2.54649 1.34048 1.25564 
3.82944 1.30718 2.5349 4.42665 4.33935 3.92887 
3.82944 2.54649 1.34048 4.42665 4.33935 3.66158 
1.30718 1.23961 2.53361 2.54649 1.25564 3.77529 
1.30718 1.23961 2.53361 2.5053 3.76022 1.29769 
1.30718 1.23961 2.53361 3.94657 4.02587 4.39861 
1.30718 2.54649 1.25564 3.95417 3.65201 3.68828 
1.30718 2.54649 1.25564 4.42665 3.92887 3.66158 
1.30718 3.94657 4.02587 3.95417 3.65201 2.54702 
1.30718 3.94657 4.02587 4.42665 3.92887 3.79772 
1.30718 3.95417 3.65201 4.42665 3.92887 1.26766 
1.23961 2.5053 1.29769 3.71676 2.54546 1.26439 
2.54649 3.95417 3.68828 4.42665 3.66158 1.26766 
3.94657 3.95417 2.54702 4.42665 3.79772 1.26766 
1.29327 3.85984 3.36898 2.52882 1.56476 2.5685 
1.29327 3.85984 3.36898 3.14631 2.36072 3.6426 
1.29327 3.85984 3.36898 2.57317 1.39775 3.97722 
1.29327 3.85984 3.36898 4.49525 4.40979 2.39476 
1.29327 3.85984 3.36898 3.04941 2.27412 1.29578 
1.29327 2.52882 1.56476 3.14631 2.36072 1.31096 
1.29327 2.52882 1.56476 2.57317 1.39775 2.08801 
1.29327 2.52882 1.56476 3.88718 3.30309 2.59028 
1.29327 2.52882 1.56476 4.49525 4.40979 4.39692 
1.29327 2.52882 1.56476 3.04941 2.27412 1.31542 
1.29327 3.14631 2.36072 2.57317 1.39775 2.735 
1.29327 3.14631 2.36072 3.88718 3.30309 1.30217 
1.29327 3.14631 2.36072 3.04941 2.27412 2.49831 
1.29327 2.57317 1.39775 3.88718 3.30309 3.58092 
1.29327 2.57317 1.39775 3.04941 2.27412 2.79246 
1.29327 3.88718 3.30309 3.04941 2.27412 3.79533 
1.29327 4.49525 4.40979 3.04941 2.27412 3.24975 
3.85984 2.52882 2.5685 3.14631 3.6426 1.31096 
3.85984 2.52882 2.5685 2.57317 3.97722 2.08801 
3.85984 2.52882 2.5685 4.49525 2.39476 4.39692 
3.85984 2.52882 2.5685 3.04941 1.29578 1.31542 
3.85984 3.14631 3.6426 2.57317 3.97722 2.735 
3.85984 3.14631 3.6426 3.04941 1.29578 2.49831 
3.85984 2.57317 3.97722 3.04941 1.29578 2.79246 
3.85984 4.49525 2.39476 3.04941 1.29578 3.24975 
2.52882 3.14631 1.31096 2.57317 2.08801 2.735 
2.52882 3.14631 1.31096 3.88718 2.59028 1.30217 
2.52882 3.14631 1.31096 3.04941 1.31542 2.49831 
2.52882 2.57317 2.08801 3.88718 2.59028 3.58092 
2.52882 2.57317 2.08801 3.04941 1.31542 2.79246 
2.52882 3.88718 2.59028 3.04941 1.31542 3.79533 
2.52882 4.49525 4.39692 3.04941 1.31542 3.24975 
3.14631 2.57317 2.735 3.88718 1.30217 3.58092 
3.14631 2.57317 2.735 3.04941 2.49831 2.79246 
3.14631 3.88718 1.30217 3.04941 2.49831 3.79533 
2.57317 3.88718 3.58092 3.04941 2.79246 3.79533 
2.7213 3.44056 1.39542 3.66118 1.43039 2.53417 
2.7213 3.44056 1.39542 1.22538 1.49717 2.36803 
2.7213 3.44056 1.39542 4.49331 2.70542 3.82971 
2.7213 1.34048 4.00057 1.22538 1.49717 2.52973 
2.7213 3.66118 1.43039 1.22538 1.49717 2.52735 
2.7213 3.66118 1.43039 4.49331 2.70542 1.30976 
2.7213 1.22538 1.49717 4.49331 2.70542 3.52375 
3.44056 3.66118 2.53417 1.22538 2.36803 2.52735 
3.44056 3.66118 2.53417 4.49331 3.82971 1.30976 
3.44056 1.22538 2.36803 4.49331 3.82971 3.52375 
2.5349 1.34048 1.25564 4.33935 3.92887 3.66158 
2.5349 1.34048 1.25564 1.22538 3.64185 2.52973 
3.66118 1.22538 2.52735 4.49331 1.30976 3.52375 
1.39542 1.43039 2.53417 1.49717 2.36803 2.52735 
1.39542 1.43039 2.53417 2.70542 3.82971 1.30976 
1.39542 3.85355 2.4675 1.49717 2.36803 4.47178 
1.39542 1.49717 2.36803 2.70542 3.82971 3.52375 
4.04204 1.43039 2.63275 2.70542 1.35108 1.30976 
1.43039 1.49717 2.52735 2.70542 1.30976 3.52375 
3.82713 2.58574 1.33485 4.48187 4.08931 3.44112 
4.00365 2.58574 3.71093 4.48187 1.29578 3.44112 
2.54498 1.27718 1.28484 3.86899 1.33485 2.60709 
2.54498 1.27718 1.28484 1.38305 3.75013 2.47897 
1.27718 2.5651 3.72271 1.38305 2.47897 1.28938 
2.5651 3.81964 1.26216 1.38305 1.28938 2.5432 
3.36898 1.56476 2.5685 2.36072 3.6426 1.31096 
3.36898 1.56476 2.5685 1.39775 3.97722 2.08801 
3.36898 1.56476 2.5685 4.40979 2.39476 4.39692 
3.36898 1.56476 2.5685 4.28619 1.36981 3.81617 
3.36898 1.56476 2.5685 2.27412 1.29578 1.31542 
3.36898 2.36072 3.6426 1.39775 3.97722 2.735 
3.36898 2.36072 3.6426 2.27412 1.29578 2.49831 
3.36898 1.39775 3.97722 2.27412 1.29578 2.79246 
3.36898 4.40979 2.39476 4.28619 1.36981 1.3532 
3.36898 4.40979 2.39476 2.27412 1.29578 3.24975 
3.36898 4.28619 1.36981 2.27412 1.29578 2.56318 
1.56476 3.93066 4.20498 1.39775 2.08801 2.57276 
1.56476 2.36072 1.31096 1.39775 2.08801 2.735 
1.56476 2.36072 1.31096 3.30309 2.59028 1.30217 
1.56476 2.36072 1.31096 2.27412 1.31542 2.49831 
1.56476 1.39775 2.08801 3.30309 2.59028 3.58092 
1.56476 1.39775 2.08801 2.27412 1.31542 2.79246 
1.56476 3.30309 2.59028 2.27412 1.31542 3.79533 
1.56476 4.40979 4.39692 4.28619 3.81617 1.3532 
1.56476 4.40979 4.39692 2.27412 1.31542 3.24975 
1.56476 4.28619 3.81617 2.27412 1.31542 2.56318 
2.36072 1.39775 2.735 3.30309 1.30217 3.58092 
2.36072 1.39775 2.735 2.27412 2.49831 2.79246 
2.36072 3.30309 1.30217 2.27412 2.49831 3.79533 
1.39775 3.30309 3.58092 2.27412 2.79246 3.79533 
4.40979 4.28619 1.3532 2.27412 3.24975 2.56318 
2.53417 2.36803 2.52735 3.82971 1.30976 3.52375 
1.28484 1.33485 2.60709 3.86679 4.41435 3.81321 
1.33485 4.00083 3.70769 3.86679 3.81321 1.31096 
1.33485 4.00083 3.70769 4.08931 3.44112 1.31542 
1.33485 3.86679 3.81321 4.08931 3.44112 2.49831 
4.00083 3.86679 1.31096 4.40292 2.59028 1.30217 
4.00083 3.86679 1.31096 4.08931 1.31542 2.49831 
4.00083 4.40292 2.59028 4.08931 1.31542 3.79533 
3.86679 4.40292 1.30217 4.08931 2.49831 3.79533 
1.25564 3.65201 3.68828 3.92887 3.66158 1.26766 
4.02587 3.65201 2.54702 3.92887 3.79772 1.26766 
2.51849 1.23776 3.74526 1.26612 1.27187 2.503 
2.51849 1.26612 1.27187 3.75137 1.31104 2.55311 
4.10641 3.68828 2.53409 3.66158 1.26849 1.26766 
3.71093 2.5685 3.70769 3.6426 3.81321 1.31096 
3.71093 2.5685 3.70769 1.29578 3.44112 1.31542 
3.71093 3.6426 3.81321 1.29578 3.44112 2.49831 
2.5685 3.6426 1.31096 3.97722 2.08801 2.735 
2.5685 3.6426 1.31096 1.29578 1.31542 2.49831 
2.5685 3.97722 2.08801 1.29578 1.31542 2.79246 
2.5685 2.39476 4.39692 1.36981 3.81617 1.3532 
2.5685 2.39476 4.39692 1.29578 1.31542 3.24975 
2.5685 1.36981 3.81617 1.29578 1.31542 2.56318 
3.6426 3.97722 2.735 1.29578 2.49831 2.79246 
2.39476 3.53459 1.2238 1.36981 1.3532 2.52298 
2.39476 3.53459 1.2238 3.85463 3.22585 3.75684 
2.39476 3.53459 1.2238 1.29578 3.24975 4.26503 
2.39476 1.36981 1.3532 3.85463 3.22585 2.73763 
2.39476 1.36981 1.3532 1.29578 3.24975 2.56318 
3.53459 1.36981 2.52298 3.85463 3.75684 2.73763 
3.53459 1.36981 2.52298 1.29578 4.26503 2.56318 
3.70769 3.81321 1.31096 3.44112 1.31542 2.49831 
3.62997 4.13277 1.23578 1.27188 4.09749 4.23912 
3.62997 1.27188 4.09749 2.51635 4.22507 3.69981 
3.62997 1.27188 4.09749 1.35051 3.78577 2.60491 
3.62997 2.51635 4.22507 1.35051 3.78577 1.26597 
1.27188 3.79739 2.53409 2.53647 1.26849 1.26766 
1.27188 2.53647 1.26849 1.35051 2.60491 3.86585 
1.27188 2.51635 3.69981 1.35051 2.60491 1.26597 
3.78372 1.23578 2.57041 2.60031 1.18452 1.39792 
4.09749 4.22507 3.69981 3.78577 2.60491 1.26597 
2.57041 1.18452 1.39792 1.35108 3.90426 2.52921 
1.18452 2.63275 3.81717 1.35108 2.52921 1.30976 
1.27187 1.31104 2.55311 2.47202 3.61834 1.27362 
1.31104 3.66987 2.49184 2.47202 1.27362 1.2238 
1.31096 2.08801 2.735 2.59028 1.30217 3.58092 
1.31096 2.08801 2.735 1.31542 2.49831 2.79246 
1.31096 2.59028 1.30217 1.31542 2.49831 3.79533 
2.08801 2.59028 3.58092 1.31542 2.79246 3.79533 
4.39692 3.81617 1.3532 1.31542 3.24975 2.56318 
2.49184 1.27362 1.2238 3.78563 1.3532 2.52298 
2.735 1.30217 3.58092 2.49831 2.79246 3.79533 
3.98649 1.2238 4.32012 1.3532 3.74332 2.52298 
3.98649 1.2238 4.32012 3.22585 1.26216 3.75684 
3.98649 1.3532 3.74332 3.22585 1.26216 2.73763 
1.2238 1.3532 2.52298 3.22585 3.75684 2.73763 
1.2238 1.3532 2.52298 3.24975 4.26503 2.56318 
4.32012 3.74332 2.52298 1.26216 3.75684 2.73763 
