-0.461576 -0.484267 -0.723151 
-0.461576 -0.970466 -0.991128 
-0.461576 -0.869503 -0.527184 
-0.461576 -0.965079 -0.994589 
-0.461576 -0.864163 -0.867864 
-0.461576 -0.95018 -0.98616 
-0.461576 -0.989952 -0.998128 
-0.461576 -0.85095 -0.702925 
-0.484267 -0.970466 -0.99068 
-0.484267 -0.869503 -0.885494 
-0.484267 -0.965079 -0.995049 
-0.484267 -0.864163 -0.514282 
-0.484267 -0.95018 -0.985846 
-0.484267 -0.989952 -0.997373 
-0.484267 -0.85095 -0.717599 
-0.970466 -0.965079 -0.848441 
-0.970466 -0.95018 -0.414114 
-0.970466 -0.995213 -0.999789 
-0.970466 -0.989952 -0.509883 
-0.970466 -0.979617 -0.968303 
-0.869503 -0.864163 -0.880631 
-0.869503 -0.85095 -0.530334 
-0.965079 -0.95018 -0.465419 
-0.965079 -0.995213 -0.855394 
-0.965079 -0.989952 -0.972114 
-0.965079 -0.979617 -0.474597 
-0.864163 -0.85095 -0.494623 
-0.95018 -0.995213 -0.967625 
-0.95018 -0.989952 -0.861865 
-0.95018 -0.979617 -0.861773 
-0.995213 -0.979617 -0.429564 
-0.996684 -0.408334 -0.999644 
-0.996684 -0.856706 -0.999946 
-0.996684 -0.458037 -0.992808 
-0.998724 -0.988143 -0.461098 
-0.998724 -0.969443 -0.852979 
-0.998724 -0.856706 -0.926963 
-0.998724 -0.990116 -0.859946 
-0.998724 -0.458037 -0.972283 
-0.981886 -0.8607 -0.881096 
-0.981886 -0.408334 -0.949039 
-0.981886 -0.963409 -0.961814 
-0.981886 -0.937489 -0.422293 
-0.981886 -0.999484 -0.991049 
-0.8607 -0.408334 -0.51475 
-0.8607 -0.963409 -0.531888 
-0.8607 -0.458037 -0.970871 
-0.8607 -0.937489 -0.563008 
-0.8607 -0.999484 -0.878976 
-0.988143 -0.969443 -0.592455 
-0.988143 -0.856706 -0.823583 
-0.988143 -0.990116 -0.51591 
-0.988143 -0.458037 -0.93953 
-0.408334 -0.856706 -0.965952 
-0.408334 -0.963409 -0.853836 
-0.408334 -0.458037 -0.842824 
-0.408334 -0.937489 -0.824966 
-0.408334 -0.999484 -0.969841 
-0.999686 -0.969443 -0.976718 
-0.999686 -0.856706 -0.971433 
-0.999686 -0.990116 -0.998565 
-0.999686 -0.458037 -0.988918 
-0.969443 -0.856706 -0.470786 
-0.969443 -0.990116 -0.764019 
-0.969443 -0.458037 -0.862552 
-0.856706 -0.990116 -0.882899 
-0.856706 -0.458037 -0.465994 
-0.990116 -0.458037 -0.957489 
-0.963409 -0.458037 -0.9991 
-0.963409 -0.937489 -0.852744 
-0.963409 -0.999484 -0.470133 
-0.458037 -0.937489 -0.990558 
-0.937489 -0.999484 -0.95419 
-0.999828 -0.836392 -0.858705 
-0.999828 -0.462854 -0.966799 
-0.999828 -0.96613 -0.462505 
-0.995584 -0.445125 -0.993492 
-0.995584 -0.966887 -0.527184 
-0.995584 -0.85974 -0.992049 
-0.995584 -0.961579 -0.999495 
-0.995584 -0.987284 -0.702925 
-0.445125 -0.836392 -0.961182 
-0.445125 -0.966887 -0.974659 
-0.445125 -0.998731 -0.992391 
-0.445125 -0.462854 -0.852283 
-0.445125 -0.997563 -0.970281 
-0.445125 -0.85974 -0.508563 
-0.445125 -0.961579 -0.857758 
-0.445125 -0.987284 -0.995608 
-0.445125 -0.96613 -0.999522 
-0.445125 -0.99386 -0.975507 
-0.445125 -0.989395 -0.960042 
-0.836392 -0.966887 -0.986733 
-0.836392 -0.462854 -0.411627 
-0.836392 -0.85974 -0.999308 
-0.836392 -0.987284 -0.98363 
-0.836392 -0.96613 -0.476007 
-0.966887 -0.462854 -0.982361 
-0.966887 -0.85974 -0.982032 
-0.966887 -0.961579 -0.995263 
-0.966887 -0.987284 -0.530334 
-0.998731 -0.997563 -0.973211 
-0.998731 -0.99386 -0.524557 
-0.998731 -0.989395 -0.863596 
-0.462854 -0.85974 -0.971234 
-0.462854 -0.961579 -0.999296 
-0.462854 -0.987284 -0.988645 
-0.462854 -0.96613 -0.847221 
-0.997563 -0.85974 -0.960173 
-0.997563 -0.961579 -0.981273 
-0.997563 -0.99386 -0.850964 
-0.997563 -0.989395 -0.491834 
-0.85974 -0.961579 -0.428409 
-0.85974 -0.99386 -0.98412 
-0.85974 -0.989395 -0.967877 
-0.961579 -0.989395 -0.993333 
-0.987284 -0.96613 -0.996811 
-0.99386 -0.989395 -0.445813 
-0.858705 -0.966799 -0.411627 
-0.858705 -0.976556 -0.995007 
-0.858705 -0.970524 -0.99784 
-0.858705 -0.994623 -0.99948 
-0.858705 -0.462505 -0.476007 
-0.858705 -0.468854 -0.970735 
-0.966799 -0.462505 -0.847221 
-0.976556 -0.970524 -0.46873 
-0.976556 -0.994623 -0.430645 
-0.976556 -0.979929 -0.855791 
-0.976556 -0.462505 -0.974663 
-0.976556 -0.468854 -0.974958 
-0.976556 -0.856749 -0.989496 
-0.970524 -0.994623 -0.853746 
-0.970524 -0.979929 -0.439914 
-0.970524 -0.462505 -0.977629 
-0.970524 -0.968711 -0.993662 
-0.970524 -0.468854 -0.961338 
-0.970524 -0.856749 -0.973969 
-0.994623 -0.979929 -0.967396 
-0.994623 -0.462505 -0.988812 
-0.994623 -0.468854 -0.996303 
-0.979929 -0.462505 -0.991762 
-0.979929 -0.968711 -0.98041 
-0.979929 -0.468854 -0.963198 
-0.979929 -0.856749 -0.961835 
-0.462505 -0.468854 -0.855875 
-0.462505 -0.856749 -0.968419 
-0.968711 -0.468854 -0.853822 
-0.968711 -0.856749 -0.447237 
-0.468854 -0.856749 -0.446768 
-0.995733 -0.994425 -0.514282 
-0.995733 -0.457061 -0.999488 
-0.998139 -0.968066 -0.452996 
-0.998139 -0.875301 -0.857337 
-0.998139 -0.99586 -0.997373 
-0.998139 -0.929145 -0.966575 
-0.998139 -0.967165 -0.984487 
-0.998139 -0.471699 -0.96546 
-0.998139 -0.991896 -0.996673 
-0.998139 -0.961372 -0.983391 
-0.999236 -0.96882 -0.430645 
-0.999236 -0.855564 -0.849158 
-0.999236 -0.457061 -0.964612 
-0.968066 -0.875301 -0.461098 
-0.968066 -0.99586 -0.971138 
-0.968066 -0.929145 -0.852979 
-0.968066 -0.967165 -0.926963 
-0.968066 -0.471699 -0.859946 
-0.968066 -0.991896 -0.972283 
-0.968066 -0.961372 -0.91815 
-0.994425 -0.457061 -0.999062 
-0.875301 -0.99586 -0.94425 
-0.875301 -0.929145 -0.592455 
-0.875301 -0.457061 -0.974039 
-0.875301 -0.967165 -0.823583 
-0.875301 -0.471699 -0.51591 
-0.875301 -0.991896 -0.93953 
-0.875301 -0.961372 -0.806396 
-0.999806 -0.999039 -0.456422 
-0.999806 -0.99586 -0.994697 
-0.999806 -0.929145 -0.976718 
-0.999806 -0.967165 -0.971433 
-0.999806 -0.471699 -0.998565 
-0.999806 -0.991896 -0.988918 
-0.999806 -0.961372 -0.979838 
-0.96882 -0.855564 -0.463536 
-0.96882 -0.457061 -0.855629 
-0.999039 -0.855564 -0.997882 
-0.999039 -0.929145 -0.994561 
-0.999039 -0.457061 -0.996365 
-0.999039 -0.967165 -0.989198 
-0.999039 -0.991896 -0.996079 
-0.999039 -0.961372 -0.999375 
-0.99586 -0.929145 -0.859226 
-0.99586 -0.967165 -0.960844 
-0.99586 -0.471699 -0.975838 
-0.99586 -0.991896 -0.998575 
-0.99586 -0.961372 -0.462486 
-0.855564 -0.457061 -0.444915 
-0.855564 -0.471699 -0.968969 
-0.929145 -0.457061 -0.983523 
-0.929145 -0.967165 -0.470786 
-0.929145 -0.471699 -0.764019 
-0.929145 -0.991896 -0.862552 
-0.929145 -0.961372 -0.473202 
-0.457061 -0.967165 -0.996251 
-0.457061 -0.471699 -0.859882 
-0.457061 -0.961372 -0.991754 
-0.967165 -0.471699 -0.882899 
-0.967165 -0.991896 -0.465994 
-0.967165 -0.961372 -0.848004 
-0.471699 -0.991896 -0.957489 
-0.471699 -0.961372 -0.890195 
-0.991896 -0.961372 -0.968311 
-0.993492 -0.527184 -0.974659 
-0.993492 -0.992049 -0.508563 
-0.993492 -0.999495 -0.857758 
-0.993492 -0.702925 -0.995608 
-0.723151 -0.991128 -0.99068 
-0.723151 -0.527184 -0.885494 
-0.723151 -0.994589 -0.995049 
-0.723151 -0.867864 -0.514282 
-0.723151 -0.98616 -0.985846 
-0.723151 -0.998128 -0.997373 
-0.723151 -0.702925 -0.717599 
-0.991128 -0.994589 -0.848441 
-0.991128 -0.98616 -0.414114 
-0.991128 -0.998128 -0.509883 
-0.991128 -0.999571 -0.992786 
-0.527184 -0.867864 -0.880631 
-0.527184 -0.992049 -0.982032 
-0.527184 -0.999495 -0.995263 
-0.527184 -0.702925 -0.530334 
-0.527184 -0.999571 -0.999946 
-0.527184 -0.998437 -0.992808 
-0.994589 -0.98616 -0.465419 
-0.994589 -0.998128 -0.972114 
-0.867864 -0.702925 -0.494623 
-0.98616 -0.998128 -0.861865 
-0.998128 -0.999571 -0.969114 
-0.998128 -0.998437 -0.992994 
-0.992049 -0.999495 -0.428409 
-0.999571 -0.998437 -0.465994 
-0.961182 -0.974659 -0.986733 
-0.961182 -0.852283 -0.411627 
-0.961182 -0.508563 -0.999308 
-0.961182 -0.995608 -0.98363 
-0.961182 -0.999522 -0.476007 
-0.974659 -0.852283 -0.982361 
-0.974659 -0.508563 -0.982032 
-0.974659 -0.857758 -0.995263 
-0.974659 -0.995608 -0.530334 
-0.992391 -0.970281 -0.973211 
-0.992391 -0.975507 -0.524557 
-0.992391 -0.960042 -0.863596 
-0.852283 -0.508563 -0.971234 
-0.852283 -0.857758 -0.999296 
-0.852283 -0.995608 -0.988645 
-0.852283 -0.999522 -0.847221 
-0.970281 -0.508563 -0.960173 
-0.970281 -0.857758 -0.981273 
-0.970281 -0.993493 -0.449157 
-0.970281 -0.974884 -0.998132 
-0.970281 -0.975507 -0.850964 
-0.970281 -0.960042 -0.491834 
-0.508563 -0.857758 -0.428409 
-0.508563 -0.993493 -0.980113 
-0.508563 -0.974884 -0.864058 
-0.508563 -0.975507 -0.98412 
-0.508563 -0.960042 -0.967877 
-0.857758 -0.993493 -0.984531 
-0.857758 -0.974884 -0.515996 
-0.857758 -0.960042 -0.993333 
-0.995608 -0.999522 -0.996811 
-0.993493 -0.974884 -0.994475 
-0.993493 -0.975507 -0.963776 
-0.993493 -0.960042 -0.864745 
-0.975507 -0.960042 -0.445813 
-0.99068 -0.995049 -0.848441 
-0.99068 -0.985846 -0.414114 
-0.99068 -0.997373 -0.509883 
-0.885494 -0.514282 -0.880631 
-0.885494 -0.717599 -0.530334 
-0.995049 -0.985846 -0.465419 
-0.995049 -0.997373 -0.972114 
-0.514282 -0.717599 -0.494623 
-0.514282 -0.999488 -0.999062 
-0.985846 -0.997373 -0.861865 
-0.986733 -0.411627 -0.982361 
-0.986733 -0.996625 -0.880631 
-0.986733 -0.999308 -0.982032 
-0.986733 -0.98363 -0.530334 
-0.411627 -0.999308 -0.971234 
-0.411627 -0.98363 -0.988645 
-0.411627 -0.476007 -0.847221 
-0.995007 -0.99784 -0.46873 
-0.995007 -0.99948 -0.430645 
-0.995007 -0.476007 -0.974663 
-0.995007 -0.970735 -0.974958 
-0.996625 -0.98363 -0.494623 
-0.99784 -0.99948 -0.853746 
-0.99784 -0.476007 -0.977629 
-0.99784 -0.970735 -0.961338 
-0.99948 -0.476007 -0.988812 
-0.99948 -0.970735 -0.996303 
-0.98363 -0.476007 -0.996811 
-0.476007 -0.970735 -0.855875 
-0.990318 -0.984455 -0.848441 
-0.990318 -0.985176 -0.414114 
-0.990318 -0.859445 -0.958288 
-0.990318 -0.999027 -0.968303 
-0.990318 -0.590957 -0.990547 
-0.990318 -0.971107 -0.967892 
-0.984455 -0.985176 -0.465419 
-0.984455 -0.859445 -0.994505 
-0.984455 -0.999027 -0.474597 
-0.984455 -0.590957 -0.999482 
-0.984455 -0.480414 -0.994659 
-0.985176 -0.859445 -0.976822 
-0.985176 -0.999027 -0.861773 
-0.985176 -0.590957 -0.993714 
-0.985176 -0.971107 -0.990789 
-0.859445 -0.985197 -0.996857 
-0.859445 -0.826616 -0.829941 
-0.859445 -0.853638 -0.999225 
-0.859445 -0.930384 -0.95483 
-0.859445 -0.590957 -0.501808 
-0.859445 -0.480414 -0.970917 
-0.859445 -0.971107 -0.462486 
-0.999027 -0.985197 -0.999256 
-0.985197 -0.826616 -0.846929 
-0.985197 -0.853638 -0.999109 
-0.985197 -0.930384 -0.450135 
-0.985197 -0.590957 -0.96787 
-0.985197 -0.480414 -0.993208 
-0.826616 -0.853638 -0.976186 
-0.826616 -0.930384 -0.421358 
-0.826616 -0.590957 -0.493239 
-0.826616 -0.480414 -0.933584 
-0.826616 -0.971107 -0.935473 
-0.853638 -0.930384 -0.98679 
-0.853638 -0.590957 -0.965896 
-0.853638 -0.480414 -0.443642 
-0.853638 -0.969212 -0.458948 
-0.930384 -0.590957 -0.852038 
-0.930384 -0.480414 -0.966535 
-0.930384 -0.971107 -0.985274 
-0.590957 -0.480414 -0.883242 
-0.590957 -0.969212 -0.999261 
-0.590957 -0.971107 -0.858403 
-0.480414 -0.969212 -0.855272 
-0.848441 -0.414114 -0.465419 
-0.848441 -0.999789 -0.855394 
-0.848441 -0.958288 -0.994505 
-0.848441 -0.509883 -0.972114 
-0.848441 -0.968303 -0.474597 
-0.848441 -0.990547 -0.999482 
-0.414114 -0.873138 -0.969728 
-0.414114 -0.999789 -0.967625 
-0.414114 -0.958288 -0.976822 
-0.414114 -0.509883 -0.861865 
-0.414114 -0.968303 -0.861773 
-0.414114 -0.990547 -0.993714 
-0.414114 -0.967892 -0.990789 
-0.873138 -0.973696 -0.456422 
-0.873138 -0.958288 -0.994697 
-0.873138 -0.509883 -0.4836 
-0.873138 -0.987703 -0.976718 
-0.873138 -0.992786 -0.971433 
-0.873138 -0.967892 -0.979838 
-0.973696 -0.509883 -0.865069 
-0.973696 -0.987703 -0.994561 
-0.973696 -0.992786 -0.989198 
-0.973696 -0.967892 -0.999375 
-0.999789 -0.968303 -0.429564 
-0.958288 -0.509883 -0.964326 
-0.958288 -0.987703 -0.859226 
-0.958288 -0.992786 -0.960844 
-0.958288 -0.990547 -0.501808 
-0.958288 -0.967892 -0.462486 
-0.509883 -0.987703 -0.964166 
-0.509883 -0.992786 -0.969114 
-0.509883 -0.990547 -0.997546 
-0.509883 -0.967892 -0.949075 
-0.987703 -0.992786 -0.470786 
-0.987703 -0.990547 -0.969245 
-0.987703 -0.967892 -0.473202 
-0.992786 -0.990547 -0.99915 
-0.992786 -0.967892 -0.848004 
-0.990547 -0.967892 -0.858403 
-0.982361 -0.982032 -0.971234 
-0.982361 -0.995263 -0.999296 
-0.982361 -0.530334 -0.988645 
-0.880631 -0.530334 -0.494623 
-0.999644 -0.999946 -0.965952 
-0.999644 -0.992808 -0.842824 
-0.982032 -0.995263 -0.428409 
-0.999946 -0.992808 -0.465994 
-0.452996 -0.857337 -0.461098 
-0.452996 -0.997373 -0.971138 
-0.452996 -0.966575 -0.852979 
-0.452996 -0.984487 -0.926963 
-0.452996 -0.96546 -0.859946 
-0.452996 -0.996673 -0.972283 
-0.452996 -0.524557 -0.868199 
-0.452996 -0.863596 -0.970733 
-0.452996 -0.983391 -0.91815 
-0.857337 -0.997373 -0.94425 
-0.857337 -0.966575 -0.592455 
-0.857337 -0.984487 -0.823583 
-0.857337 -0.96546 -0.51591 
-0.857337 -0.996673 -0.93953 
-0.857337 -0.524557 -0.973062 
-0.857337 -0.983391 -0.806396 
-0.997373 -0.966575 -0.859226 
-0.997373 -0.984487 -0.960844 
-0.997373 -0.96546 -0.975838 
-0.997373 -0.996673 -0.998575 
-0.997373 -0.983391 -0.462486 
-0.973211 -0.524557 -0.850964 
-0.973211 -0.863596 -0.491834 
-0.966575 -0.984487 -0.470786 
-0.966575 -0.96546 -0.764019 
-0.966575 -0.996673 -0.862552 
-0.966575 -0.983391 -0.473202 
-0.984487 -0.96546 -0.882899 
-0.984487 -0.996673 -0.465994 
-0.984487 -0.983391 -0.848004 
-0.96546 -0.996673 -0.957489 
-0.96546 -0.983391 -0.890195 
-0.996673 -0.983391 -0.968311 
-0.524557 -0.863596 -0.445813 
-0.971234 -0.999296 -0.428409 
-0.988645 -0.847221 -0.996811 
-0.465419 -0.855394 -0.967625 
-0.465419 -0.994505 -0.976822 
-0.465419 -0.972114 -0.861865 
-0.465419 -0.474597 -0.861773 
-0.465419 -0.999482 -0.993714 
-0.855394 -0.474597 -0.429564 
-0.855394 -0.968555 -0.445898 
-0.994505 -0.972114 -0.964326 
-0.994505 -0.999482 -0.501808 
-0.994505 -0.994659 -0.970917 
-0.972114 -0.999482 -0.997546 
-0.474597 -0.968555 -0.848779 
-0.999482 -0.994659 -0.883242 
-0.969829 -0.46873 -0.853953 
-0.969829 -0.855791 -0.486575 
-0.969829 -0.974958 -0.99275 
-0.969829 -0.989496 -0.9873 
-0.969829 -0.998821 -0.422293 
-0.998377 -0.430645 -0.997058 
-0.998377 -0.849158 -0.994417 
-0.998377 -0.964612 -0.995198 
-0.998377 -0.998593 -0.508541 
-0.46873 -0.430645 -0.853746 
-0.46873 -0.855791 -0.439914 
-0.46873 -0.849158 -0.966694 
-0.46873 -0.974663 -0.977629 
-0.46873 -0.964612 -0.998857 
-0.46873 -0.974958 -0.961338 
-0.46873 -0.989496 -0.973969 
-0.46873 -0.998821 -0.960804 
-0.46873 -0.998593 -0.998609 
-0.430645 -0.855791 -0.967396 
-0.430645 -0.849158 -0.463536 
-0.430645 -0.974663 -0.988812 
-0.430645 -0.964612 -0.855629 
-0.430645 -0.974958 -0.996303 
-0.855791 -0.849158 -0.999806 
-0.855791 -0.974663 -0.991762 
-0.855791 -0.974958 -0.963198 
-0.855791 -0.989496 -0.961835 
-0.855791 -0.998821 -0.853125 
-0.849158 -0.964612 -0.444915 
-0.974663 -0.974958 -0.855875 
-0.974663 -0.989496 -0.968419 
-0.974958 -0.989496 -0.446768 
-0.461098 -0.971138 -0.94425 
-0.461098 -0.852979 -0.592455 
-0.461098 -0.926963 -0.823583 
-0.461098 -0.859946 -0.51591 
-0.461098 -0.972283 -0.93953 
-0.461098 -0.991092 -0.989087 
-0.461098 -0.868199 -0.973062 
-0.461098 -0.991521 -0.985866 
-0.461098 -0.91815 -0.806396 
-0.971138 -0.852979 -0.859226 
-0.971138 -0.926963 -0.960844 
-0.971138 -0.859946 -0.975838 
-0.971138 -0.972283 -0.998575 
-0.971138 -0.991092 -0.829941 
-0.971138 -0.991521 -0.501808 
-0.971138 -0.91815 -0.462486 
-0.852979 -0.926963 -0.470786 
-0.852979 -0.859946 -0.764019 
-0.852979 -0.972283 -0.862552 
-0.852979 -0.991092 -0.98877 
-0.852979 -0.991521 -0.969245 
-0.852979 -0.91815 -0.473202 
-0.926963 -0.859946 -0.882899 
-0.926963 -0.972283 -0.465994 
-0.926963 -0.991521 -0.99915 
-0.926963 -0.91815 -0.848004 
-0.859946 -0.972283 -0.957489 
-0.859946 -0.991521 -0.999482 
-0.859946 -0.91815 -0.890195 
-0.972283 -0.91815 -0.968311 
-0.991092 -0.991521 -0.493239 
-0.991092 -0.91815 -0.935473 
-0.868199 -0.970733 -0.445813 
-0.991521 -0.91815 -0.858403 
-0.881096 -0.949039 -0.51475 
-0.881096 -0.486575 -0.976708 
-0.881096 -0.961814 -0.531888 
-0.881096 -0.422293 -0.563008 
-0.881096 -0.991049 -0.878976 
-0.949039 -0.486575 -0.992745 
-0.949039 -0.961814 -0.853836 
-0.949039 -0.422293 -0.824966 
-0.949039 -0.991049 -0.969841 
-0.853953 -0.486575 -0.439914 
-0.853953 -0.991411 -0.993662 
-0.853953 -0.99275 -0.961338 
-0.853953 -0.9873 -0.973969 
-0.853953 -0.422293 -0.960804 
-0.486575 -0.991411 -0.98041 
-0.486575 -0.99275 -0.963198 
-0.486575 -0.9873 -0.961835 
-0.486575 -0.961814 -0.999632 
-0.486575 -0.422293 -0.853125 
-0.991411 -0.99275 -0.853822 
-0.991411 -0.9873 -0.447237 
-0.99275 -0.9873 -0.446768 
-0.961814 -0.422293 -0.852744 
-0.961814 -0.991049 -0.470133 
-0.422293 -0.991049 -0.95419 
-0.51475 -0.976708 -0.992745 
-0.51475 -0.531888 -0.853836 
-0.51475 -0.970871 -0.842824 
-0.51475 -0.563008 -0.824966 
-0.51475 -0.878976 -0.969841 
-0.976708 -0.531888 -0.999632 
-0.976708 -0.563008 -0.853125 
-0.978206 -0.531888 -0.868832 
-0.978206 -0.563008 -0.997196 
-0.978206 -0.878976 -0.492135 
-0.531888 -0.970871 -0.9991 
-0.531888 -0.563008 -0.852744 
-0.531888 -0.878976 -0.470133 
-0.970871 -0.563008 -0.990558 
-0.563008 -0.878976 -0.95419 
-0.969728 -0.976822 -0.994697 
-0.969728 -0.861865 -0.4836 
-0.969728 -0.990789 -0.979838 
-0.967625 -0.861773 -0.429564 
-0.976822 -0.861865 -0.964326 
-0.976822 -0.993714 -0.501808 
-0.976822 -0.990789 -0.462486 
-0.861865 -0.993714 -0.997546 
-0.861865 -0.990789 -0.949075 
-0.993714 -0.990789 -0.858403 
-0.855554 -0.452139 -0.456422 
-0.855554 -0.971525 -0.4836 
-0.855554 -0.858701 -0.999817 
-0.855554 -0.508541 -0.966219 
-0.997058 -0.994417 -0.463536 
-0.997058 -0.995198 -0.855629 
-0.452139 -0.971525 -0.865069 
-0.452139 -0.994417 -0.997882 
-0.452139 -0.995198 -0.996365 
-0.452139 -0.858701 -0.964903 
-0.452139 -0.969398 -0.999706 
-0.452139 -0.508541 -0.84477 
-0.994417 -0.995198 -0.444915 
-0.858701 -0.969398 -0.443642 
-0.858701 -0.508541 -0.458948 
-0.969398 -0.508541 -0.855272 
-0.94425 -0.592455 -0.859226 
-0.94425 -0.823583 -0.960844 
-0.94425 -0.51591 -0.975838 
-0.94425 -0.93953 -0.998575 
-0.94425 -0.989087 -0.829941 
-0.94425 -0.985866 -0.501808 
-0.94425 -0.806396 -0.462486 
-0.592455 -0.974039 -0.983523 
-0.592455 -0.823583 -0.470786 
-0.592455 -0.51591 -0.764019 
-0.592455 -0.93953 -0.862552 
-0.592455 -0.989087 -0.98877 
-0.592455 -0.985866 -0.969245 
-0.592455 -0.806396 -0.473202 
-0.974039 -0.823583 -0.996251 
-0.974039 -0.51591 -0.859882 
-0.974039 -0.806396 -0.991754 
-0.823583 -0.51591 -0.882899 
-0.823583 -0.93953 -0.465994 
-0.823583 -0.985866 -0.99915 
-0.823583 -0.806396 -0.848004 
-0.51591 -0.93953 -0.957489 
-0.51591 -0.985866 -0.999482 
-0.51591 -0.806396 -0.890195 
-0.93953 -0.806396 -0.968311 
-0.989087 -0.985866 -0.493239 
-0.989087 -0.806396 -0.935473 
-0.985866 -0.806396 -0.858403 
-0.992745 -0.853836 -0.999632 
-0.992745 -0.824966 -0.853125 
-0.965952 -0.842824 -0.465994 
-0.853836 -0.842824 -0.9991 
-0.853836 -0.824966 -0.852744 
-0.853836 -0.969841 -0.470133 
-0.842824 -0.824966 -0.990558 
-0.824966 -0.969841 -0.95419 
-0.456422 -0.4836 -0.865069 
-0.456422 -0.976718 -0.994561 
-0.456422 -0.971433 -0.989198 
-0.456422 -0.988918 -0.996079 
-0.456422 -0.999817 -0.964903 
-0.456422 -0.966219 -0.84477 
-0.456422 -0.979838 -0.999375 
-0.994697 -0.4836 -0.964326 
-0.994697 -0.976718 -0.859226 
-0.994697 -0.971433 -0.960844 
-0.994697 -0.998565 -0.975838 
-0.994697 -0.988918 -0.998575 
-0.994697 -0.999817 -0.999225 
-0.994697 -0.979838 -0.462486 
-0.4836 -0.976718 -0.964166 
-0.4836 -0.971433 -0.969114 
-0.4836 -0.988918 -0.992994 
-0.4836 -0.979838 -0.949075 
-0.976718 -0.971433 -0.470786 
-0.976718 -0.998565 -0.764019 
-0.976718 -0.988918 -0.862552 
-0.976718 -0.979838 -0.473202 
-0.971433 -0.998565 -0.882899 
-0.971433 -0.988918 -0.465994 
-0.971433 -0.979838 -0.848004 
-0.998565 -0.988918 -0.957489 
-0.998565 -0.979838 -0.890195 
-0.988918 -0.979838 -0.968311 
-0.999817 -0.966219 -0.458948 
-0.853746 -0.439914 -0.967396 
-0.853746 -0.966694 -0.463536 
-0.853746 -0.977629 -0.988812 
-0.853746 -0.998857 -0.855629 
-0.853746 -0.961338 -0.996303 
-0.439914 -0.966694 -0.999806 
-0.439914 -0.977629 -0.991762 
-0.439914 -0.993662 -0.98041 
-0.439914 -0.961338 -0.963198 
-0.439914 -0.973969 -0.961835 
-0.439914 -0.960804 -0.853125 
-0.966694 -0.998857 -0.444915 
-0.977629 -0.961338 -0.855875 
-0.977629 -0.973969 -0.968419 
-0.993662 -0.961338 -0.853822 
-0.993662 -0.973969 -0.447237 
-0.961338 -0.973969 -0.446768 
-0.967396 -0.463536 -0.999806 
-0.967396 -0.988812 -0.991762 
-0.967396 -0.996303 -0.963198 
-0.463536 -0.855629 -0.444915 
-0.988812 -0.996303 -0.855875 
-0.865069 -0.994561 -0.964166 
-0.865069 -0.989198 -0.969114 
-0.865069 -0.996079 -0.992994 
-0.865069 -0.999375 -0.949075 
-0.997882 -0.996365 -0.444915 
-0.994561 -0.996365 -0.983523 
-0.994561 -0.989198 -0.470786 
-0.994561 -0.996079 -0.862552 
-0.994561 -0.999375 -0.473202 
-0.996365 -0.989198 -0.996251 
-0.996365 -0.999375 -0.991754 
-0.989198 -0.996079 -0.465994 
-0.989198 -0.999375 -0.848004 
-0.996079 -0.999375 -0.968311 
-0.964903 -0.999706 -0.443642 
-0.964903 -0.84477 -0.458948 
-0.999706 -0.84477 -0.855272 
-0.851311 -0.429564 -0.965988 
-0.851311 -0.445898 -0.449149 
-0.851311 -0.966278 -0.470833 
-0.851311 -0.995497 -0.843594 
-0.429564 -0.445898 -0.848779 
-0.429564 -0.966278 -0.999256 
-0.445898 -0.966278 -0.856833 
-0.445898 -0.995497 -0.959549 
-0.966278 -0.995497 -0.450135 
-0.999332 -0.98041 -0.449157 
-0.999332 -0.963198 -0.968405 
-0.999332 -0.961835 -0.854204 
-0.991762 -0.963198 -0.855875 
-0.991762 -0.961835 -0.968419 
-0.98041 -0.963198 -0.853822 
-0.98041 -0.961835 -0.447237 
-0.963198 -0.961835 -0.446768 
-0.999632 -0.853125 -0.852744 
-0.964326 -0.859226 -0.964166 
-0.964326 -0.960844 -0.969114 
-0.964326 -0.998575 -0.992994 
-0.964326 -0.501808 -0.997546 
-0.964326 -0.462486 -0.949075 
-0.859226 -0.960844 -0.470786 
-0.859226 -0.975838 -0.764019 
-0.859226 -0.998575 -0.862552 
-0.859226 -0.829941 -0.98877 
-0.859226 -0.501808 -0.969245 
-0.859226 -0.462486 -0.473202 
-0.996857 -0.829941 -0.846929 
-0.996857 -0.999225 -0.999109 
-0.996857 -0.95483 -0.450135 
-0.996857 -0.501808 -0.96787 
-0.996857 -0.970917 -0.993208 
-0.960844 -0.975838 -0.882899 
-0.960844 -0.998575 -0.465994 
-0.960844 -0.501808 -0.99915 
-0.960844 -0.462486 -0.848004 
-0.975838 -0.998575 -0.957489 
-0.975838 -0.501808 -0.999482 
-0.975838 -0.462486 -0.890195 
-0.998575 -0.462486 -0.968311 
-0.829941 -0.999225 -0.976186 
-0.829941 -0.95483 -0.421358 
-0.829941 -0.501808 -0.493239 
-0.829941 -0.970917 -0.933584 
-0.829941 -0.462486 -0.935473 
-0.999225 -0.95483 -0.98679 
-0.999225 -0.501808 -0.965896 
-0.999225 -0.970917 -0.443642 
-0.95483 -0.501808 -0.852038 
-0.95483 -0.970917 -0.966535 
-0.95483 -0.462486 -0.985274 
-0.501808 -0.970917 -0.883242 
-0.501808 -0.462486 -0.858403 
-0.964166 -0.969114 -0.470786 
-0.964166 -0.992994 -0.862552 
-0.964166 -0.997546 -0.969245 
-0.964166 -0.949075 -0.473202 
-0.969114 -0.992994 -0.465994 
-0.969114 -0.997546 -0.99915 
-0.969114 -0.949075 -0.848004 
-0.992994 -0.949075 -0.968311 
-0.997546 -0.949075 -0.858403 
-0.960173 -0.981273 -0.428409 
-0.960173 -0.449157 -0.980113 
-0.960173 -0.998132 -0.864058 
-0.960173 -0.854204 -0.996307 
-0.960173 -0.850964 -0.98412 
-0.960173 -0.491834 -0.967877 
-0.981273 -0.449157 -0.984531 
-0.981273 -0.998132 -0.515996 
-0.981273 -0.854204 -0.992881 
-0.981273 -0.491834 -0.993333 
-0.449157 -0.968405 -0.853822 
-0.449157 -0.998132 -0.994475 
-0.449157 -0.854204 -0.447237 
-0.449157 -0.850964 -0.963776 
-0.449157 -0.491834 -0.864745 
-0.968405 -0.998132 -0.998837 
-0.968405 -0.854204 -0.446768 
-0.998132 -0.854204 -0.994301 
-0.854204 -0.850964 -0.998798 
-0.854204 -0.491834 -0.971393 
-0.850964 -0.491834 -0.445813 
-0.967783 -0.428409 -0.859521 
-0.967783 -0.864058 -0.39763 
-0.428409 -0.980113 -0.984531 
-0.428409 -0.864058 -0.515996 
-0.428409 -0.996307 -0.992881 
-0.428409 -0.967877 -0.993333 
-0.980113 -0.864058 -0.994475 
-0.980113 -0.996307 -0.447237 
-0.980113 -0.98412 -0.963776 
-0.980113 -0.967877 -0.864745 
-0.864058 -0.996307 -0.994301 
-0.996307 -0.98412 -0.998798 
-0.996307 -0.967877 -0.971393 
-0.98412 -0.967877 -0.445813 
-0.859521 -0.39763 -0.515996 
-0.859521 -0.492135 -0.972982 
-0.39763 -0.868832 -0.969289 
-0.39763 -0.492135 -0.853041 
-0.868832 -0.997196 -0.852744 
-0.868832 -0.492135 -0.470133 
-0.997196 -0.492135 -0.95419 
-0.984531 -0.515996 -0.994475 
-0.984531 -0.992881 -0.447237 
-0.984531 -0.993333 -0.864745 
-0.515996 -0.992881 -0.994301 
-0.515996 -0.972982 -0.853041 
-0.992881 -0.993333 -0.971393 
-0.444915 -0.968969 -0.859882 
-0.855875 -0.968419 -0.446768 
-0.853822 -0.994475 -0.998837 
-0.853822 -0.447237 -0.446768 
-0.994475 -0.447237 -0.994301 
-0.447237 -0.963776 -0.998798 
-0.447237 -0.864745 -0.971393 
-0.963776 -0.864745 -0.445813 
-0.965988 -0.449149 -0.848779 
-0.965988 -0.470833 -0.999256 
-0.449149 -0.470833 -0.856833 
-0.449149 -0.962262 -0.996245 
-0.449149 -0.843594 -0.959549 
-0.470833 -0.962262 -0.846929 
-0.470833 -0.843594 -0.450135 
-0.470833 -0.999594 -0.96787 
-0.962262 -0.843594 -0.421358 
-0.962262 -0.999594 -0.493239 
-0.843594 -0.999594 -0.852038 
-0.848779 -0.999256 -0.856833 
-0.983523 -0.470786 -0.996251 
-0.983523 -0.764019 -0.859882 
-0.983523 -0.473202 -0.991754 
-0.470786 -0.764019 -0.882899 
-0.470786 -0.862552 -0.465994 
-0.470786 -0.969245 -0.99915 
-0.470786 -0.473202 -0.848004 
-0.764019 -0.862552 -0.957489 
-0.764019 -0.969245 -0.999482 
-0.764019 -0.473202 -0.890195 
-0.862552 -0.473202 -0.968311 
-0.98877 -0.969245 -0.493239 
-0.98877 -0.473202 -0.935473 
-0.969245 -0.473202 -0.858403 
-0.996251 -0.859882 -0.882899 
-0.996251 -0.991754 -0.848004 
-0.859882 -0.991754 -0.890195 
-0.998837 -0.446768 -0.994301 
-0.969289 -0.853041 -0.470133 
-0.856833 -0.996245 -0.846929 
-0.856833 -0.959549 -0.450135 
-0.996245 -0.959549 -0.421358 
-0.846929 -0.999109 -0.976186 
-0.846929 -0.450135 -0.421358 
-0.846929 -0.96787 -0.493239 
-0.846929 -0.993208 -0.933584 
-0.999109 -0.450135 -0.98679 
-0.999109 -0.96787 -0.965896 
-0.999109 -0.993208 -0.443642 
-0.450135 -0.96787 -0.852038 
-0.450135 -0.993208 -0.966535 
-0.96787 -0.993208 -0.883242 
-0.882899 -0.465994 -0.957489 
-0.882899 -0.99915 -0.999482 
-0.882899 -0.848004 -0.890195 
-0.465994 -0.848004 -0.968311 
-0.99915 -0.848004 -0.858403 
-0.957489 -0.890195 -0.968311 
-0.999482 -0.890195 -0.858403 
-0.998798 -0.971393 -0.445813 
-0.9991 -0.852744 -0.990558 
-0.852744 -0.470133 -0.95419 
-0.976186 -0.421358 -0.98679 
-0.976186 -0.493239 -0.965896 
-0.976186 -0.933584 -0.443642 
-0.421358 -0.493239 -0.852038 
-0.421358 -0.933584 -0.966535 
-0.421358 -0.935473 -0.985274 
-0.493239 -0.933584 -0.883242 
-0.493239 -0.935473 -0.858403 
-0.98679 -0.965896 -0.852038 
-0.98679 -0.443642 -0.966535 
-0.965896 -0.443642 -0.883242 
-0.965896 -0.458948 -0.999261 
-0.443642 -0.458948 -0.855272 
-0.852038 -0.966535 -0.883242 
-0.852038 -0.985274 -0.858403 
-0.883242 -0.999261 -0.855272 
