-0.468036 -0.490827 -0.730767 -0.979176 -0.999929 -0.999479 
-0.468036 -0.490827 -0.730767 -0.877767 -0.533935 -0.893828 
-0.468036 -0.490827 -0.730767 -0.872402 -0.876121 -0.520976 
-0.468036 -0.490827 -0.730767 -0.9588 -0.994939 -0.994624 
-0.468036 -0.490827 -0.730767 -0.859131 -0.710452 -0.725191 
-0.468036 -0.979176 -0.999929 -0.9588 -0.994939 -0.420365 
-0.468036 -0.877767 -0.533935 -0.872402 -0.876121 -0.888944 
-0.468036 -0.877767 -0.533935 -0.859131 -0.710452 -0.537098 
-0.468036 -0.872402 -0.876121 -0.859131 -0.710452 -0.50123 
-0.490827 -0.979176 -0.999479 -0.9588 -0.994624 -0.420365 
-0.490827 -0.877767 -0.893828 -0.872402 -0.520976 -0.888944 
-0.490827 -0.877767 -0.893828 -0.859131 -0.725191 -0.537098 
-0.490827 -0.872402 -0.520976 -0.859131 -0.725191 -0.50123 
-0.979176 -0.973765 -0.856611 -0.9588 -0.420365 -0.471896 
-0.979176 -0.973765 -0.856611 -0.998748 -0.516557 -0.980831 
-0.979176 -0.973765 -0.856611 -0.988367 -0.977003 -0.481115 
-0.979176 -0.9588 -0.420365 -0.998748 -0.516557 -0.870094 
-0.979176 -0.9588 -0.420365 -0.988367 -0.977003 -0.870003 
-0.877767 -0.872402 -0.888944 -0.859131 -0.537098 -0.50123 
-0.973765 -0.9588 -0.471896 -0.998748 -0.980831 -0.870094 
-0.973765 -0.9588 -0.471896 -0.988367 -0.481115 -0.870003 
-0.990646 -0.868925 -0.889411 -0.414559 -0.957654 -0.521445 
-0.990646 -0.868925 -0.889411 -0.972087 -0.970486 -0.538659 
-0.990646 -0.868925 -0.889411 -0.946053 -0.428579 -0.569917 
-0.990646 -0.414559 -0.957654 -0.972087 -0.970486 -0.86203 
-0.990646 -0.414559 -0.957654 -0.946053 -0.428579 -0.833033 
-0.990646 -0.972087 -0.970486 -0.946053 -0.428579 -0.860933 
-0.868925 -0.414559 -0.521445 -0.972087 -0.538659 -0.86203 
-0.868925 -0.414559 -0.521445 -0.464482 -0.979583 -0.850969 
-0.868925 -0.414559 -0.521445 -0.946053 -0.569917 -0.833033 
-0.868925 -0.972087 -0.538659 -0.946053 -0.569917 -0.860933 
-0.868925 -0.464482 -0.979583 -0.946053 -0.569917 -0.999357 
-0.996931 -0.978148 -0.599494 -0.864913 -0.831643 -0.477287 
-0.996931 -0.978148 -0.599494 -0.998913 -0.522611 -0.771816 
-0.996931 -0.978148 -0.599494 -0.464482 -0.948103 -0.870785 
-0.996931 -0.864913 -0.831643 -0.998913 -0.522611 -0.891222 
-0.996931 -0.864913 -0.831643 -0.464482 -0.948103 -0.472474 
-0.996931 -0.998913 -0.522611 -0.464482 -0.948103 -0.966142 
-0.414559 -0.864913 -0.974642 -0.464482 -0.850969 -0.472474 
-0.414559 -0.972087 -0.86203 -0.946053 -0.833033 -0.860933 
-0.414559 -0.464482 -0.850969 -0.946053 -0.833033 -0.999357 
-0.978148 -0.864913 -0.477287 -0.998913 -0.771816 -0.891222 
-0.978148 -0.864913 -0.477287 -0.464482 -0.870785 -0.472474 
-0.978148 -0.998913 -0.771816 -0.464482 -0.870785 -0.966142 
-0.864913 -0.998913 -0.891222 -0.464482 -0.472474 -0.966142 
-0.451513 -0.844509 -0.969851 -0.975581 -0.983388 -0.995515 
-0.451513 -0.844509 -0.969851 -0.46932 -0.86047 -0.417867 
-0.451513 -0.975581 -0.983388 -0.46932 -0.86047 -0.991123 
-0.451513 -0.975581 -0.983388 -0.867961 -0.515231 -0.990793 
-0.451513 -0.46932 -0.86047 -0.867961 -0.515231 -0.979947 
-0.451513 -0.867961 -0.515231 -0.970249 -0.86597 -0.434723 
-0.451513 -0.867961 -0.515231 -0.998189 -0.968706 -0.976575 
-0.844509 -0.975581 -0.995515 -0.46932 -0.417867 -0.991123 
-0.844509 -0.975581 -0.995515 -0.996068 -0.992398 -0.537098 
-0.844509 -0.46932 -0.417867 -0.996068 -0.992398 -0.997435 
-0.844509 -0.46932 -0.417867 -0.97482 -0.482531 -0.855386 
-0.975581 -0.46932 -0.991123 -0.867961 -0.990793 -0.979947 
-0.975581 -0.46932 -0.991123 -0.996068 -0.537098 -0.997435 
-0.866921 -0.975493 -0.417867 -0.46897 -0.482531 -0.855386 
-0.866921 -0.46897 -0.482531 -0.475347 -0.979446 -0.864078 
-0.985293 -0.979234 -0.475222 -0.988681 -0.863994 -0.446278 
-0.985293 -0.979234 -0.475222 -0.46897 -0.983392 -0.986371 
-0.985293 -0.979234 -0.475222 -0.475347 -0.983687 -0.970007 
-0.985293 -0.979234 -0.475222 -0.864956 -0.99829 -0.982694 
-0.985293 -0.988681 -0.863994 -0.475347 -0.983687 -0.971875 
-0.985293 -0.988681 -0.863994 -0.864956 -0.99829 -0.970506 
-0.985293 -0.46897 -0.983392 -0.475347 -0.983687 -0.864078 
-0.985293 -0.46897 -0.983392 -0.864956 -0.99829 -0.97712 
-0.985293 -0.475347 -0.983687 -0.864956 -0.99829 -0.453163 
-0.979234 -0.988681 -0.446278 -0.475347 -0.970007 -0.971875 
-0.979234 -0.988681 -0.446278 -0.864956 -0.982694 -0.970506 
-0.979234 -0.46897 -0.986371 -0.475347 -0.970007 -0.864078 
-0.979234 -0.46897 -0.986371 -0.864956 -0.982694 -0.97712 
-0.979234 -0.475347 -0.970007 -0.864956 -0.982694 -0.453163 
-0.988681 -0.977413 -0.989164 -0.475347 -0.971875 -0.862017 
-0.988681 -0.977413 -0.989164 -0.864956 -0.970506 -0.453634 
-0.988681 -0.475347 -0.971875 -0.864956 -0.970506 -0.453163 
-0.46897 -0.475347 -0.864078 -0.864956 -0.97712 -0.453163 
-0.977413 -0.475347 -0.862017 -0.864956 -0.453634 -0.453163 
-0.976766 -0.88359 -0.467556 -0.937673 -0.861169 -0.599494 
-0.976766 -0.88359 -0.467556 -0.97586 -0.935481 -0.831643 
-0.976766 -0.88359 -0.467556 -0.478204 -0.868167 -0.522611 
-0.976766 -0.88359 -0.467556 -0.970041 -0.926629 -0.81438 
-0.976766 -0.937673 -0.861169 -0.97586 -0.935481 -0.477287 
-0.976766 -0.937673 -0.861169 -0.478204 -0.868167 -0.771816 
-0.976766 -0.937673 -0.861169 -0.970041 -0.926629 -0.479714 
-0.976766 -0.97586 -0.935481 -0.478204 -0.868167 -0.891222 
-0.976766 -0.97586 -0.935481 -0.970041 -0.926629 -0.856172 
-0.976766 -0.478204 -0.868167 -0.970041 -0.926629 -0.89855 
-0.88359 -0.937673 -0.599494 -0.463502 -0.982765 -0.99229 
-0.88359 -0.937673 -0.599494 -0.97586 -0.831643 -0.477287 
-0.88359 -0.937673 -0.599494 -0.478204 -0.522611 -0.771816 
-0.88359 -0.937673 -0.599494 -0.970041 -0.81438 -0.479714 
-0.88359 -0.463502 -0.982765 -0.478204 -0.522611 -0.868103 
-0.88359 -0.97586 -0.831643 -0.478204 -0.522611 -0.891222 
-0.88359 -0.97586 -0.831643 -0.970041 -0.81438 -0.856172 
-0.88359 -0.478204 -0.522611 -0.970041 -0.81438 -0.89855 
-0.977523 -0.863766 -0.470005 -0.463502 -0.863831 -0.451301 
-0.863766 -0.463502 -0.451301 -0.478204 -0.977672 -0.868103 
-0.937673 -0.463502 -0.99229 -0.478204 -0.771816 -0.868103 
-0.937673 -0.97586 -0.477287 -0.478204 -0.771816 -0.891222 
-0.937673 -0.97586 -0.477287 -0.970041 -0.479714 -0.856172 
-0.937673 -0.478204 -0.771816 -0.970041 -0.479714 -0.89855 
-0.97586 -0.478204 -0.891222 -0.970041 -0.856172 -0.89855 
-0.730767 -0.999929 -0.999479 -0.994939 -0.994624 -0.420365 
-0.730767 -0.533935 -0.893828 -0.876121 -0.520976 -0.888944 
-0.730767 -0.533935 -0.893828 -0.710452 -0.725191 -0.537098 
-0.730767 -0.876121 -0.520976 -0.710452 -0.725191 -0.50123 
-0.533935 -0.876121 -0.888944 -0.710452 -0.537098 -0.50123 
-0.969851 -0.983388 -0.995515 -0.86047 -0.417867 -0.991123 
-0.983388 -0.86047 -0.991123 -0.515231 -0.990793 -0.979947 
-0.97899 -0.515231 -0.968838 -0.86597 -0.99003 -0.434723 
-0.97899 -0.515231 -0.968838 -0.98424 -0.859145 -0.99289 
-0.97899 -0.515231 -0.968838 -0.968706 -0.498428 -0.976575 
-0.97899 -0.98424 -0.859145 -0.968706 -0.498428 -0.452204 
-0.515231 -0.86597 -0.434723 -0.983613 -0.872298 -0.522697 
-0.515231 -0.98424 -0.99289 -0.968706 -0.976575 -0.452204 
-0.893828 -0.520976 -0.888944 -0.725191 -0.537098 -0.50123 
-0.995515 -0.417867 -0.991123 -0.992398 -0.537098 -0.997435 
-0.999116 -0.993227 -0.856611 -0.99395 -0.420365 -0.471896 
-0.999116 -0.99395 -0.420365 -0.867664 -0.966944 -0.98556 
-0.999116 -0.99395 -0.420365 -0.979819 -0.97659 -0.999589 
-0.999116 -0.867664 -0.966944 -0.597989 -0.999346 -0.508446 
-0.999116 -0.867664 -0.966944 -0.979819 -0.97659 -0.468951 
-0.999116 -0.597989 -0.999346 -0.979819 -0.97659 -0.866617 
-0.99395 -0.867664 -0.98556 -0.979819 -0.999589 -0.468951 
-0.867664 -0.834689 -0.83803 -0.938917 -0.963471 -0.42764 
-0.867664 -0.834689 -0.83803 -0.597989 -0.508446 -0.499839 
-0.867664 -0.834689 -0.83803 -0.486957 -0.979629 -0.942131 
-0.867664 -0.834689 -0.83803 -0.979819 -0.468951 -0.944028 
-0.867664 -0.938917 -0.963471 -0.597989 -0.508446 -0.860224 
-0.867664 -0.938917 -0.963471 -0.486957 -0.979629 -0.975228 
-0.867664 -0.938917 -0.963471 -0.979819 -0.468951 -0.994049 
-0.867664 -0.597989 -0.508446 -0.486957 -0.979629 -0.891566 
-0.867664 -0.597989 -0.508446 -0.979819 -0.468951 -0.866617 
-0.993972 -0.834689 -0.855093 -0.938917 -0.456544 -0.42764 
-0.993972 -0.834689 -0.855093 -0.597989 -0.976568 -0.499839 
-0.993972 -0.938917 -0.456544 -0.597989 -0.976568 -0.860224 
-0.834689 -0.861832 -0.984921 -0.938917 -0.42764 -0.995572 
-0.834689 -0.861832 -0.984921 -0.597989 -0.499839 -0.974585 
-0.834689 -0.861832 -0.984921 -0.486957 -0.942131 -0.450024 
-0.834689 -0.938917 -0.42764 -0.597989 -0.499839 -0.860224 
-0.834689 -0.938917 -0.42764 -0.486957 -0.942131 -0.975228 
-0.834689 -0.938917 -0.42764 -0.979819 -0.944028 -0.994049 
-0.834689 -0.597989 -0.499839 -0.486957 -0.942131 -0.891566 
-0.834689 -0.597989 -0.499839 -0.979819 -0.944028 -0.866617 
-0.861832 -0.938917 -0.995572 -0.597989 -0.974585 -0.860224 
-0.861832 -0.938917 -0.995572 -0.486957 -0.450024 -0.975228 
-0.861832 -0.597989 -0.974585 -0.486957 -0.450024 -0.891566 
-0.861832 -0.486957 -0.450024 -0.977916 -0.465397 -0.863473 
-0.938917 -0.597989 -0.860224 -0.486957 -0.975228 -0.891566 
-0.938917 -0.597989 -0.860224 -0.979819 -0.994049 -0.866617 
-0.856611 -0.420365 -0.471896 -0.516557 -0.980831 -0.870094 
-0.856611 -0.420365 -0.471896 -0.977003 -0.481115 -0.870003 
-0.420365 -0.881418 -0.978434 -0.516557 -0.870094 -0.490158 
-0.420365 -0.881418 -0.978434 -0.97659 -0.999589 -0.98859 
-0.420365 -0.966944 -0.98556 -0.516557 -0.870094 -0.973008 
-0.420365 -0.966944 -0.98556 -0.97659 -0.999589 -0.468951 
-0.420365 -0.516557 -0.870094 -0.97659 -0.999589 -0.957691 
-0.881418 -0.98242 -0.46286 -0.516557 -0.490158 -0.873313 
-0.881418 -0.516557 -0.490158 -0.996489 -0.985455 -0.972848 
-0.881418 -0.516557 -0.490158 -0.97659 -0.98859 -0.957691 
-0.881418 -0.996489 -0.985455 -0.97659 -0.98859 -0.479714 
-0.966944 -0.516557 -0.973008 -0.996489 -0.867444 -0.972848 
-0.966944 -0.516557 -0.973008 -0.97659 -0.468951 -0.957691 
-0.966944 -0.996489 -0.867444 -0.999346 -0.508446 -0.977949 
-0.966944 -0.996489 -0.867444 -0.97659 -0.468951 -0.479714 
-0.966944 -0.999346 -0.508446 -0.97659 -0.468951 -0.866617 
-0.516557 -0.996489 -0.972848 -0.97659 -0.957691 -0.479714 
-0.996489 -0.999346 -0.977949 -0.97659 -0.479714 -0.866617 
-0.459419 -0.865546 -0.467556 -0.975268 -0.861169 -0.599494 
-0.459419 -0.865546 -0.467556 -0.993258 -0.935481 -0.831643 
-0.459419 -0.865546 -0.467556 -0.974148 -0.868167 -0.522611 
-0.459419 -0.865546 -0.467556 -0.531295 -0.876456 -0.981784 
-0.459419 -0.865546 -0.467556 -0.992158 -0.926629 -0.81438 
-0.459419 -0.975268 -0.861169 -0.993258 -0.935481 -0.477287 
-0.459419 -0.975268 -0.861169 -0.974148 -0.868167 -0.771816 
-0.459419 -0.975268 -0.861169 -0.992158 -0.926629 -0.479714 
-0.459419 -0.993258 -0.935481 -0.974148 -0.868167 -0.891222 
-0.459419 -0.993258 -0.935481 -0.992158 -0.926629 -0.856172 
-0.459419 -0.974148 -0.868167 -0.992158 -0.926629 -0.89855 
-0.459419 -0.531295 -0.876456 -0.871833 -0.979444 -0.452204 
-0.865546 -0.975268 -0.599494 -0.993258 -0.831643 -0.477287 
-0.865546 -0.975268 -0.599494 -0.974148 -0.522611 -0.771816 
-0.865546 -0.975268 -0.599494 -0.992158 -0.81438 -0.479714 
-0.865546 -0.993258 -0.831643 -0.974148 -0.522611 -0.891222 
-0.865546 -0.993258 -0.831643 -0.992158 -0.81438 -0.856172 
-0.865546 -0.974148 -0.522611 -0.992158 -0.81438 -0.89855 
-0.981933 -0.531295 -0.859145 -0.871833 -0.498428 -0.452204 
-0.975268 -0.993258 -0.477287 -0.974148 -0.771816 -0.891222 
-0.975268 -0.993258 -0.477287 -0.992158 -0.479714 -0.856172 
-0.975268 -0.974148 -0.771816 -0.992158 -0.479714 -0.89855 
-0.993258 -0.974148 -0.891222 -0.992158 -0.856172 -0.89855 
-0.471896 -0.863595 -0.976322 -0.481115 -0.870003 -0.435883 
-0.863595 -0.481115 -0.435883 -0.977256 -0.452289 -0.856951 
-0.978536 -0.475222 -0.862148 -0.863994 -0.493146 -0.446278 
-0.978536 -0.475222 -0.862148 -0.99829 -0.996084 -0.982694 
-0.978536 -0.863994 -0.493146 -0.99829 -0.996084 -0.970506 
-0.475222 -0.436968 -0.86194 -0.863994 -0.446278 -0.976092 
-0.475222 -0.436968 -0.86194 -0.857331 -0.975387 -0.470005 
-0.475222 -0.436968 -0.86194 -0.983392 -0.986371 -0.997603 
-0.475222 -0.863994 -0.446278 -0.983687 -0.970007 -0.971875 
-0.475222 -0.863994 -0.446278 -0.99829 -0.982694 -0.970506 
-0.475222 -0.983392 -0.986371 -0.983687 -0.970007 -0.864078 
-0.475222 -0.983392 -0.986371 -0.99829 -0.982694 -0.97712 
-0.475222 -0.983687 -0.970007 -0.99829 -0.982694 -0.453163 
-0.436968 -0.857331 -0.470005 -0.973296 -0.863831 -0.451301 
-0.863994 -0.983687 -0.971875 -0.99829 -0.970506 -0.453163 
-0.983392 -0.983687 -0.864078 -0.99829 -0.97712 -0.453163 
-0.467556 -0.979851 -0.952844 -0.861169 -0.599494 -0.867444 
-0.467556 -0.979851 -0.952844 -0.935481 -0.831643 -0.969511 
-0.467556 -0.979851 -0.952844 -0.868167 -0.522611 -0.984571 
-0.467556 -0.979851 -0.952844 -0.999893 -0.997879 -0.83803 
-0.467556 -0.979851 -0.952844 -0.926629 -0.81438 -0.468951 
-0.467556 -0.861169 -0.599494 -0.935481 -0.831643 -0.477287 
-0.467556 -0.861169 -0.599494 -0.868167 -0.522611 -0.771816 
-0.467556 -0.861169 -0.599494 -0.981001 -0.948103 -0.870785 
-0.467556 -0.861169 -0.599494 -0.999893 -0.997879 -0.997561 
-0.467556 -0.861169 -0.599494 -0.926629 -0.81438 -0.479714 
-0.467556 -0.935481 -0.831643 -0.868167 -0.522611 -0.891222 
-0.467556 -0.935481 -0.831643 -0.981001 -0.948103 -0.472474 
-0.467556 -0.935481 -0.831643 -0.926629 -0.81438 -0.856172 
-0.467556 -0.868167 -0.522611 -0.981001 -0.948103 -0.966142 
-0.467556 -0.868167 -0.522611 -0.926629 -0.81438 -0.89855 
-0.467556 -0.981001 -0.948103 -0.926629 -0.81438 -0.977012 
-0.467556 -0.999893 -0.997879 -0.926629 -0.81438 -0.944028 
-0.979851 -0.861169 -0.867444 -0.935481 -0.969511 -0.477287 
-0.979851 -0.861169 -0.867444 -0.868167 -0.984571 -0.771816 
-0.979851 -0.861169 -0.867444 -0.999893 -0.83803 -0.997561 
-0.979851 -0.861169 -0.867444 -0.926629 -0.468951 -0.479714 
-0.979851 -0.935481 -0.969511 -0.868167 -0.984571 -0.891222 
-0.979851 -0.935481 -0.969511 -0.926629 -0.468951 -0.856172 
-0.979851 -0.868167 -0.984571 -0.926629 -0.468951 -0.89855 
-0.979851 -0.999893 -0.83803 -0.926629 -0.468951 -0.944028 
-0.861169 -0.935481 -0.477287 -0.868167 -0.771816 -0.891222 
-0.861169 -0.935481 -0.477287 -0.981001 -0.870785 -0.472474 
-0.861169 -0.935481 -0.477287 -0.926629 -0.479714 -0.856172 
-0.861169 -0.868167 -0.771816 -0.981001 -0.870785 -0.966142 
-0.861169 -0.868167 -0.771816 -0.926629 -0.479714 -0.89855 
-0.861169 -0.981001 -0.870785 -0.926629 -0.479714 -0.977012 
-0.861169 -0.999893 -0.997561 -0.926629 -0.479714 -0.944028 
-0.935481 -0.868167 -0.891222 -0.981001 -0.472474 -0.966142 
-0.935481 -0.868167 -0.891222 -0.926629 -0.856172 -0.89855 
-0.935481 -0.981001 -0.472474 -0.926629 -0.856172 -0.977012 
-0.868167 -0.981001 -0.966142 -0.926629 -0.89855 -0.977012 
-0.889411 -0.957654 -0.521445 -0.970486 -0.538659 -0.86203 
-0.889411 -0.957654 -0.521445 -0.428579 -0.569917 -0.833033 
-0.889411 -0.957654 -0.521445 -0.999849 -0.887282 -0.978548 
-0.889411 -0.493146 -0.985446 -0.428579 -0.569917 -0.861316 
-0.889411 -0.970486 -0.538659 -0.428579 -0.569917 -0.860933 
-0.889411 -0.970486 -0.538659 -0.999849 -0.887282 -0.476632 
-0.889411 -0.428579 -0.569917 -0.999849 -0.887282 -0.962828 
-0.957654 -0.970486 -0.86203 -0.428579 -0.833033 -0.860933 
-0.957654 -0.970486 -0.86203 -0.999849 -0.978548 -0.476632 
-0.957654 -0.428579 -0.833033 -0.999849 -0.978548 -0.962828 
-0.862148 -0.493146 -0.446278 -0.996084 -0.982694 -0.970506 
-0.862148 -0.493146 -0.446278 -0.428579 -0.969471 -0.861316 
-0.970486 -0.428579 -0.860933 -0.999849 -0.476632 -0.962828 
-0.521445 -0.538659 -0.86203 -0.569917 -0.833033 -0.860933 
-0.521445 -0.538659 -0.86203 -0.887282 -0.978548 -0.476632 
-0.521445 -0.979583 -0.850969 -0.569917 -0.833033 -0.999357 
-0.521445 -0.569917 -0.833033 -0.887282 -0.978548 -0.962828 
-0.98695 -0.538659 -0.877092 -0.887282 -0.498731 -0.476632 
-0.538659 -0.569917 -0.860933 -0.887282 -0.476632 -0.962828 
-0.978434 -0.870094 -0.490158 -0.999589 -0.98859 -0.957691 
-0.98556 -0.870094 -0.973008 -0.999589 -0.468951 -0.957691 
-0.863756 -0.458557 -0.46286 -0.980239 -0.490158 -0.873313 
-0.863756 -0.458557 -0.46286 -0.515209 -0.97491 -0.852924 
-0.458557 -0.866916 -0.973588 -0.515209 -0.852924 -0.465397 
-0.866916 -0.978103 -0.450024 -0.515209 -0.465397 -0.863473 
-0.952844 -0.599494 -0.867444 -0.831643 -0.969511 -0.477287 
-0.952844 -0.599494 -0.867444 -0.522611 -0.984571 -0.771816 
-0.952844 -0.599494 -0.867444 -0.997879 -0.83803 -0.997561 
-0.952844 -0.599494 -0.867444 -0.994644 -0.508446 -0.977949 
-0.952844 -0.599494 -0.867444 -0.81438 -0.468951 -0.479714 
-0.952844 -0.831643 -0.969511 -0.522611 -0.984571 -0.891222 
-0.952844 -0.831643 -0.969511 -0.81438 -0.468951 -0.856172 
-0.952844 -0.522611 -0.984571 -0.81438 -0.468951 -0.89855 
-0.952844 -0.997879 -0.83803 -0.994644 -0.508446 -0.499839 
-0.952844 -0.997879 -0.83803 -0.81438 -0.468951 -0.944028 
-0.952844 -0.994644 -0.508446 -0.81438 -0.468951 -0.866617 
-0.599494 -0.982765 -0.99229 -0.522611 -0.771816 -0.868103 
-0.599494 -0.831643 -0.477287 -0.522611 -0.771816 -0.891222 
-0.599494 -0.831643 -0.477287 -0.948103 -0.870785 -0.472474 
-0.599494 -0.831643 -0.477287 -0.81438 -0.479714 -0.856172 
-0.599494 -0.522611 -0.771816 -0.948103 -0.870785 -0.966142 
-0.599494 -0.522611 -0.771816 -0.81438 -0.479714 -0.89855 
-0.599494 -0.948103 -0.870785 -0.81438 -0.479714 -0.977012 
-0.599494 -0.997879 -0.997561 -0.994644 -0.977949 -0.499839 
-0.599494 -0.997879 -0.997561 -0.81438 -0.479714 -0.944028 
-0.599494 -0.994644 -0.977949 -0.81438 -0.479714 -0.866617 
-0.831643 -0.522611 -0.891222 -0.948103 -0.472474 -0.966142 
-0.831643 -0.522611 -0.891222 -0.81438 -0.856172 -0.89855 
-0.831643 -0.948103 -0.472474 -0.81438 -0.856172 -0.977012 
-0.522611 -0.948103 -0.966142 -0.81438 -0.89855 -0.977012 
-0.997879 -0.994644 -0.499839 -0.81438 -0.944028 -0.866617 
-0.86203 -0.833033 -0.860933 -0.978548 -0.476632 -0.962828 
-0.46286 -0.490158 -0.873313 -0.980147 -0.997991 -0.977817 
-0.490158 -0.985455 -0.972848 -0.980147 -0.977817 -0.477287 
-0.490158 -0.985455 -0.972848 -0.98859 -0.957691 -0.479714 
-0.490158 -0.980147 -0.977817 -0.98859 -0.957691 -0.856172 
-0.985455 -0.980147 -0.477287 -0.997709 -0.870785 -0.472474 
-0.985455 -0.980147 -0.477287 -0.98859 -0.479714 -0.856172 
-0.985455 -0.997709 -0.870785 -0.98859 -0.479714 -0.977012 
-0.980147 -0.997709 -0.472474 -0.98859 -0.856172 -0.977012 
-0.446278 -0.970007 -0.971875 -0.982694 -0.970506 -0.453163 
-0.986371 -0.970007 -0.864078 -0.982694 -0.97712 -0.453163 
-0.859495 -0.435883 -0.974678 -0.452289 -0.455555 -0.856951 
-0.859495 -0.452289 -0.455555 -0.974969 -0.477335 -0.865041 
-0.989164 -0.971875 -0.862017 -0.970506 -0.453634 -0.453163 
-0.973008 -0.867444 -0.972848 -0.969511 -0.977817 -0.477287 
-0.973008 -0.867444 -0.972848 -0.468951 -0.957691 -0.479714 
-0.973008 -0.969511 -0.977817 -0.468951 -0.957691 -0.856172 
-0.867444 -0.969511 -0.477287 -0.984571 -0.771816 -0.891222 
-0.867444 -0.969511 -0.477287 -0.468951 -0.479714 -0.856172 
-0.867444 -0.984571 -0.771816 -0.468951 -0.479714 -0.89855 
-0.867444 -0.83803 -0.997561 -0.508446 -0.977949 -0.499839 
-0.867444 -0.83803 -0.997561 -0.468951 -0.479714 -0.944028 
-0.867444 -0.508446 -0.977949 -0.468951 -0.479714 -0.866617 
-0.969511 -0.984571 -0.891222 -0.468951 -0.856172 -0.89855 
-0.83803 -0.963471 -0.42764 -0.508446 -0.499839 -0.860224 
-0.83803 -0.963471 -0.42764 -0.979629 -0.942131 -0.975228 
-0.83803 -0.963471 -0.42764 -0.468951 -0.944028 -0.994049 
-0.83803 -0.508446 -0.499839 -0.979629 -0.942131 -0.891566 
-0.83803 -0.508446 -0.499839 -0.468951 -0.944028 -0.866617 
-0.963471 -0.508446 -0.860224 -0.979629 -0.975228 -0.891566 
-0.963471 -0.508446 -0.860224 -0.468951 -0.994049 -0.866617 
-0.972848 -0.977817 -0.477287 -0.957691 -0.479714 -0.856172 
-0.968838 -0.99003 -0.434723 -0.455563 -0.988866 -0.993303 
-0.968838 -0.455563 -0.988866 -0.859145 -0.99289 -0.972456 
-0.968838 -0.455563 -0.988866 -0.498428 -0.976575 -0.872987 
-0.968838 -0.859145 -0.99289 -0.498428 -0.976575 -0.452204 
-0.455563 -0.977105 -0.862017 -0.8624 -0.453634 -0.453163 
-0.455563 -0.8624 -0.453634 -0.498428 -0.872987 -0.980107 
-0.455563 -0.859145 -0.972456 -0.498428 -0.872987 -0.452204 
-0.976481 -0.434723 -0.86774 -0.872298 -0.403808 -0.522697 
-0.988866 -0.99289 -0.972456 -0.976575 -0.872987 -0.452204 
-0.86774 -0.403808 -0.522697 -0.498731 -0.981703 -0.861232 
-0.403808 -0.877092 -0.977994 -0.498731 -0.861232 -0.476632 
-0.455555 -0.477335 -0.865041 -0.851743 -0.96821 -0.456544 
-0.477335 -0.970936 -0.855093 -0.851743 -0.456544 -0.42764 
-0.477287 -0.771816 -0.891222 -0.870785 -0.472474 -0.966142 
-0.477287 -0.771816 -0.891222 -0.479714 -0.856172 -0.89855 
-0.477287 -0.870785 -0.472474 -0.479714 -0.856172 -0.977012 
-0.771816 -0.870785 -0.966142 -0.479714 -0.89855 -0.977012 
-0.997561 -0.977949 -0.499839 -0.479714 -0.944028 -0.866617 
-0.855093 -0.456544 -0.42764 -0.976568 -0.499839 -0.860224 
-0.891222 -0.472474 -0.966142 -0.856172 -0.89855 -0.977012 
-0.984921 -0.42764 -0.995572 -0.499839 -0.974585 -0.860224 
-0.984921 -0.42764 -0.995572 -0.942131 -0.450024 -0.975228 
-0.984921 -0.499839 -0.974585 -0.942131 -0.450024 -0.891566 
-0.42764 -0.499839 -0.860224 -0.942131 -0.975228 -0.891566 
-0.42764 -0.499839 -0.860224 -0.944028 -0.994049 -0.866617 
-0.995572 -0.974585 -0.860224 -0.450024 -0.975228 -0.891566 
