3.68871 4.05623 3.62381 4.38328 2.66564 1.37731 
3.68871 4.05623 3.62381 3.77956 1.3229 2.3929 
3.68871 4.38328 2.66564 3.77956 1.3229 1.3514 
1.32617 1.3154 1.83117 2.59301 1.36996 2.51688 
1.32617 1.3154 1.83117 2.57737 2.59433 1.31907 
1.32617 1.3154 1.83117 2.60523 1.94244 1.84113 
1.32617 2.59301 1.36996 2.57737 2.59433 2.58294 
1.32617 2.59301 1.36996 2.60523 1.94244 1.36015 
1.32617 2.57737 2.59433 2.60523 1.94244 1.32445 
1.3154 2.59301 2.51688 2.57737 1.31907 2.58294 
1.3154 2.59301 2.51688 2.60523 1.84113 1.36015 
1.3154 2.57737 1.31907 2.60523 1.84113 1.32445 
2.59301 2.57737 2.58294 2.60523 1.36015 1.32445 
4.36524 4.05623 1.32357 4.38328 2.61052 1.37731 
4.36524 4.05623 1.32357 3.77956 3.56854 2.3929 
4.36524 4.38328 2.61052 3.77956 3.56854 1.3514 
4.05623 4.38328 1.37731 3.77956 2.3929 1.3514 
4.26159 4.22607 1.32445 1.31625 4.37844 4.03619 
4.30914 2.61869 2.61075 1.2369 3.47907 1.4084 
4.30914 2.61869 2.61075 3.73271 3.37942 1.37346 
4.30914 2.61869 2.61075 3.33681 1.25849 1.36117 
4.30914 1.2369 3.47907 3.73271 3.37942 2.51597 
4.30914 1.2369 3.47907 3.33681 1.25849 2.34894 
4.30914 3.73271 3.37942 3.33681 1.25849 2.29079 
2.61869 1.2369 1.4084 3.73271 1.37346 2.51597 
2.61869 1.2369 1.4084 1.31625 3.86917 2.53489 
2.61869 1.2369 1.4084 3.33681 1.36117 2.34894 
2.61869 3.73271 1.37346 3.33681 1.36117 2.29079 
2.61869 1.31625 3.86917 3.33681 1.36117 4.38615 
1.2369 2.58347 3.76265 1.31625 2.53489 1.29062 
1.2369 3.73271 2.51597 3.33681 2.34894 2.29079 
1.2369 1.31625 2.53489 3.33681 2.34894 4.38615 
3.99656 2.58347 1.42236 1.31625 2.6977 1.29062 
1.22859 2.58744 3.81437 1.2625 2.48673 1.33444 
1.22859 1.2625 2.48673 2.5221 1.29869 3.77079 
1.22859 4.43132 3.82132 2.5221 1.29869 3.65275 
1.22859 4.43132 3.82132 3.73642 2.51399 3.96786 
1.22859 4.43132 3.82132 4.29035 3.57463 1.33337 
1.22859 2.5221 1.29869 3.73642 2.51399 1.21966 
1.22859 2.5221 1.29869 4.29035 3.57463 3.32617 
1.22859 3.73642 2.51399 4.29035 3.57463 3.55854 
2.58744 1.2625 1.33444 3.86136 1.27682 2.61098 
4.43132 2.5221 3.65275 3.73642 3.96786 1.21966 
4.43132 2.5221 3.65275 4.29035 1.33337 3.32617 
4.43132 3.73642 3.96786 4.29035 1.33337 3.55854 
2.5221 3.73642 1.21966 4.29035 3.32617 3.55854 
2.56151 3.88239 1.33444 1.32776 1.27682 2.61098 
2.56151 1.32776 1.27682 1.29448 3.84928 2.61022 
3.92193 4.39105 3.80117 3.43155 1.35926 2.48063 
3.92193 4.39105 3.80117 3.3958 2.57377 1.39247 
3.92193 4.39105 3.80117 1.29448 3.79378 4.11247 
3.92193 3.43155 1.35926 3.3958 2.57377 1.21536 
3.92193 3.43155 1.35926 1.32776 4.26203 3.89291 
3.92193 3.43155 1.35926 1.29448 3.79378 3.20319 
3.92193 3.3958 2.57377 1.32776 4.26203 3.94708 
3.92193 3.3958 2.57377 1.29448 3.79378 3.07118 
3.92193 1.32776 4.26203 1.29448 3.79378 2.61022 
4.39105 3.43155 2.48063 3.3958 1.39247 1.21536 
4.39105 3.43155 2.48063 1.29448 4.11247 3.20319 
4.39105 3.3958 1.39247 1.29448 4.11247 3.07118 
3.43155 3.3958 1.21536 1.32776 3.89291 3.94708 
3.43155 3.3958 1.21536 1.29448 3.20319 3.07118 
3.43155 3.3958 1.21536 2.50802 4.0215 3.74088 
3.43155 1.32776 3.89291 1.29448 3.20319 2.61022 
3.43155 1.32776 3.89291 2.50802 4.0215 3.82943 
3.43155 1.29448 3.20319 2.50802 4.0215 1.30399 
3.3958 1.32776 3.94708 1.29448 3.07118 2.61022 
3.3958 1.32776 3.94708 2.50802 3.74088 3.82943 
3.3958 3.75495 4.40194 1.29448 3.07118 2.53684 
3.3958 3.75495 4.40194 2.50802 3.74088 1.25832 
3.3958 1.29448 3.07118 2.50802 3.74088 1.30399 
1.32776 1.29448 2.61022 2.50802 3.82943 1.30399 
3.75495 1.29448 2.53684 2.50802 1.25832 1.30399 
3.62381 2.66564 1.37731 3.74391 2.41075 1.5323 
3.62381 2.66564 1.37731 4.00048 3.50081 2.47243 
3.62381 2.66564 1.37731 1.3229 2.3929 1.3514 
3.62381 3.74391 2.41075 4.00048 3.50081 1.42236 
3.62381 3.74391 2.41075 1.3229 2.3929 2.56593 
3.62381 4.00048 3.50081 1.3229 2.3929 3.05246 
2.66564 3.74391 1.5323 4.00048 2.47243 1.42236 
2.66564 3.74391 1.5323 1.3229 1.3514 2.56593 
2.66564 1.33695 3.82967 1.3229 1.3514 2.555 
2.66564 4.00048 2.47243 1.3229 1.3514 3.05246 
3.81768 2.59706 1.32904 1.33695 2.49173 1.2751 
2.59706 1.33695 1.2751 1.3229 3.82757 2.555 
3.74391 4.00048 1.42236 1.3229 2.56593 3.05246 
1.83117 1.36996 2.51688 2.59433 1.31907 2.58294 
1.83117 1.36996 2.51688 1.94244 1.84113 1.36015 
1.83117 2.59433 1.31907 1.94244 1.84113 1.32445 
1.36996 2.59433 2.58294 1.94244 1.36015 1.32445 
3.91567 3.82132 2.5272 1.29869 3.78903 3.65275 
3.91567 3.82132 2.5272 2.51399 4.03934 3.96786 
3.91567 3.82132 2.5272 3.57463 1.25861 1.33337 
3.91567 3.82132 2.5272 4.41618 3.73657 1.21396 
3.91567 1.29869 3.78903 2.51399 4.03934 1.21966 
3.91567 1.29869 3.78903 3.57463 1.25861 3.32617 
3.91567 1.29869 3.78903 4.41618 3.73657 4.26993 
3.91567 2.51399 4.03934 3.57463 1.25861 3.55854 
3.91567 3.57463 1.25861 4.41618 3.73657 2.54123 
3.82132 1.29869 3.65275 2.51399 3.96786 1.21966 
3.82132 1.29869 3.65275 3.57463 1.33337 3.32617 
3.82132 1.29869 3.65275 4.41618 1.21396 4.26993 
3.82132 2.51399 3.96786 3.57463 1.33337 3.55854 
3.82132 3.57463 1.33337 4.41618 1.21396 2.54123 
1.29869 2.51399 1.21966 3.57463 3.32617 3.55854 
1.29869 2.51399 1.21966 3.82812 2.54645 1.33834 
1.29869 3.57463 3.32617 3.82812 2.54645 4.37863 
1.29869 3.57463 3.32617 4.41618 4.26993 2.54123 
2.51399 3.57463 3.55854 3.82812 1.33834 4.37863 
2.51688 1.31907 2.58294 1.84113 1.36015 1.32445 
2.40547 2.50011 2.21682 3.71918 3.19351 1.26936 
2.40547 2.50011 2.21682 1.34993 1.36429 1.42661 
2.40547 2.50011 2.21682 1.27652 3.66457 3.55009 
2.40547 2.50011 2.21682 3.5386 1.24128 3.29258 
2.40547 3.71918 3.19351 1.34993 1.36429 2.67158 
2.40547 3.71918 3.19351 3.5386 1.24128 4.04172 
2.40547 1.34993 1.36429 1.27652 3.66457 2.5966 
2.40547 1.34993 1.36429 3.5386 1.24128 2.60449 
2.50011 3.71918 1.26936 1.34993 1.42661 2.67158 
2.50011 3.71918 1.26936 3.5386 3.29258 4.04172 
2.50011 1.34993 1.42661 1.27652 3.55009 2.5966 
2.50011 1.34993 1.42661 3.5386 3.29258 2.60449 
2.54256 1.34993 3.793 1.27652 1.32922 2.5966 
2.54256 1.27652 1.32922 3.72715 1.22677 2.46535 
3.71918 1.34993 2.67158 3.5386 4.04172 2.60449 
2.40686 1.2252 1.29576 1.32845 3.65166 2.53294 
2.40686 1.2252 1.29576 3.57193 1.25861 2.523 
1.2252 2.53365 3.71936 1.32845 2.53294 1.23169 
2.53365 3.81403 1.31585 1.32845 1.23169 2.53872 
1.32357 2.61052 1.37731 4.01548 3.32571 3.24399 
1.32357 2.61052 1.37731 3.37884 2.41075 1.5323 
1.32357 2.61052 1.37731 4.32939 3.50081 2.47243 
1.32357 2.61052 1.37731 3.56854 2.3929 1.3514 
1.32357 2.61052 1.37731 1.28739 2.56373 3.88882 
1.32357 2.61052 1.37731 3.71493 2.88161 2.43528 
1.32357 4.01548 3.32571 3.37884 2.41075 2.48153 
1.32357 4.01548 3.32571 4.32939 3.50081 3.69645 
1.32357 4.01548 3.32571 3.56854 2.3929 4.37303 
1.32357 4.01548 3.32571 3.71493 2.88161 1.24128 
1.32357 3.37884 2.41075 4.32939 3.50081 1.42236 
1.32357 3.37884 2.41075 3.56854 2.3929 2.56593 
1.32357 3.37884 2.41075 3.71493 2.88161 1.3052 
1.32357 4.32939 3.50081 3.56854 2.3929 3.05246 
1.32357 4.32939 3.50081 3.71493 2.88161 2.45543 
1.32357 3.56854 2.3929 3.71493 2.88161 3.56661 
1.32357 1.28739 2.56373 2.55421 3.81828 1.26797 
2.61052 4.01548 3.24399 3.37884 1.5323 2.48153 
2.61052 4.01548 3.24399 4.32939 2.47243 3.69645 
2.61052 4.01548 3.24399 3.56854 1.3514 4.37303 
2.61052 4.01548 3.24399 3.71493 2.43528 1.24128 
2.61052 3.37884 1.5323 4.32939 2.47243 1.42236 
2.61052 3.37884 1.5323 3.56854 1.3514 2.56593 
2.61052 3.37884 1.5323 3.71493 2.43528 1.3052 
2.61052 4.32939 2.47243 3.56854 1.3514 3.05246 
2.61052 4.32939 2.47243 3.71493 2.43528 2.45543 
2.61052 3.56854 1.3514 3.71493 2.43528 3.56661 
4.01548 3.37884 2.48153 4.32939 3.69645 1.42236 
4.01548 3.37884 2.48153 3.56854 4.37303 2.56593 
4.01548 3.37884 2.48153 3.71493 1.24128 1.3052 
4.01548 4.32939 3.69645 3.56854 4.37303 3.05246 
4.01548 4.32939 3.69645 3.71493 1.24128 2.45543 
4.01548 3.56854 4.37303 3.71493 1.24128 3.56661 
3.92121 1.28739 2.6368 2.55421 1.37704 1.26797 
3.37884 4.32939 1.42236 3.56854 2.56593 3.05246 
3.37884 4.32939 1.42236 3.71493 1.3052 2.45543 
3.37884 3.56854 2.56593 3.71493 1.3052 3.56661 
4.32939 3.56854 3.05246 3.71493 2.45543 3.56661 
1.29576 2.5272 3.70551 1.25861 2.523 1.33337 
2.5272 3.78903 3.65275 4.03934 3.96786 1.21966 
2.5272 3.78903 3.65275 1.25861 1.33337 3.32617 
2.5272 3.78903 3.65275 3.73657 1.21396 4.26993 
2.5272 4.03934 3.96786 1.25861 1.33337 3.55854 
2.5272 1.25861 1.33337 3.73657 1.21396 2.54123 
3.78903 4.03934 1.21966 1.25861 3.32617 3.55854 
3.78903 1.25861 3.32617 3.73657 4.26993 2.54123 
3.80117 1.35926 2.48063 2.57377 1.39247 1.21536 
3.80117 1.35926 2.48063 3.79378 4.11247 3.20319 
3.80117 2.57377 1.39247 3.79378 4.11247 3.07118 
1.35926 1.23736 2.58617 2.57377 1.21536 3.80104 
1.35926 1.23736 2.58617 2.55495 3.88273 1.32904 
1.35926 2.57377 1.21536 4.26203 3.89291 3.94708 
1.35926 2.57377 1.21536 3.79378 3.20319 3.07118 
1.35926 4.26203 3.89291 3.79378 3.20319 2.61022 
1.23736 2.55495 1.32904 3.6432 2.49173 1.2751 
2.57377 4.26203 3.94708 3.79378 3.07118 2.61022 
1.37731 3.32571 3.24399 2.41075 1.5323 2.48153 
1.37731 3.32571 3.24399 3.50081 2.47243 3.69645 
1.37731 3.32571 3.24399 2.3929 1.3514 4.37303 
1.37731 3.32571 3.24399 4.08643 4.36023 2.21682 
1.37731 3.32571 3.24399 4.21044 4.48156 3.19351 
1.37731 3.32571 3.24399 4.24755 4.39814 1.36429 
1.37731 3.32571 3.24399 2.88161 2.43528 1.24128 
1.37731 2.41075 1.5323 3.50081 2.47243 1.42236 
1.37731 2.41075 1.5323 2.3929 1.3514 2.56593 
1.37731 2.41075 1.5323 4.08643 4.36023 4.26809 
1.37731 2.41075 1.5323 4.24755 4.39814 3.82897 
1.37731 2.41075 1.5323 2.88161 2.43528 1.3052 
1.37731 3.50081 2.47243 2.3929 1.3514 3.05246 
1.37731 3.50081 2.47243 2.88161 2.43528 2.45543 
1.37731 2.3929 1.3514 2.88161 2.43528 3.56661 
1.37731 4.08643 4.36023 4.21044 4.48156 1.26936 
1.37731 4.08643 4.36023 4.24755 4.39814 1.42661 
1.37731 4.08643 4.36023 2.88161 2.43528 3.29258 
1.37731 4.21044 4.48156 4.24755 4.39814 2.67158 
1.37731 4.21044 4.48156 2.88161 2.43528 4.04172 
1.37731 4.24755 4.39814 2.88161 2.43528 2.60449 
3.32571 2.41075 2.48153 3.50081 3.69645 1.42236 
3.32571 2.41075 2.48153 2.3929 4.37303 2.56593 
3.32571 2.41075 2.48153 4.08643 2.21682 4.26809 
3.32571 2.41075 2.48153 4.24755 1.36429 3.82897 
3.32571 2.41075 2.48153 2.88161 1.24128 1.3052 
3.32571 3.50081 3.69645 2.3929 4.37303 3.05246 
3.32571 3.50081 3.69645 2.88161 1.24128 2.45543 
3.32571 2.3929 4.37303 2.88161 1.24128 3.56661 
3.32571 4.08643 2.21682 4.21044 3.19351 1.26936 
3.32571 4.08643 2.21682 4.24755 1.36429 1.42661 
3.32571 4.08643 2.21682 2.88161 1.24128 3.29258 
3.32571 4.21044 3.19351 4.24755 1.36429 2.67158 
3.32571 4.21044 3.19351 2.88161 1.24128 4.04172 
3.32571 4.24755 1.36429 2.88161 1.24128 2.60449 
2.41075 3.50081 1.42236 2.3929 2.56593 3.05246 
2.41075 3.50081 1.42236 2.88161 1.3052 2.45543 
2.41075 2.3929 2.56593 2.88161 1.3052 3.56661 
2.41075 4.08643 4.26809 4.24755 3.82897 1.42661 
2.41075 4.08643 4.26809 2.88161 1.3052 3.29258 
2.41075 4.24755 3.82897 2.88161 1.3052 2.60449 
3.50081 2.3929 3.05246 2.88161 2.45543 3.56661 
4.08643 4.21044 1.26936 4.24755 1.42661 2.67158 
4.08643 4.21044 1.26936 2.88161 3.29258 4.04172 
4.08643 4.24755 1.42661 2.88161 3.29258 2.60449 
4.21044 4.24755 2.67158 2.88161 4.04172 2.60449 
4.46779 3.78125 2.6568 3.9265 1.37105 1.31585 
4.46779 3.78125 2.6568 4.16922 3.88406 1.23169 
4.46779 3.9265 1.37105 4.16922 3.88406 2.53872 
3.78125 3.9265 1.31585 4.16922 1.23169 2.53872 
3.78125 4.16922 1.23169 1.32445 4.10562 4.12296 
2.61075 3.47907 1.4084 3.37942 1.37346 2.51597 
2.61075 3.47907 1.4084 1.25849 1.36117 2.34894 
2.61075 3.47907 1.4084 4.14184 2.6153 3.76765 
2.61075 1.39247 3.97893 1.25849 1.36117 2.61973 
2.61075 3.37942 1.37346 1.25849 1.36117 2.29079 
2.61075 3.37942 1.37346 4.14184 2.6153 1.26604 
2.61075 1.25849 1.36117 4.14184 2.6153 3.27042 
3.47907 3.37942 2.51597 1.25849 2.34894 2.29079 
3.47907 3.37942 2.51597 4.14184 3.76765 1.26604 
3.47907 1.25849 2.34894 4.14184 3.76765 3.27042 
2.48063 1.39247 1.21536 4.11247 3.20319 3.07118 
2.48063 1.39247 1.21536 1.25849 3.734 2.61973 
3.37942 1.25849 2.29079 4.14184 1.26604 3.27042 
1.4084 1.37346 2.51597 1.36117 2.34894 2.29079 
1.4084 1.37346 2.51597 2.6153 3.76765 1.26604 
1.4084 3.86917 2.53489 1.36117 2.34894 4.38615 
1.4084 1.36117 2.34894 2.6153 3.76765 3.27042 
4.10451 1.37346 2.75941 2.6153 1.49931 1.26604 
1.37346 1.36117 2.29079 2.6153 1.26604 3.27042 
2.6568 1.37105 1.31585 3.88406 1.23169 2.53872 
2.6568 1.37105 1.31585 1.20385 3.7746 2.53919 
1.37105 2.39595 3.66026 1.20385 2.53919 1.22677 
2.39595 3.65473 1.32922 1.20385 1.22677 2.46535 
3.24399 1.5323 2.48153 2.47243 3.69645 1.42236 
3.24399 1.5323 2.48153 1.3514 4.37303 2.56593 
3.24399 1.5323 2.48153 4.36023 2.21682 4.26809 
3.24399 1.5323 2.48153 4.39814 1.36429 3.82897 
3.24399 1.5323 2.48153 2.43528 1.24128 1.3052 
3.24399 2.47243 3.69645 1.3514 4.37303 3.05246 
3.24399 2.47243 3.69645 2.43528 1.24128 2.45543 
3.24399 1.3514 4.37303 2.43528 1.24128 3.56661 
3.24399 4.36023 2.21682 4.48156 3.19351 1.26936 
3.24399 4.36023 2.21682 4.39814 1.36429 1.42661 
3.24399 4.36023 2.21682 2.43528 1.24128 3.29258 
3.24399 4.48156 3.19351 4.39814 1.36429 2.67158 
3.24399 4.48156 3.19351 2.43528 1.24128 4.04172 
3.24399 4.39814 1.36429 2.43528 1.24128 2.60449 
1.5323 2.47243 1.42236 1.3514 2.56593 3.05246 
1.5323 2.47243 1.42236 3.69133 2.6977 1.29062 
1.5323 2.47243 1.42236 2.43528 1.3052 2.45543 
1.5323 1.3514 2.56593 3.69133 2.6977 4.07329 
1.5323 1.3514 2.56593 2.43528 1.3052 3.56661 
1.5323 3.69133 2.6977 2.43528 1.3052 3.5805 
1.5323 4.36023 4.26809 4.39814 3.82897 1.42661 
1.5323 4.36023 4.26809 2.43528 1.3052 3.29258 
1.5323 4.39814 3.82897 2.43528 1.3052 2.60449 
2.47243 1.3514 3.05246 3.69133 1.29062 4.07329 
2.47243 1.3514 3.05246 2.43528 2.45543 3.56661 
2.47243 3.69133 1.29062 2.43528 2.45543 3.5805 
1.3514 3.69133 4.07329 2.43528 3.56661 3.5805 
4.36023 4.48156 1.26936 4.39814 1.42661 2.67158 
4.36023 4.48156 1.26936 2.43528 3.29258 4.04172 
4.36023 4.39814 1.42661 2.43528 3.29258 2.60449 
4.48156 4.39814 2.67158 2.43528 4.04172 2.60449 
2.51597 2.34894 2.29079 3.76765 1.26604 3.27042 
1.21536 3.89291 3.94708 3.20319 3.07118 2.61022 
1.21536 3.89291 3.94708 4.0215 3.74088 3.82943 
1.21536 3.20319 3.07118 4.0215 3.74088 1.30399 
3.89291 3.20319 2.61022 4.0215 3.82943 1.30399 
3.65275 3.96786 1.21966 1.33337 3.32617 3.55854 
3.65275 1.33337 3.32617 1.21396 4.26993 2.54123 
2.41727 1.33337 3.74044 1.21396 1.30127 2.54123 
2.41727 1.21396 1.30127 3.71872 1.32856 2.60952 
3.94708 3.07118 2.61022 3.74088 3.82943 1.30399 
4.40194 3.07118 2.53684 3.74088 1.25832 1.30399 
2.48153 3.69645 1.42236 4.37303 2.56593 3.05246 
2.48153 3.69645 1.42236 1.24128 1.3052 2.45543 
2.48153 4.37303 2.56593 1.24128 1.3052 3.56661 
2.48153 2.21682 4.26809 1.36429 3.82897 1.42661 
2.48153 2.21682 4.26809 1.24128 1.3052 3.29258 
2.48153 1.36429 3.82897 1.24128 1.3052 2.60449 
4.38763 2.21682 2.5847 3.19351 1.35212 1.26936 
4.38763 2.21682 2.5847 1.36429 3.99237 1.42661 
4.38763 3.19351 1.35212 1.36429 3.99237 2.67158 
3.69645 4.37303 3.05246 1.24128 2.45543 3.56661 
2.21682 3.19351 1.26936 1.36429 1.42661 2.67158 
2.21682 3.19351 1.26936 1.24128 3.29258 4.04172 
2.21682 1.36429 1.42661 3.66457 3.55009 2.5966 
2.21682 1.36429 1.42661 1.24128 3.29258 2.60449 
3.19351 1.36429 2.67158 1.24128 4.04172 2.60449 
1.24496 3.77806 2.53684 2.48961 1.25832 1.30399 
1.24496 2.48961 1.25832 1.37704 2.54469 3.78866 
1.24496 2.6368 3.77984 1.37704 2.54469 1.26797 
3.71142 1.21966 2.52788 2.54645 1.20952 1.33834 
1.21966 3.32617 3.55854 2.54645 1.33834 4.37863 
2.52788 1.20952 1.33834 1.49931 4.02015 2.70234 
1.20952 2.75941 3.9534 1.49931 2.70234 1.26604 
1.30127 1.32856 2.60952 2.6679 3.94855 1.35212 
1.32856 3.85731 2.5847 2.6679 1.35212 1.26936 
1.42236 2.56593 3.05246 2.6977 1.29062 4.07329 
1.42236 2.56593 3.05246 1.3052 2.45543 3.56661 
1.42236 2.6977 1.29062 1.3052 2.45543 3.5805 
2.56593 2.6977 4.07329 1.3052 3.56661 3.5805 
4.26809 3.82897 1.42661 1.3052 3.29258 2.60449 
2.5847 1.35212 1.26936 3.99237 1.42661 2.67158 
3.05246 1.29062 4.07329 2.45543 3.56661 3.5805 
1.26936 1.42661 2.67158 3.29258 4.04172 2.60449 
