-0.971897 -0.98745 -0.968506 -0.997218 -0.881795 -0.512289 
-0.971897 -0.98745 -0.968506 -0.976289 -0.483759 -0.837687 
-0.971897 -0.997218 -0.881795 -0.976289 -0.483759 -0.498897 
-0.485518 -0.479703 -0.698414 -0.871197 -0.508523 -0.859233 
-0.485518 -0.479703 -0.698414 -0.868814 -0.871398 -0.481693 
-0.485518 -0.479703 -0.698414 -0.873035 -0.732539 -0.701628 
-0.485518 -0.871197 -0.508523 -0.868814 -0.871398 -0.869668 
-0.485518 -0.871197 -0.508523 -0.873035 -0.732539 -0.503459 
-0.485518 -0.868814 -0.871398 -0.873035 -0.732539 -0.484592 
-0.479703 -0.871197 -0.859233 -0.868814 -0.481693 -0.869668 
-0.479703 -0.871197 -0.859233 -0.873035 -0.701628 -0.503459 
-0.479703 -0.868814 -0.481693 -0.873035 -0.701628 -0.484592 
-0.871197 -0.868814 -0.869668 -0.873035 -0.503459 -0.484592 
-0.996759 -0.98745 -0.48412 -0.997218 -0.873824 -0.512289 
-0.996759 -0.98745 -0.48412 -0.976289 -0.96544 -0.837687 
-0.996759 -0.997218 -0.873824 -0.976289 -0.96544 -0.498897 
-0.98745 -0.997218 -0.512289 -0.976289 -0.837687 -0.498897 
-0.993951 -0.99292 -0.484592 -0.480165 -0.997096 -0.986741 
-0.995275 -0.875034 -0.873858 -0.435379 -0.960103 -0.527906 
-0.995275 -0.875034 -0.873858 -0.974074 -0.953568 -0.510322 
-0.995275 -0.875034 -0.873858 -0.950569 -0.44792 -0.503986 
-0.995275 -0.435379 -0.960103 -0.974074 -0.953568 -0.859083 
-0.995275 -0.435379 -0.960103 -0.950569 -0.44792 -0.829382 
-0.995275 -0.974074 -0.953568 -0.950569 -0.44792 -0.817821 
-0.875034 -0.435379 -0.527906 -0.974074 -0.510322 -0.859083 
-0.875034 -0.435379 -0.527906 -0.480165 -0.980247 -0.862145 
-0.875034 -0.435379 -0.527906 -0.950569 -0.503986 -0.829382 
-0.875034 -0.974074 -0.510322 -0.950569 -0.503986 -0.817821 
-0.875034 -0.480165 -0.980247 -0.950569 -0.503986 -0.997291 
-0.435379 -0.869748 -0.975502 -0.480165 -0.862145 -0.466088 
-0.435379 -0.974074 -0.859083 -0.950569 -0.829382 -0.817821 
-0.435379 -0.480165 -0.862145 -0.950569 -0.829382 -0.997291 
-0.985297 -0.869748 -0.534761 -0.480165 -0.886234 -0.466088 
-0.430481 -0.870353 -0.977869 -0.450218 -0.854235 -0.489938 
-0.430481 -0.450218 -0.854235 -0.860082 -0.470559 -0.975882 
-0.430481 -0.998403 -0.978178 -0.860082 -0.470559 -0.970046 
-0.430481 -0.998403 -0.978178 -0.974253 -0.858759 -0.984215 
-0.430481 -0.998403 -0.978178 -0.99476 -0.965786 -0.48937 
-0.430481 -0.860082 -0.470559 -0.974253 -0.858759 -0.42517 
-0.430481 -0.860082 -0.470559 -0.99476 -0.965786 -0.9498 
-0.430481 -0.974253 -0.858759 -0.99476 -0.965786 -0.964867 
-0.870353 -0.450218 -0.489938 -0.979916 -0.458357 -0.873892 
-0.998403 -0.860082 -0.970046 -0.974253 -0.984215 -0.42517 
-0.998403 -0.860082 -0.970046 -0.99476 -0.48937 -0.9498 
-0.998403 -0.974253 -0.984215 -0.99476 -0.48937 -0.964867 
-0.860082 -0.974253 -0.42517 -0.99476 -0.9498 -0.964867 
-0.866358 -0.980802 -0.489938 -0.486374 -0.458357 -0.873892 
-0.866358 -0.486374 -0.458357 -0.468229 -0.979399 -0.873779 
-0.982417 -0.997414 -0.977276 -0.957067 -0.502994 -0.853206 
-0.982417 -0.997414 -0.977276 -0.954687 -0.868259 -0.519964 
-0.982417 -0.997414 -0.977276 -0.468229 -0.976941 -0.989365 
-0.982417 -0.957067 -0.502994 -0.954687 -0.868259 -0.422597 
-0.982417 -0.957067 -0.502994 -0.486374 -0.993964 -0.981238 
-0.982417 -0.957067 -0.502994 -0.468229 -0.976941 -0.94029 
-0.982417 -0.954687 -0.868259 -0.486374 -0.993964 -0.983412 
-0.982417 -0.954687 -0.868259 -0.468229 -0.976941 -0.928693 
-0.982417 -0.486374 -0.993964 -0.468229 -0.976941 -0.873779 
-0.997414 -0.957067 -0.853206 -0.954687 -0.519964 -0.422597 
-0.997414 -0.957067 -0.853206 -0.468229 -0.989365 -0.94029 
-0.997414 -0.954687 -0.519964 -0.468229 -0.989365 -0.928693 
-0.957067 -0.954687 -0.422597 -0.486374 -0.981238 -0.983412 
-0.957067 -0.954687 -0.422597 -0.468229 -0.94029 -0.928693 
-0.957067 -0.954687 -0.422597 -0.85778 -0.986213 -0.974468 
-0.957067 -0.486374 -0.981238 -0.468229 -0.94029 -0.873779 
-0.957067 -0.486374 -0.981238 -0.85778 -0.986213 -0.978536 
-0.957067 -0.468229 -0.94029 -0.85778 -0.986213 -0.473475 
-0.954687 -0.486374 -0.983412 -0.468229 -0.928693 -0.873779 
-0.954687 -0.486374 -0.983412 -0.85778 -0.974468 -0.978536 
-0.954687 -0.975139 -0.997685 -0.468229 -0.928693 -0.862458 
-0.954687 -0.975139 -0.997685 -0.85778 -0.974468 -0.447823 
-0.954687 -0.468229 -0.928693 -0.85778 -0.974468 -0.473475 
-0.486374 -0.468229 -0.873779 -0.85778 -0.978536 -0.473475 
-0.975139 -0.468229 -0.862458 -0.85778 -0.447823 -0.473475 
-0.968506 -0.881795 -0.512289 -0.974613 -0.840956 -0.585535 
-0.968506 -0.881795 -0.512289 -0.985442 -0.961444 -0.851813 
-0.968506 -0.881795 -0.512289 -0.483759 -0.837687 -0.498897 
-0.968506 -0.974613 -0.840956 -0.985442 -0.961444 -0.534761 
-0.968506 -0.974613 -0.840956 -0.483759 -0.837687 -0.867046 
-0.968506 -0.985442 -0.961444 -0.483759 -0.837687 -0.926921 
-0.881795 -0.974613 -0.585535 -0.985442 -0.851813 -0.534761 
-0.881795 -0.974613 -0.585535 -0.483759 -0.498897 -0.867046 
-0.881795 -0.491275 -0.978546 -0.483759 -0.498897 -0.865338 
-0.881795 -0.985442 -0.851813 -0.483759 -0.498897 -0.926921 
-0.978016 -0.87181 -0.487057 -0.491275 -0.855075 -0.457385 
-0.87181 -0.491275 -0.457385 -0.483759 -0.978454 -0.865338 
-0.974613 -0.985442 -0.534761 -0.483759 -0.867046 -0.926921 
-0.698414 -0.508523 -0.859233 -0.871398 -0.481693 -0.869668 
-0.698414 -0.508523 -0.859233 -0.732539 -0.701628 -0.503459 
-0.698414 -0.871398 -0.481693 -0.732539 -0.701628 -0.484592 
-0.508523 -0.871398 -0.869668 -0.732539 -0.503459 -0.484592 
-0.982165 -0.978178 -0.860908 -0.470559 -0.976724 -0.970046 
-0.982165 -0.978178 -0.860908 -0.858759 -0.986854 -0.984215 
-0.982165 -0.978178 -0.860908 -0.965786 -0.447989 -0.48937 
-0.982165 -0.978178 -0.860908 -0.998036 -0.97426 -0.421758 
-0.982165 -0.470559 -0.976724 -0.858759 -0.986854 -0.42517 
-0.982165 -0.470559 -0.976724 -0.965786 -0.447989 -0.9498 
-0.982165 -0.470559 -0.976724 -0.998036 -0.97426 -0.994188 
-0.982165 -0.858759 -0.986854 -0.965786 -0.447989 -0.964867 
-0.982165 -0.965786 -0.447989 -0.998036 -0.97426 -0.863159 
-0.978178 -0.470559 -0.970046 -0.858759 -0.984215 -0.42517 
-0.978178 -0.470559 -0.970046 -0.965786 -0.48937 -0.9498 
-0.978178 -0.470559 -0.970046 -0.998036 -0.421758 -0.994188 
-0.978178 -0.858759 -0.984215 -0.965786 -0.48937 -0.964867 
-0.978178 -0.965786 -0.48937 -0.998036 -0.421758 -0.863159 
-0.470559 -0.858759 -0.42517 -0.965786 -0.9498 -0.964867 
-0.470559 -0.858759 -0.42517 -0.978478 -0.863989 -0.492012 
-0.470559 -0.965786 -0.9498 -0.978478 -0.863989 -0.997101 
-0.470559 -0.965786 -0.9498 -0.998036 -0.994188 -0.863159 
-0.858759 -0.965786 -0.964867 -0.978478 -0.492012 -0.997101 
-0.859233 -0.481693 -0.869668 -0.701628 -0.503459 -0.484592 
-0.839994 -0.856472 -0.80211 -0.973415 -0.939491 -0.454129 
-0.839994 -0.856472 -0.80211 -0.498127 -0.505602 -0.536832 
-0.839994 -0.856472 -0.80211 -0.458187 -0.970662 -0.964378 
-0.839994 -0.856472 -0.80211 -0.963707 -0.437948 -0.947317 
-0.839994 -0.973415 -0.939491 -0.498127 -0.505602 -0.882628 
-0.839994 -0.973415 -0.939491 -0.963707 -0.437948 -0.986939 
-0.839994 -0.498127 -0.505602 -0.458187 -0.970662 -0.87174 
-0.839994 -0.498127 -0.505602 -0.963707 -0.437948 -0.872925 
-0.856472 -0.973415 -0.454129 -0.498127 -0.536832 -0.882628 
-0.856472 -0.973415 -0.454129 -0.963707 -0.947317 -0.986939 
-0.856472 -0.498127 -0.536832 -0.458187 -0.964378 -0.87174 
-0.856472 -0.498127 -0.536832 -0.963707 -0.947317 -0.872925 
-0.86337 -0.498127 -0.976906 -0.458187 -0.487152 -0.87174 
-0.86337 -0.458187 -0.487152 -0.973804 -0.429402 -0.850599 
-0.973415 -0.498127 -0.882628 -0.963707 -0.986939 -0.872925 
-0.840248 -0.428471 -0.468939 -0.486741 -0.969989 -0.861832 
-0.840248 -0.428471 -0.468939 -0.965633 -0.447989 -0.860228 
-0.428471 -0.861947 -0.973424 -0.486741 -0.861832 -0.432312 
-0.861947 -0.977854 -0.47995 -0.486741 -0.432312 -0.862759 
-0.48412 -0.873824 -0.512289 -0.985994 -0.949766 -0.943575 
-0.48412 -0.873824 -0.512289 -0.953528 -0.840956 -0.585535 
-0.48412 -0.873824 -0.512289 -0.99582 -0.961444 -0.851813 
-0.48412 -0.873824 -0.512289 -0.96544 -0.837687 -0.498897 
-0.48412 -0.873824 -0.512289 -0.464284 -0.866703 -0.981069 
-0.48412 -0.873824 -0.512289 -0.973206 -0.90912 -0.845353 
-0.48412 -0.985994 -0.949766 -0.953528 -0.840956 -0.853359 
-0.48412 -0.985994 -0.949766 -0.99582 -0.961444 -0.972287 
-0.48412 -0.985994 -0.949766 -0.96544 -0.837687 -0.996958 
-0.48412 -0.985994 -0.949766 -0.973206 -0.90912 -0.437948 
-0.48412 -0.953528 -0.840956 -0.99582 -0.961444 -0.534761 
-0.48412 -0.953528 -0.840956 -0.96544 -0.837687 -0.867046 
-0.48412 -0.953528 -0.840956 -0.973206 -0.90912 -0.474139 
-0.48412 -0.99582 -0.961444 -0.96544 -0.837687 -0.926921 
-0.48412 -0.99582 -0.961444 -0.973206 -0.90912 -0.848887 
-0.48412 -0.96544 -0.837687 -0.973206 -0.90912 -0.96533 
-0.48412 -0.464284 -0.866703 -0.865214 -0.978043 -0.453342 
-0.873824 -0.985994 -0.943575 -0.953528 -0.585535 -0.853359 
-0.873824 -0.985994 -0.943575 -0.99582 -0.851813 -0.972287 
-0.873824 -0.985994 -0.943575 -0.96544 -0.498897 -0.996958 
-0.873824 -0.985994 -0.943575 -0.973206 -0.845353 -0.437948 
-0.873824 -0.953528 -0.585535 -0.99582 -0.851813 -0.534761 
-0.873824 -0.953528 -0.585535 -0.96544 -0.498897 -0.867046 
-0.873824 -0.953528 -0.585535 -0.973206 -0.845353 -0.474139 
-0.873824 -0.99582 -0.851813 -0.96544 -0.498897 -0.926921 
-0.873824 -0.99582 -0.851813 -0.973206 -0.845353 -0.848887 
-0.873824 -0.96544 -0.498897 -0.973206 -0.845353 -0.96533 
-0.985994 -0.953528 -0.853359 -0.99582 -0.972287 -0.534761 
-0.985994 -0.953528 -0.853359 -0.96544 -0.996958 -0.867046 
-0.985994 -0.953528 -0.853359 -0.973206 -0.437948 -0.474139 
-0.985994 -0.99582 -0.972287 -0.96544 -0.996958 -0.926921 
-0.985994 -0.99582 -0.972287 -0.973206 -0.437948 -0.848887 
-0.985994 -0.96544 -0.996958 -0.973206 -0.437948 -0.96533 
-0.982388 -0.464284 -0.877679 -0.865214 -0.51215 -0.453342 
-0.953528 -0.99582 -0.534761 -0.96544 -0.867046 -0.926921 
-0.953528 -0.99582 -0.534761 -0.973206 -0.474139 -0.848887 
-0.953528 -0.96544 -0.867046 -0.973206 -0.474139 -0.96533 
-0.99582 -0.96544 -0.926921 -0.973206 -0.848887 -0.96533 
-0.468939 -0.860908 -0.97274 -0.447989 -0.860228 -0.48937 
-0.860908 -0.976724 -0.970046 -0.986854 -0.984215 -0.42517 
-0.860908 -0.976724 -0.970046 -0.447989 -0.48937 -0.9498 
-0.860908 -0.976724 -0.970046 -0.97426 -0.421758 -0.994188 
-0.860908 -0.986854 -0.984215 -0.447989 -0.48937 -0.964867 
-0.860908 -0.447989 -0.48937 -0.97426 -0.421758 -0.863159 
-0.976724 -0.986854 -0.42517 -0.447989 -0.9498 -0.964867 
-0.976724 -0.447989 -0.9498 -0.97426 -0.994188 -0.863159 
-0.977276 -0.502994 -0.853206 -0.868259 -0.519964 -0.422597 
-0.977276 -0.502994 -0.853206 -0.976941 -0.989365 -0.94029 
-0.977276 -0.868259 -0.519964 -0.976941 -0.989365 -0.928693 
-0.502994 -0.435648 -0.87016 -0.868259 -0.422597 -0.977271 
-0.502994 -0.435648 -0.87016 -0.86533 -0.980816 -0.487057 
-0.502994 -0.868259 -0.422597 -0.993964 -0.981238 -0.983412 
-0.502994 -0.868259 -0.422597 -0.976941 -0.94029 -0.928693 
-0.502994 -0.993964 -0.981238 -0.976941 -0.94029 -0.873779 
-0.435648 -0.86533 -0.487057 -0.969543 -0.855075 -0.457385 
-0.868259 -0.993964 -0.983412 -0.976941 -0.928693 -0.873779 
-0.512289 -0.949766 -0.943575 -0.840956 -0.585535 -0.853359 
-0.512289 -0.949766 -0.943575 -0.961444 -0.851813 -0.972287 
-0.512289 -0.949766 -0.943575 -0.837687 -0.498897 -0.996958 
-0.512289 -0.949766 -0.943575 -0.988492 -0.99663 -0.80211 
-0.512289 -0.949766 -0.943575 -0.992454 -0.999582 -0.939491 
-0.512289 -0.949766 -0.943575 -0.993548 -0.997591 -0.505602 
-0.512289 -0.949766 -0.943575 -0.90912 -0.845353 -0.437948 
-0.512289 -0.840956 -0.585535 -0.961444 -0.851813 -0.534761 
-0.512289 -0.840956 -0.585535 -0.837687 -0.498897 -0.867046 
-0.512289 -0.840956 -0.585535 -0.988492 -0.99663 -0.994136 
-0.512289 -0.840956 -0.585535 -0.993548 -0.997591 -0.978515 
-0.512289 -0.840956 -0.585535 -0.90912 -0.845353 -0.474139 
-0.512289 -0.961444 -0.851813 -0.837687 -0.498897 -0.926921 
-0.512289 -0.961444 -0.851813 -0.90912 -0.845353 -0.848887 
-0.512289 -0.837687 -0.498897 -0.90912 -0.845353 -0.96533 
-0.512289 -0.988492 -0.99663 -0.992454 -0.999582 -0.454129 
-0.512289 -0.988492 -0.99663 -0.993548 -0.997591 -0.536832 
-0.512289 -0.988492 -0.99663 -0.90912 -0.845353 -0.947317 
-0.512289 -0.992454 -0.999582 -0.993548 -0.997591 -0.882628 
-0.512289 -0.992454 -0.999582 -0.90912 -0.845353 -0.986939 
-0.512289 -0.993548 -0.997591 -0.90912 -0.845353 -0.872925 
-0.949766 -0.840956 -0.853359 -0.961444 -0.972287 -0.534761 
-0.949766 -0.840956 -0.853359 -0.837687 -0.996958 -0.867046 
-0.949766 -0.840956 -0.853359 -0.988492 -0.80211 -0.994136 
-0.949766 -0.840956 -0.853359 -0.993548 -0.505602 -0.978515 
-0.949766 -0.840956 -0.853359 -0.90912 -0.437948 -0.474139 
-0.949766 -0.961444 -0.972287 -0.837687 -0.996958 -0.926921 
-0.949766 -0.961444 -0.972287 -0.90912 -0.437948 -0.848887 
-0.949766 -0.837687 -0.996958 -0.90912 -0.437948 -0.96533 
-0.949766 -0.988492 -0.80211 -0.992454 -0.939491 -0.454129 
-0.949766 -0.988492 -0.80211 -0.993548 -0.505602 -0.536832 
-0.949766 -0.988492 -0.80211 -0.90912 -0.437948 -0.947317 
-0.949766 -0.992454 -0.939491 -0.993548 -0.505602 -0.882628 
-0.949766 -0.992454 -0.939491 -0.90912 -0.437948 -0.986939 
-0.949766 -0.993548 -0.505602 -0.90912 -0.437948 -0.872925 
-0.840956 -0.961444 -0.534761 -0.837687 -0.867046 -0.926921 
-0.840956 -0.961444 -0.534761 -0.90912 -0.474139 -0.848887 
-0.840956 -0.837687 -0.867046 -0.90912 -0.474139 -0.96533 
-0.840956 -0.988492 -0.994136 -0.993548 -0.978515 -0.536832 
-0.840956 -0.988492 -0.994136 -0.90912 -0.474139 -0.947317 
-0.840956 -0.993548 -0.978515 -0.90912 -0.474139 -0.872925 
-0.961444 -0.837687 -0.926921 -0.90912 -0.848887 -0.96533 
-0.988492 -0.992454 -0.454129 -0.993548 -0.536832 -0.882628 
-0.988492 -0.992454 -0.454129 -0.90912 -0.947317 -0.986939 
-0.988492 -0.993548 -0.536832 -0.90912 -0.947317 -0.872925 
-0.992454 -0.993548 -0.882628 -0.90912 -0.986939 -0.872925 
-0.999265 -0.976367 -0.880546 -0.9826 -0.509082 -0.47995 
-0.999265 -0.976367 -0.880546 -0.991191 -0.980871 -0.432312 
-0.999265 -0.9826 -0.509082 -0.991191 -0.980871 -0.862759 
-0.976367 -0.9826 -0.47995 -0.991191 -0.432312 -0.862759 
-0.976367 -0.991191 -0.432312 -0.484592 -0.989138 -0.989711 
-0.873858 -0.960103 -0.527906 -0.953568 -0.510322 -0.859083 
-0.873858 -0.960103 -0.527906 -0.44792 -0.503986 -0.829382 
-0.873858 -0.960103 -0.527906 -0.990323 -0.874533 -0.975736 
-0.873858 -0.519964 -0.984636 -0.44792 -0.503986 -0.875187 
-0.873858 -0.953568 -0.510322 -0.44792 -0.503986 -0.817821 
-0.873858 -0.953568 -0.510322 -0.990323 -0.874533 -0.452243 
-0.873858 -0.44792 -0.503986 -0.990323 -0.874533 -0.945633 
-0.960103 -0.953568 -0.859083 -0.44792 -0.829382 -0.817821 
-0.960103 -0.953568 -0.859083 -0.990323 -0.975736 -0.452243 
-0.960103 -0.44792 -0.829382 -0.990323 -0.975736 -0.945633 
-0.853206 -0.519964 -0.422597 -0.989365 -0.94029 -0.928693 
-0.853206 -0.519964 -0.422597 -0.44792 -0.974137 -0.875187 
-0.953568 -0.44792 -0.817821 -0.990323 -0.452243 -0.945633 
-0.527906 -0.510322 -0.859083 -0.503986 -0.829382 -0.817821 
-0.527906 -0.510322 -0.859083 -0.874533 -0.975736 -0.452243 
-0.527906 -0.980247 -0.862145 -0.503986 -0.829382 -0.997291 
-0.527906 -0.503986 -0.829382 -0.874533 -0.975736 -0.945633 
-0.989101 -0.510322 -0.894386 -0.874533 -0.570882 -0.452243 
-0.510322 -0.503986 -0.817821 -0.874533 -0.452243 -0.945633 
-0.880546 -0.509082 -0.47995 -0.980871 -0.432312 -0.862759 
-0.880546 -0.509082 -0.47995 -0.415654 -0.976059 -0.862834 
-0.509082 -0.838249 -0.970438 -0.415654 -0.862834 -0.429402 
-0.838249 -0.97015 -0.487152 -0.415654 -0.429402 -0.850599 
-0.943575 -0.585535 -0.853359 -0.851813 -0.972287 -0.534761 
-0.943575 -0.585535 -0.853359 -0.498897 -0.996958 -0.867046 
-0.943575 -0.585535 -0.853359 -0.99663 -0.80211 -0.994136 
-0.943575 -0.585535 -0.853359 -0.997591 -0.505602 -0.978515 
-0.943575 -0.585535 -0.853359 -0.845353 -0.437948 -0.474139 
-0.943575 -0.851813 -0.972287 -0.498897 -0.996958 -0.926921 
-0.943575 -0.851813 -0.972287 -0.845353 -0.437948 -0.848887 
-0.943575 -0.498897 -0.996958 -0.845353 -0.437948 -0.96533 
-0.943575 -0.99663 -0.80211 -0.999582 -0.939491 -0.454129 
-0.943575 -0.99663 -0.80211 -0.997591 -0.505602 -0.536832 
-0.943575 -0.99663 -0.80211 -0.845353 -0.437948 -0.947317 
-0.943575 -0.999582 -0.939491 -0.997591 -0.505602 -0.882628 
-0.943575 -0.999582 -0.939491 -0.845353 -0.437948 -0.986939 
-0.943575 -0.997591 -0.505602 -0.845353 -0.437948 -0.872925 
-0.585535 -0.851813 -0.534761 -0.498897 -0.867046 -0.926921 
-0.585535 -0.851813 -0.534761 -0.97203 -0.886234 -0.466088 
-0.585535 -0.851813 -0.534761 -0.845353 -0.474139 -0.848887 
-0.585535 -0.498897 -0.867046 -0.97203 -0.886234 -0.988042 
-0.585535 -0.498897 -0.867046 -0.845353 -0.474139 -0.96533 
-0.585535 -0.97203 -0.886234 -0.845353 -0.474139 -0.966118 
-0.585535 -0.99663 -0.994136 -0.997591 -0.978515 -0.536832 
-0.585535 -0.99663 -0.994136 -0.845353 -0.474139 -0.947317 
-0.585535 -0.997591 -0.978515 -0.845353 -0.474139 -0.872925 
-0.851813 -0.498897 -0.926921 -0.97203 -0.466088 -0.988042 
-0.851813 -0.498897 -0.926921 -0.845353 -0.848887 -0.96533 
-0.851813 -0.97203 -0.466088 -0.845353 -0.848887 -0.966118 
-0.498897 -0.97203 -0.988042 -0.845353 -0.96533 -0.966118 
-0.99663 -0.999582 -0.454129 -0.997591 -0.536832 -0.882628 
-0.99663 -0.999582 -0.454129 -0.845353 -0.947317 -0.986939 
-0.99663 -0.997591 -0.536832 -0.845353 -0.947317 -0.872925 
-0.999582 -0.997591 -0.882628 -0.845353 -0.986939 -0.872925 
-0.859083 -0.829382 -0.817821 -0.975736 -0.452243 -0.945633 
-0.422597 -0.981238 -0.983412 -0.94029 -0.928693 -0.873779 
-0.422597 -0.981238 -0.983412 -0.986213 -0.974468 -0.978536 
-0.422597 -0.94029 -0.928693 -0.986213 -0.974468 -0.473475 
-0.981238 -0.94029 -0.873779 -0.986213 -0.978536 -0.473475 
-0.970046 -0.984215 -0.42517 -0.48937 -0.9498 -0.964867 
-0.970046 -0.48937 -0.9498 -0.421758 -0.994188 -0.863159 
-0.842135 -0.48937 -0.974447 -0.421758 -0.471981 -0.863159 
-0.842135 -0.421758 -0.471981 -0.973393 -0.486802 -0.873675 
-0.983412 -0.928693 -0.873779 -0.974468 -0.978536 -0.473475 
-0.997685 -0.928693 -0.862458 -0.974468 -0.447823 -0.473475 
-0.853359 -0.972287 -0.534761 -0.996958 -0.867046 -0.926921 
-0.853359 -0.972287 -0.534761 -0.437948 -0.474139 -0.848887 
-0.853359 -0.996958 -0.867046 -0.437948 -0.474139 -0.96533 
-0.853359 -0.80211 -0.994136 -0.505602 -0.978515 -0.536832 
-0.853359 -0.80211 -0.994136 -0.437948 -0.474139 -0.947317 
-0.853359 -0.505602 -0.978515 -0.437948 -0.474139 -0.872925 
-0.997328 -0.80211 -0.869935 -0.939491 -0.499272 -0.454129 
-0.997328 -0.80211 -0.869935 -0.505602 -0.985141 -0.536832 
-0.997328 -0.939491 -0.499272 -0.505602 -0.985141 -0.882628 
-0.972287 -0.996958 -0.926921 -0.437948 -0.848887 -0.96533 
-0.80211 -0.939491 -0.454129 -0.505602 -0.536832 -0.882628 
-0.80211 -0.939491 -0.454129 -0.437948 -0.947317 -0.986939 
-0.80211 -0.505602 -0.536832 -0.970662 -0.964378 -0.87174 
-0.80211 -0.505602 -0.536832 -0.437948 -0.947317 -0.872925 
-0.939491 -0.505602 -0.882628 -0.437948 -0.986939 -0.872925 
-0.440091 -0.97622 -0.862458 -0.854719 -0.447823 -0.473475 
-0.440091 -0.854719 -0.447823 -0.51215 -0.863709 -0.976707 
-0.440091 -0.877679 -0.976302 -0.51215 -0.863709 -0.453342 
-0.973033 -0.42517 -0.861018 -0.863989 -0.419085 -0.492012 
-0.42517 -0.9498 -0.964867 -0.863989 -0.492012 -0.997101 
-0.861018 -0.419085 -0.492012 -0.570882 -0.986164 -0.886864 
-0.419085 -0.894386 -0.983658 -0.570882 -0.886864 -0.452243 
-0.471981 -0.486802 -0.873675 -0.882113 -0.983469 -0.499272 
-0.486802 -0.979743 -0.869935 -0.882113 -0.499272 -0.454129 
-0.534761 -0.867046 -0.926921 -0.886234 -0.466088 -0.988042 
-0.534761 -0.867046 -0.926921 -0.474139 -0.848887 -0.96533 
-0.534761 -0.886234 -0.466088 -0.474139 -0.848887 -0.966118 
-0.867046 -0.886234 -0.988042 -0.474139 -0.96533 -0.966118 
-0.994136 -0.978515 -0.536832 -0.474139 -0.947317 -0.872925 
-0.869935 -0.499272 -0.454129 -0.985141 -0.536832 -0.882628 
-0.926921 -0.466088 -0.988042 -0.848887 -0.96533 -0.966118 
-0.454129 -0.536832 -0.882628 -0.947317 -0.986939 -0.872925 
