-0.96322
-0.478981
-0.473191
-0.862963
-0.987972
-0.978704
-0.86059
-0.988429
-0.864792
-0.993138
-0.967592
-0.999395
-0.985176
-0.986495
-0.866782
-0.998098
-0.429062
-0.98415
-0.97656
-0.86152
-0.965387
-0.473651
-0.941985
-0.999615
-0.99823
-0.424186
-0.862122
-0.443836
-0.99184
-0.989608
-0.851896
-0.965565
-0.971203
-0.985981
-0.999128
-0.858144
-0.972085
-0.973693
-0.988624
-0.948455
-0.995888
-0.946085
-0.999855
-0.479832
-0.966447
-0.461767
-0.849605
-0.999714
-0.984223
-0.996124
-0.99911
-0.959843
-0.873514
-0.969312
-0.863573
-0.965924
-0.484712
-0.976705
-0.477229
-0.997354
-0.995565
-0.69094
-0.501885
-0.996353
-0.996021
-0.863162
-0.724915
-0.999375
-0.969165
-0.846075
-0.973442
-0.996991
-0.969472
-0.99507
-0.464087
-0.999524
-0.850579
-0.957135
-0.969771
-0.989243
-0.997624
-0.851051
-0.475172
-0.994746
-0.997694
-0.999065
-0.69414
-0.997966
-0.994265
-0.483381
-0.997663
-0.451939
-0.970688
-0.997266
-0.993791
-0.998731
-0.831897
-0.997611
-0.848302
-0.85517
-0.96473
-0.491534
-0.45177
-0.965118
-0.955065
-0.997183
-0.83215
-0.997626
-0.422185
-0.853753
-0.96915
-0.993915
-0.999811
-0.480198
-0.991332
-0.956983
-0.998646
-0.86144
-0.997713
-0.99686
-0.496843
-0.996244
-0.477588
-0.865578
-0.977254
-0.973664
-0.944931
-0.987037
-0.956791
-0.994967
-0.45784
-0.998603
-0.99658
-0.857005
-0.964522
-0.967187
-0.999767
-0.865646
-0.462475
-0.996109
-0.852719
-0.961319
-0.968026
-0.97811
-0.998093
-0.441617
-0.996877
-0.965572
-0.997538
-0.968575
-0.496379
-0.42933
-0.860037
-0.857121
-0.985189
-0.960875
-0.968241
-0.994381
-0.505633
-0.941186
-0.832854
-0.998353
-0.992372
-0.952812
-0.8296
-0.995125
-0.979741
-0.858489
-0.983686
-0.984775
-0.969338
-0.900718
-0.990466
-0.996638
-0.96767
-0.973875
-0.982429
-0.478059
-0.988307
-0.865611
-0.951477
-0.84505
-0.999749
-0.513275
-0.997387
-0.980611
-0.993737
-0.944971
-0.441548
-0.981565
-0.521182
-0.975902
-0.980347
-0.503676
-0.971533
-0.497368
-0.866283
-0.964739
-0.999815
-0.964058
-0.99734
-0.853639
-0.997216
-0.998265
-0.852042
-0.998325
-0.998324
-0.999719
-0.872271
-0.502441
-0.972154
-0.830159
-0.96148
-0.409424
-0.935022
-0.578558
-0.969839
-0.99892
-0.843664
-0.492301
-0.963351
-0.987843
-0.972351
-0.990782
-0.9888
-0.837233
-0.997208
-0.999664
-0.966808
-0.850902
-0.85395
-0.821332
-0.967041
-0.473437
-0.426008
-0.980384
-0.999865
-0.997127
-0.967363
-0.86193
-0.416337
-0.972099
-0.972519
-0.996867
-0.998386
-0.931751
-0.977472
-0.965449
-0.968569
-0.480513
-0.998878
-0.846911
-0.995622
-0.999401
-0.854562
-0.993682
-0.961767
-0.998981
-0.854636
-0.961376
-0.975483
-0.834028
-0.482816
-0.997791
-0.415501
-0.964708
-0.974683
-0.988894
-0.920205
-0.965779
-0.994449
-0.866935
-0.845203
-0.988538
-0.963608
-0.98817
-0.99695
-0.79418
-0.998517
-0.99649
-0.930956
-0.498977
-0.96199
-0.43162
-0.980955
-0.99571
-0.999777
-0.99991
-0.987928
-0.99091
-0.433754
-0.967523
-0.999182
-0.846557
-0.869416
-0.505495
-0.96435
-0.418899
-0.998041
-0.941219
-0.855786
-0.985412
-0.997188
-0.852828
-0.41284
-0.886049
-0.994075
-0.563969
-0.995797
-0.95622
-0.485446
-0.992903
-0.977423
-0.992651
-0.977998
-0.450971
-0.969747
-0.865533
-0.969829
-0.854262
-0.999172
-0.441451
-0.967605
-0.855508
-0.965758
-0.465503
-0.480259
-0.971031
-0.87383
-0.988312
-0.85496
-0.999233
-0.994515
-0.528007
-0.85883
-0.877933
-0.98536
-0.992114
-0.996335
-0.969808
-0.467652
-0.996207
-0.857129
-0.466991
-0.974928
-0.87856
-0.86543
-0.97474
-0.861706
-0.492674
-0.976405
-0.918442
-0.459636
-0.840751
-0.979294
-0.99743
-0.956681
-0.968008
-0.809821
-0.445853
-0.988501
-0.957466
-0.993534
-0.44773
-0.530069
-0.955734
-0.938747
-0.937071
-0.968206
-0.480607
-0.423111
-0.446946
-0.994996
-0.874344
-0.995051
-0.978195
-0.863503
-0.999979
-0.864683
-0.842455
-0.996177
