3.68871
1.32617
1.3154
2.59301
4.36524
4.05623
2.57737
4.38328
2.60523
4.59067
3.77956
4.95636
4.26159
4.30914
2.61869
4.86883
1.2369
4.22607
3.99656
2.58347
3.73271
1.31625
3.33681
4.97205
4.87739
1.22859
2.58744
1.2625
4.52908
4.43132
2.5221
3.73642
3.86136
4.29035
4.93771
2.56151
3.88239
3.92193
4.39105
3.43155
4.73528
3.3958
4.98936
1.32776
3.75495
1.29448
2.50802
4.97912
4.22857
4.74871
4.93647
3.62381
2.66564
3.81768
2.59706
3.74391
1.33695
4.00048
1.3229
4.82185
4.71714
1.83117
1.36996
4.76192
4.74283
2.59433
1.94244
4.95494
3.81437
2.48673
3.91567
4.7997
3.82132
4.69002
1.29869
4.96554
2.51399
3.57463
3.82812
4.41618
4.83863
2.51688
1.31907
4.67268
4.84304
4.93335
1.84113
4.86032
4.64745
1.33444
4.84107
1.27682
3.84928
4.81641
4.62318
4.91059
2.40547
4.83779
2.50011
2.54256
3.71918
1.34993
1.27652
3.72715
3.5386
4.81132
2.40686
4.83875
1.2252
2.53365
3.81403
4.62945
4.98615
1.32845
4.50597
3.57193
4.9049
2.58294
4.84425
4.79181
1.36015
4.75563
1.32357
2.61052
4.01548
3.92121
3.37884
4.32939
3.56854
4.6845
1.28739
4.90201
4.77522
2.55421
3.71493
3.77079
4.983
2.61098
1.29576
4.74784
2.5272
3.65166
3.78903
4.03934
4.86847
1.25861
4.79281
3.73657
4.83324
3.80117
1.35926
1.23736
2.57377
2.55495
4.26203
3.6432
3.79378
4.65345
1.37731
3.32571
2.41075
4.88545
4.55386
3.50081
2.3929
4.69299
4.08643
2.56373
4.21044
4.24755
3.81828
2.88161
4.46779
4.7786
3.78125
3.9265
4.16922
1.32445
4.37844
2.61075
3.47907
2.48063
4.9817
1.39247
4.82387
4.11247
4.62047
3.37942
1.25849
4.14184
1.4084
3.97893
4.10451
1.37346
3.86917
1.36117
2.6153
3.71936
4.98646
3.70551
4.82097
2.53294
4.81334
4.87966
2.523
4.88362
4.88354
4.97949
2.6568
1.37105
3.88406
2.39595
3.65473
1.20385
3.24399
1.5323
3.82967
4.92341
2.47243
1.3514
3.69133
4.36023
3.88882
4.48156
4.39814
2.43528
4.81289
4.97553
3.76265
2.51597
2.53489
2.34894
3.76765
1.31585
1.23169
4.10562
4.99011
4.80796
3.7746
2.58617
1.21536
3.88273
3.89291
4.79223
4.88762
3.20319
4.0215
3.734
3.80104
1.32904
4.92054
2.49173
4.72036
4.95681
2.53872
4.61769
3.66026
4.92755
2.53919
3.65275
3.96786
2.41727
1.33337
4.84914
1.21396
3.71872
3.94708
4.40194
3.07118
3.74088
4.657
2.61973
2.48153
4.38763
3.69645
4.37303
4.79725
2.21682
4.8963
4.76991
3.19351
1.36429
3.66457
1.24128
4.12296
4.72526
4.98369
4.9934
4.36354
4.4872
1.24496
3.77806
4.94142
2.48961
2.6368
1.37704
3.71142
1.21966
4.86515
3.32617
2.54645
4.26993
4.81167
2.52788
1.20952
2.75941
4.63763
1.49931
4.73013
3.55854
1.33834
4.57926
4.02015
4.56714
4.03619
1.2751
3.82757
2.61022
3.82943
2.53684
4.94079
1.25832
3.77984
2.54469
3.74044
1.30127
1.32856
3.85731
2.6679
4.37863
2.54123
4.94498
4.66046
1.42236
2.56593
2.6977
4.26809
4.54178
4.76088
3.82897
1.3052
4.75346
2.555
1.30399
3.9534
2.70234
2.60952
3.94855
2.5847
1.35212
3.99237
3.05246
1.29062
2.45543
4.07329
4.82655
3.56661
3.78866
2.29079
1.26604
4.38615
3.5805
4.61029
1.26936
1.42661
3.55009
3.29258
3.27042
3.793
1.32922
1.22677
1.26797
4.68606
2.67158
4.68902
4.04172
2.5966
4.99843
2.60449
2.46535
4.75177
