-0.96322 -0.478981 -0.999714 
-0.96322 -0.473191 -0.984223 
-0.96322 -0.987972 -0.996124 
-0.96322 -0.978704 -0.959843 
-0.96322 -0.988429 -0.873514 
-0.96322 -0.993138 -0.484712 
-0.96322 -0.967592 -0.477229 
-0.478981 -0.473191 -0.69094 
-0.478981 -0.862963 -0.501885 
-0.478981 -0.987972 -0.996353 
-0.478981 -0.978704 -0.996021 
-0.478981 -0.86059 -0.863162 
-0.478981 -0.864792 -0.724915 
-0.478981 -0.967592 -0.999375 
-0.473191 -0.862963 -0.851051 
-0.473191 -0.86059 -0.475172 
-0.473191 -0.864792 -0.69414 
-0.473191 -0.993138 -0.997966 
-0.473191 -0.967592 -0.994265 
-0.862963 -0.86059 -0.86144 
-0.862963 -0.864792 -0.496843 
-0.987972 -0.978704 -0.477588 
-0.987972 -0.988429 -0.865578 
-0.987972 -0.967592 -0.956791 
-0.987972 -0.999395 -0.45784 
-0.978704 -0.988429 -0.505633 
-0.978704 -0.993138 -0.998353 
-0.978704 -0.967592 -0.8296 
-0.978704 -0.999395 -0.858489 
-0.86059 -0.864792 -0.478059 
-0.988429 -0.993138 -0.969839 
-0.988429 -0.967592 -0.492301 
-0.988429 -0.999395 -0.972351 
-0.993138 -0.967592 -0.857129 
-0.967592 -0.999395 -0.99743 
-0.985176 -0.429062 -0.996638 
-0.985176 -0.98415 -0.478059 
-0.985176 -0.473651 -0.988307 
-0.986495 -0.866782 -0.865611 
-0.986495 -0.429062 -0.951477 
-0.986495 -0.965387 -0.944971 
-0.986495 -0.941985 -0.441548 
-0.986495 -0.999615 -0.981565 
-0.866782 -0.429062 -0.521182 
-0.866782 -0.965387 -0.503676 
-0.866782 -0.473651 -0.971533 
-0.866782 -0.941985 -0.497368 
-0.866782 -0.999615 -0.866283 
-0.998098 -0.97656 -0.578558 
-0.998098 -0.86152 -0.843664 
-0.998098 -0.473651 -0.963351 
-0.998098 -0.99823 -0.837233 
-0.429062 -0.98415 -0.999664 
-0.429062 -0.86152 -0.966808 
-0.429062 -0.965387 -0.850902 
-0.429062 -0.473651 -0.85395 
-0.429062 -0.941985 -0.821332 
-0.429062 -0.999615 -0.967041 
-0.98415 -0.86152 -0.992651 
-0.98415 -0.473651 -0.977998 
-0.97656 -0.86152 -0.528007 
-0.97656 -0.473651 -0.877933 
-0.97656 -0.99823 -0.467652 
-0.86152 -0.473651 -0.459636 
-0.86152 -0.99823 -0.840751 
-0.965387 -0.941985 -0.809821 
-0.965387 -0.999615 -0.445853 
-0.473651 -0.941985 -0.988501 
-0.473651 -0.99823 -0.957466 
-0.941985 -0.999615 -0.937071 
-0.424186 -0.862122 -0.969165 
-0.424186 -0.443836 -0.846075 
-0.424186 -0.99184 -0.973442 
-0.424186 -0.989608 -0.969472 
-0.424186 -0.851896 -0.464087 
-0.424186 -0.965565 -0.850579 
-0.424186 -0.985981 -0.957135 
-0.424186 -0.999128 -0.989243 
-0.862122 -0.443836 -0.483381 
-0.862122 -0.971203 -0.451939 
-0.443836 -0.851896 -0.967187 
-0.443836 -0.965565 -0.999767 
-0.443836 -0.971203 -0.865646 
-0.99184 -0.989608 -0.852719 
-0.99184 -0.851896 -0.968026 
-0.99184 -0.965565 -0.97811 
-0.99184 -0.985981 -0.441617 
-0.99184 -0.999128 -0.965572 
-0.989608 -0.851896 -0.961376 
-0.989608 -0.965565 -0.975483 
-0.989608 -0.985981 -0.482816 
-0.989608 -0.999128 -0.415501 
-0.851896 -0.965565 -0.418899 
-0.851896 -0.985981 -0.941219 
-0.851896 -0.999128 -0.985412 
-0.965565 -0.985981 -0.95622 
-0.965565 -0.999128 -0.992903 
-0.985981 -0.999128 -0.85496 
-0.858144 -0.972085 -0.483381 
-0.858144 -0.948455 -0.997663 
-0.858144 -0.479832 -0.451939 
-0.858144 -0.461767 -0.970688 
-0.972085 -0.479832 -0.865646 
-0.973693 -0.988624 -0.968575 
-0.973693 -0.948455 -0.496379 
-0.973693 -0.995888 -0.42933 
-0.973693 -0.946085 -0.860037 
-0.973693 -0.479832 -0.985189 
-0.973693 -0.461767 -0.968241 
-0.973693 -0.849605 -0.994381 
-0.988624 -0.948455 -0.84505 
-0.988624 -0.995888 -0.999749 
-0.988624 -0.946085 -0.513275 
-0.988624 -0.479832 -0.997387 
-0.988624 -0.461767 -0.980611 
-0.988624 -0.849605 -0.993737 
-0.948455 -0.995888 -0.86193 
-0.948455 -0.946085 -0.416337 
-0.948455 -0.479832 -0.972519 
-0.948455 -0.966447 -0.996867 
-0.948455 -0.461767 -0.931751 
-0.948455 -0.849605 -0.977472 
-0.995888 -0.946085 -0.968569 
-0.995888 -0.479832 -0.998878 
-0.995888 -0.461767 -0.995622 
-0.946085 -0.479832 -0.974683 
-0.946085 -0.966447 -0.988894 
-0.946085 -0.461767 -0.920205 
-0.946085 -0.849605 -0.965779 
-0.999855 -0.966447 -0.433754 
-0.999855 -0.461767 -0.967523 
-0.999855 -0.849605 -0.846557 
-0.479832 -0.461767 -0.865533 
-0.479832 -0.849605 -0.969829 
-0.966447 -0.461767 -0.854262 
-0.966447 -0.849605 -0.441451 
-0.461767 -0.849605 -0.466991 
-0.999714 -0.984223 -0.69094 
-0.999714 -0.996124 -0.996353 
-0.999714 -0.959843 -0.996021 
-0.999714 -0.477229 -0.999375 
-0.984223 -0.484712 -0.997966 
-0.984223 -0.477229 -0.994265 
-0.996124 -0.959843 -0.477588 
-0.996124 -0.873514 -0.865578 
-0.996124 -0.965924 -0.944931 
-0.996124 -0.976705 -0.987037 
-0.996124 -0.477229 -0.956791 
-0.996124 -0.995565 -0.964522 
-0.99911 -0.969312 -0.42933 
-0.99911 -0.863573 -0.857121 
-0.99911 -0.484712 -0.960875 
-0.959843 -0.873514 -0.505633 
-0.959843 -0.965924 -0.832854 
-0.959843 -0.484712 -0.998353 
-0.959843 -0.976705 -0.952812 
-0.959843 -0.477229 -0.8296 
-0.959843 -0.997354 -0.995125 
-0.959843 -0.995565 -0.900718 
-0.873514 -0.965924 -0.578558 
-0.873514 -0.484712 -0.969839 
-0.873514 -0.976705 -0.843664 
-0.873514 -0.477229 -0.492301 
-0.873514 -0.997354 -0.963351 
-0.873514 -0.995565 -0.837233 
-0.969312 -0.863573 -0.480513 
-0.969312 -0.484712 -0.846911 
-0.969312 -0.477229 -0.999401 
-0.863573 -0.484712 -0.450971 
-0.863573 -0.477229 -0.969747 
-0.965924 -0.484712 -0.994515 
-0.965924 -0.976705 -0.528007 
-0.965924 -0.477229 -0.85883 
-0.965924 -0.997354 -0.877933 
-0.965924 -0.995565 -0.467652 
-0.484712 -0.976705 -0.996207 
-0.484712 -0.477229 -0.857129 
-0.976705 -0.477229 -0.918442 
-0.976705 -0.997354 -0.459636 
-0.976705 -0.995565 -0.840751 
-0.477229 -0.997354 -0.979294 
-0.477229 -0.995565 -0.956681 
-0.997354 -0.995565 -0.957466 
-0.69094 -0.501885 -0.851051 
-0.69094 -0.863162 -0.475172 
-0.69094 -0.724915 -0.69414 
-0.69094 -0.999375 -0.994265 
-0.501885 -0.863162 -0.86144 
-0.501885 -0.724915 -0.496843 
-0.996353 -0.996021 -0.477588 
-0.996353 -0.999375 -0.956791 
-0.996021 -0.999375 -0.8296 
-0.863162 -0.724915 -0.478059 
-0.969165 -0.846075 -0.483381 
-0.846075 -0.464087 -0.967187 
-0.846075 -0.850579 -0.999767 
-0.973442 -0.996991 -0.462475 
-0.973442 -0.969472 -0.852719 
-0.973442 -0.464087 -0.968026 
-0.973442 -0.850579 -0.97811 
-0.973442 -0.957135 -0.441617 
-0.973442 -0.969771 -0.996877 
-0.973442 -0.989243 -0.965572 
-0.996991 -0.969472 -0.964058 
-0.996991 -0.464087 -0.997216 
-0.996991 -0.957135 -0.852042 
-0.996991 -0.989243 -0.998325 
-0.969472 -0.464087 -0.961376 
-0.969472 -0.850579 -0.975483 
-0.969472 -0.957135 -0.482816 
-0.969472 -0.969771 -0.997791 
-0.969472 -0.989243 -0.415501 
-0.99507 -0.464087 -0.987928 
-0.99507 -0.850579 -0.99091 
-0.99507 -0.969771 -0.999182 
-0.99507 -0.997624 -0.505495 
-0.464087 -0.999524 -0.96435 
-0.464087 -0.850579 -0.418899 
-0.464087 -0.957135 -0.941219 
-0.464087 -0.969771 -0.855786 
-0.464087 -0.989243 -0.985412 
-0.464087 -0.997624 -0.997188 
-0.999524 -0.850579 -0.852828 
-0.999524 -0.969771 -0.41284 
-0.850579 -0.957135 -0.95622 
-0.850579 -0.969771 -0.485446 
-0.850579 -0.989243 -0.992903 
-0.957135 -0.969771 -0.988312 
-0.957135 -0.989243 -0.85496 
-0.851051 -0.475172 -0.86144 
-0.851051 -0.999065 -0.99686 
-0.851051 -0.69414 -0.496843 
-0.475172 -0.994746 -0.96767 
-0.475172 -0.997694 -0.973875 
-0.475172 -0.999065 -0.982429 
-0.475172 -0.69414 -0.478059 
-0.994746 -0.997694 -0.473437 
-0.994746 -0.999065 -0.426008 
-0.994746 -0.69414 -0.980384 
-0.997694 -0.999065 -0.854562 
-0.997694 -0.69414 -0.993682 
-0.999065 -0.69414 -0.980955 
-0.997966 -0.994265 -0.857129 
-0.483381 -0.451939 -0.865646 
-0.997663 -0.451939 -0.972519 
-0.997663 -0.970688 -0.931751 
-0.451939 -0.970688 -0.865533 
-0.997266 -0.993791 -0.462475 
-0.997266 -0.45177 -0.997538 
-0.993791 -0.831897 -0.99734 
-0.993791 -0.491534 -0.998324 
-0.993791 -0.45177 -0.999719 
-0.998731 -0.85517 -0.830159 
-0.998731 -0.45177 -0.96148 
-0.998731 -0.965118 -0.409424 
-0.831897 -0.997611 -0.845203 
-0.831897 -0.848302 -0.79418 
-0.831897 -0.85517 -0.998517 
-0.831897 -0.96473 -0.930956 
-0.831897 -0.491534 -0.498977 
-0.831897 -0.45177 -0.96199 
-0.831897 -0.955065 -0.43162 
-0.997611 -0.848302 -0.98536 
-0.997611 -0.96473 -0.996335 
-0.997611 -0.491534 -0.969808 
-0.997611 -0.955065 -0.467652 
-0.848302 -0.85517 -0.993534 
-0.848302 -0.96473 -0.44773 
-0.848302 -0.491534 -0.530069 
-0.848302 -0.45177 -0.955734 
-0.848302 -0.955065 -0.938747 
-0.85517 -0.491534 -0.968206 
-0.85517 -0.45177 -0.480607 
-0.85517 -0.965118 -0.423111 
-0.96473 -0.491534 -0.874344 
-0.96473 -0.45177 -0.995051 
-0.96473 -0.955065 -0.978195 
-0.491534 -0.45177 -0.863503 
-0.491534 -0.965118 -0.999979 
-0.491534 -0.955065 -0.864683 
-0.45177 -0.965118 -0.842455 
-0.45177 -0.955065 -0.996177 
-0.997183 -0.997626 -0.86144 
-0.997183 -0.422185 -0.997713 
-0.997183 -0.480198 -0.99686 
-0.997183 -0.991332 -0.496843 
-0.83215 -0.422185 -0.462475 
-0.83215 -0.853753 -0.996109 
-0.83215 -0.993915 -0.852719 
-0.83215 -0.480198 -0.961319 
-0.83215 -0.956983 -0.441617 
-0.997626 -0.853753 -0.96767 
-0.997626 -0.96915 -0.973875 
-0.997626 -0.480198 -0.982429 
-0.997626 -0.991332 -0.478059 
-0.422185 -0.853753 -0.964739 
-0.422185 -0.96915 -0.999815 
-0.422185 -0.993915 -0.964058 
-0.422185 -0.999811 -0.99734 
-0.422185 -0.480198 -0.853639 
-0.422185 -0.991332 -0.998265 
-0.422185 -0.956983 -0.852042 
-0.853753 -0.96915 -0.473437 
-0.853753 -0.480198 -0.426008 
-0.853753 -0.991332 -0.980384 
-0.96915 -0.480198 -0.854562 
-0.96915 -0.991332 -0.993682 
-0.993915 -0.956983 -0.482816 
-0.999811 -0.998646 -0.43162 
-0.480198 -0.991332 -0.980955 
-0.480198 -0.956983 -0.99571 
-0.480198 -0.998646 -0.99991 
-0.86144 -0.99686 -0.982429 
-0.86144 -0.496843 -0.478059 
-0.86144 -0.996244 -0.988307 
-0.997713 -0.99686 -0.853639 
-0.997713 -0.496843 -0.998265 
-0.99686 -0.496843 -0.980955 
-0.496843 -0.996244 -0.977998 
-0.477588 -0.865578 -0.505633 
-0.477588 -0.977254 -0.941186 
-0.477588 -0.944931 -0.832854 
-0.477588 -0.987037 -0.952812 
-0.477588 -0.956791 -0.8296 
-0.477588 -0.994967 -0.979741 
-0.477588 -0.45784 -0.858489 
-0.477588 -0.998603 -0.983686 
-0.477588 -0.99658 -0.984775 
-0.477588 -0.857005 -0.969338 
-0.477588 -0.964522 -0.900718 
-0.865578 -0.977254 -0.935022 
-0.865578 -0.944931 -0.578558 
-0.865578 -0.987037 -0.843664 
-0.865578 -0.956791 -0.492301 
-0.865578 -0.994967 -0.987843 
-0.865578 -0.45784 -0.972351 
-0.865578 -0.998603 -0.990782 
-0.865578 -0.99658 -0.9888 
-0.865578 -0.964522 -0.837233 
-0.977254 -0.944931 -0.845203 
-0.977254 -0.987037 -0.963608 
-0.977254 -0.956791 -0.98817 
-0.977254 -0.994967 -0.79418 
-0.977254 -0.45784 -0.99649 
-0.977254 -0.998603 -0.930956 
-0.977254 -0.99658 -0.498977 
-0.977254 -0.964522 -0.43162 
-0.973664 -0.45784 -0.869416 
-0.973664 -0.857005 -0.505495 
-0.944931 -0.987037 -0.528007 
-0.944931 -0.956791 -0.85883 
-0.944931 -0.994967 -0.98536 
-0.944931 -0.45784 -0.992114 
-0.944931 -0.998603 -0.996335 
-0.944931 -0.99658 -0.969808 
-0.944931 -0.964522 -0.467652 
-0.987037 -0.956791 -0.918442 
-0.987037 -0.964522 -0.840751 
-0.956791 -0.45784 -0.99743 
-0.956791 -0.964522 -0.956681 
-0.994967 -0.998603 -0.44773 
-0.994967 -0.99658 -0.530069 
-0.994967 -0.964522 -0.938747 
-0.45784 -0.857005 -0.446946 
-0.45784 -0.964522 -0.994996 
-0.998603 -0.99658 -0.874344 
-0.998603 -0.964522 -0.978195 
-0.99658 -0.964522 -0.864683 
-0.967187 -0.999767 -0.418899 
-0.462475 -0.996109 -0.964739 
-0.462475 -0.852719 -0.964058 
-0.462475 -0.961319 -0.853639 
-0.462475 -0.968026 -0.997216 
-0.462475 -0.441617 -0.852042 
-0.462475 -0.965572 -0.998325 
-0.462475 -0.997538 -0.999719 
-0.996109 -0.961319 -0.426008 
-0.852719 -0.968026 -0.961376 
-0.852719 -0.97811 -0.975483 
-0.852719 -0.998093 -0.834028 
-0.852719 -0.441617 -0.482816 
-0.852719 -0.996877 -0.997791 
-0.852719 -0.965572 -0.415501 
-0.961319 -0.441617 -0.99571 
-0.968026 -0.97811 -0.418899 
-0.968026 -0.441617 -0.941219 
-0.968026 -0.996877 -0.855786 
-0.968026 -0.965572 -0.985412 
-0.97811 -0.441617 -0.95622 
-0.97811 -0.996877 -0.485446 
-0.97811 -0.965572 -0.992903 
-0.998093 -0.441617 -0.965758 
-0.998093 -0.965572 -0.465503 
-0.441617 -0.996877 -0.988312 
-0.441617 -0.965572 -0.85496 
-0.441617 -0.997538 -0.999233 
-0.968575 -0.496379 -0.84505 
-0.968575 -0.42933 -0.999749 
-0.968575 -0.860037 -0.513275 
-0.968575 -0.985189 -0.997387 
-0.968575 -0.968241 -0.980611 
-0.968575 -0.994381 -0.993737 
-0.496379 -0.42933 -0.86193 
-0.496379 -0.860037 -0.416337 
-0.496379 -0.857121 -0.972099 
-0.496379 -0.985189 -0.972519 
-0.496379 -0.960875 -0.998386 
-0.496379 -0.968241 -0.931751 
-0.496379 -0.994381 -0.977472 
-0.42933 -0.860037 -0.968569 
-0.42933 -0.857121 -0.480513 
-0.42933 -0.985189 -0.998878 
-0.42933 -0.960875 -0.846911 
-0.42933 -0.968241 -0.995622 
-0.860037 -0.985189 -0.974683 
-0.860037 -0.968241 -0.920205 
-0.860037 -0.994381 -0.965779 
-0.857121 -0.960875 -0.450971 
-0.985189 -0.968241 -0.865533 
-0.985189 -0.994381 -0.969829 
-0.968241 -0.994381 -0.466991 
-0.505633 -0.941186 -0.935022 
-0.505633 -0.832854 -0.578558 
-0.505633 -0.998353 -0.969839 
-0.505633 -0.992372 -0.99892 
-0.505633 -0.952812 -0.843664 
-0.505633 -0.8296 -0.492301 
-0.505633 -0.995125 -0.963351 
-0.505633 -0.979741 -0.987843 
-0.505633 -0.858489 -0.972351 
-0.505633 -0.983686 -0.990782 
-0.505633 -0.984775 -0.9888 
-0.505633 -0.900718 -0.837233 
-0.941186 -0.832854 -0.845203 
-0.941186 -0.992372 -0.988538 
-0.941186 -0.952812 -0.963608 
-0.941186 -0.8296 -0.98817 
-0.941186 -0.995125 -0.99695 
-0.941186 -0.979741 -0.79418 
-0.941186 -0.858489 -0.99649 
-0.941186 -0.983686 -0.930956 
-0.941186 -0.984775 -0.498977 
-0.941186 -0.900718 -0.43162 
-0.832854 -0.998353 -0.994515 
-0.832854 -0.952812 -0.528007 
-0.832854 -0.8296 -0.85883 
-0.832854 -0.995125 -0.877933 
-0.832854 -0.979741 -0.98536 
-0.832854 -0.858489 -0.992114 
-0.832854 -0.983686 -0.996335 
-0.832854 -0.984775 -0.969808 
-0.832854 -0.900718 -0.467652 
-0.998353 -0.952812 -0.996207 
-0.998353 -0.8296 -0.857129 
-0.992372 -0.979741 -0.861706 
-0.992372 -0.983686 -0.492674 
-0.992372 -0.984775 -0.976405 
-0.952812 -0.8296 -0.918442 
-0.952812 -0.995125 -0.459636 
-0.952812 -0.900718 -0.840751 
-0.8296 -0.995125 -0.979294 
-0.8296 -0.858489 -0.99743 
-0.8296 -0.900718 -0.956681 
-0.995125 -0.900718 -0.957466 
-0.979741 -0.983686 -0.44773 
-0.979741 -0.984775 -0.530069 
-0.979741 -0.900718 -0.938747 
-0.858489 -0.969338 -0.446946 
-0.858489 -0.900718 -0.994996 
-0.983686 -0.984775 -0.874344 
-0.983686 -0.900718 -0.978195 
-0.984775 -0.900718 -0.864683 
-0.990466 -0.96767 -0.872271 
-0.990466 -0.973875 -0.502441 
-0.990466 -0.982429 -0.972154 
-0.996638 -0.478059 -0.999664 
-0.996638 -0.988307 -0.85395 
-0.96767 -0.973875 -0.473437 
-0.96767 -0.982429 -0.426008 
-0.96767 -0.478059 -0.980384 
-0.96767 -0.988307 -0.999865 
-0.973875 -0.982429 -0.854562 
-0.973875 -0.478059 -0.993682 
-0.982429 -0.478059 -0.980955 
-0.478059 -0.988307 -0.977998 
-0.865611 -0.951477 -0.521182 
-0.865611 -0.513275 -0.975902 
-0.865611 -0.944971 -0.503676 
-0.865611 -0.441548 -0.497368 
-0.865611 -0.981565 -0.866283 
-0.951477 -0.513275 -0.997208 
-0.951477 -0.944971 -0.850902 
-0.951477 -0.441548 -0.821332 
-0.951477 -0.981565 -0.967041 
-0.84505 -0.999749 -0.86193 
-0.84505 -0.513275 -0.416337 
-0.84505 -0.997387 -0.972519 
-0.84505 -0.980611 -0.931751 
-0.84505 -0.993737 -0.977472 
-0.84505 -0.441548 -0.965449 
-0.999749 -0.513275 -0.968569 
-0.999749 -0.997387 -0.998878 
-0.999749 -0.980611 -0.995622 
-0.513275 -0.997387 -0.974683 
-0.513275 -0.980611 -0.920205 
-0.513275 -0.993737 -0.965779 
-0.513275 -0.944971 -0.994449 
-0.513275 -0.441548 -0.866935 
-0.997387 -0.980611 -0.865533 
-0.997387 -0.993737 -0.969829 
-0.980611 -0.993737 -0.466991 
-0.944971 -0.441548 -0.809821 
-0.944971 -0.981565 -0.445853 
-0.441548 -0.981565 -0.937071 
-0.521182 -0.975902 -0.997208 
-0.521182 -0.503676 -0.850902 
-0.521182 -0.971533 -0.85395 
-0.521182 -0.497368 -0.821332 
-0.521182 -0.866283 -0.967041 
-0.975902 -0.503676 -0.994449 
-0.975902 -0.497368 -0.866935 
-0.980347 -0.503676 -0.886049 
-0.980347 -0.497368 -0.994075 
-0.980347 -0.866283 -0.563969 
-0.503676 -0.497368 -0.809821 
-0.503676 -0.866283 -0.445853 
-0.971533 -0.497368 -0.988501 
-0.497368 -0.866283 -0.937071 
-0.964739 -0.999815 -0.473437 
-0.964739 -0.853639 -0.426008 
-0.964739 -0.998265 -0.980384 
-0.999815 -0.853639 -0.854562 
-0.999815 -0.998265 -0.993682 
-0.999815 -0.999719 -0.998981 
-0.964058 -0.997216 -0.961376 
-0.964058 -0.852042 -0.482816 
-0.964058 -0.998325 -0.415501 
-0.99734 -0.998324 -0.498977 
-0.99734 -0.999719 -0.96199 
-0.853639 -0.998265 -0.980955 
-0.853639 -0.852042 -0.99571 
-0.997216 -0.852042 -0.941219 
-0.997216 -0.998325 -0.985412 
-0.852042 -0.998325 -0.85496 
-0.852042 -0.999719 -0.999233 
-0.998324 -0.999719 -0.863503 
-0.872271 -0.502441 -0.473437 
-0.872271 -0.972154 -0.426008 
-0.872271 -0.830159 -0.997127 
-0.872271 -0.409424 -0.967363 
-0.502441 -0.972154 -0.854562 
-0.502441 -0.830159 -0.961767 
-0.502441 -0.96148 -0.998981 
-0.502441 -0.409424 -0.854636 
-0.972154 -0.409424 -0.999777 
-0.830159 -0.96148 -0.480607 
-0.830159 -0.409424 -0.423111 
-0.96148 -0.409424 -0.842455 
-0.935022 -0.578558 -0.845203 
-0.935022 -0.99892 -0.988538 
-0.935022 -0.843664 -0.963608 
-0.935022 -0.492301 -0.98817 
-0.935022 -0.963351 -0.99695 
-0.935022 -0.987843 -0.79418 
-0.935022 -0.972351 -0.99649 
-0.935022 -0.990782 -0.930956 
-0.935022 -0.9888 -0.498977 
-0.935022 -0.837233 -0.43162 
-0.578558 -0.969839 -0.994515 
-0.578558 -0.843664 -0.528007 
-0.578558 -0.492301 -0.85883 
-0.578558 -0.963351 -0.877933 
-0.578558 -0.987843 -0.98536 
-0.578558 -0.972351 -0.992114 
-0.578558 -0.990782 -0.996335 
-0.578558 -0.9888 -0.969808 
-0.578558 -0.837233 -0.467652 
-0.969839 -0.843664 -0.996207 
-0.969839 -0.492301 -0.857129 
-0.99892 -0.987843 -0.861706 
-0.99892 -0.990782 -0.492674 
-0.99892 -0.9888 -0.976405 
-0.843664 -0.492301 -0.918442 
-0.843664 -0.963351 -0.459636 
-0.843664 -0.837233 -0.840751 
-0.492301 -0.963351 -0.979294 
-0.492301 -0.972351 -0.99743 
-0.492301 -0.837233 -0.956681 
-0.963351 -0.837233 -0.957466 
-0.987843 -0.990782 -0.44773 
-0.987843 -0.9888 -0.530069 
-0.987843 -0.837233 -0.938747 
-0.972351 -0.837233 -0.994996 
-0.990782 -0.9888 -0.874344 
-0.990782 -0.837233 -0.978195 
-0.9888 -0.837233 -0.864683 
-0.997208 -0.850902 -0.994449 
-0.997208 -0.821332 -0.866935 
-0.999664 -0.966808 -0.992651 
-0.999664 -0.85395 -0.977998 
-0.966808 -0.85395 -0.459636 
-0.850902 -0.821332 -0.809821 
-0.850902 -0.967041 -0.445853 
-0.85395 -0.821332 -0.988501 
-0.821332 -0.967041 -0.937071 
-0.473437 -0.426008 -0.854562 
-0.473437 -0.980384 -0.993682 
-0.473437 -0.997127 -0.961767 
-0.473437 -0.967363 -0.854636 
-0.426008 -0.980384 -0.980955 
-0.426008 -0.967363 -0.999777 
-0.980384 -0.999865 -0.977998 
-0.997127 -0.967363 -0.423111 
-0.86193 -0.416337 -0.968569 
-0.86193 -0.972099 -0.480513 
-0.86193 -0.972519 -0.998878 
-0.86193 -0.998386 -0.846911 
-0.86193 -0.931751 -0.995622 
-0.416337 -0.972519 -0.974683 
-0.416337 -0.996867 -0.988894 
-0.416337 -0.931751 -0.920205 
-0.416337 -0.977472 -0.965779 
-0.416337 -0.965449 -0.866935 
-0.972099 -0.998386 -0.450971 
-0.972519 -0.931751 -0.865533 
-0.972519 -0.977472 -0.969829 
-0.996867 -0.931751 -0.854262 
-0.996867 -0.977472 -0.441451 
-0.931751 -0.977472 -0.466991 
-0.968569 -0.998878 -0.974683 
-0.968569 -0.995622 -0.920205 
-0.480513 -0.846911 -0.450971 
-0.480513 -0.999401 -0.969747 
-0.998878 -0.995622 -0.865533 
-0.846911 -0.999401 -0.857129 
-0.854562 -0.993682 -0.980955 
-0.854562 -0.854636 -0.999777 
-0.961767 -0.998981 -0.480607 
-0.961767 -0.854636 -0.423111 
-0.998981 -0.854636 -0.842455 
-0.961376 -0.975483 -0.418899 
-0.961376 -0.482816 -0.941219 
-0.961376 -0.997791 -0.855786 
-0.961376 -0.415501 -0.985412 
-0.975483 -0.482816 -0.95622 
-0.975483 -0.997791 -0.485446 
-0.975483 -0.415501 -0.992903 
-0.834028 -0.482816 -0.965758 
-0.834028 -0.415501 -0.465503 
-0.834028 -0.964708 -0.480259 
-0.482816 -0.997791 -0.988312 
-0.482816 -0.415501 -0.85496 
-0.415501 -0.964708 -0.86543 
-0.974683 -0.920205 -0.865533 
-0.974683 -0.965779 -0.969829 
-0.988894 -0.920205 -0.854262 
-0.988894 -0.965779 -0.441451 
-0.920205 -0.965779 -0.466991 
-0.994449 -0.866935 -0.809821 
-0.845203 -0.963608 -0.528007 
-0.845203 -0.98817 -0.85883 
-0.845203 -0.99695 -0.877933 
-0.845203 -0.79418 -0.98536 
-0.845203 -0.99649 -0.992114 
-0.845203 -0.930956 -0.996335 
-0.845203 -0.498977 -0.969808 
-0.845203 -0.43162 -0.467652 
-0.988538 -0.79418 -0.861706 
-0.988538 -0.930956 -0.492674 
-0.988538 -0.498977 -0.976405 
-0.963608 -0.98817 -0.918442 
-0.963608 -0.99695 -0.459636 
-0.963608 -0.43162 -0.840751 
-0.98817 -0.99695 -0.979294 
-0.98817 -0.99649 -0.99743 
-0.98817 -0.43162 -0.956681 
-0.99695 -0.43162 -0.957466 
-0.79418 -0.998517 -0.993534 
-0.79418 -0.930956 -0.44773 
-0.79418 -0.498977 -0.530069 
-0.79418 -0.96199 -0.955734 
-0.79418 -0.43162 -0.938747 
-0.998517 -0.498977 -0.968206 
-0.998517 -0.96199 -0.480607 
-0.99649 -0.43162 -0.994996 
-0.930956 -0.498977 -0.874344 
-0.930956 -0.96199 -0.995051 
-0.930956 -0.43162 -0.978195 
-0.498977 -0.96199 -0.863503 
-0.498977 -0.43162 -0.864683 
-0.96199 -0.43162 -0.996177 
-0.987928 -0.99091 -0.418899 
-0.987928 -0.433754 -0.998041 
-0.987928 -0.999182 -0.855786 
-0.987928 -0.505495 -0.997188 
-0.99091 -0.433754 -0.995797 
-0.99091 -0.999182 -0.485446 
-0.433754 -0.967523 -0.854262 
-0.433754 -0.999182 -0.999172 
-0.433754 -0.846557 -0.441451 
-0.433754 -0.869416 -0.967605 
-0.433754 -0.505495 -0.855508 
-0.967523 -0.846557 -0.466991 
-0.846557 -0.505495 -0.968008 
-0.869416 -0.505495 -0.446946 
-0.96435 -0.418899 -0.852828 
-0.96435 -0.855786 -0.41284 
-0.418899 -0.998041 -0.995797 
-0.418899 -0.941219 -0.95622 
-0.418899 -0.855786 -0.485446 
-0.418899 -0.985412 -0.992903 
-0.998041 -0.855786 -0.999172 
-0.998041 -0.997188 -0.855508 
-0.941219 -0.855786 -0.988312 
-0.941219 -0.985412 -0.85496 
-0.852828 -0.41284 -0.485446 
-0.852828 -0.563969 -0.977423 
-0.41284 -0.886049 -0.974928 
-0.41284 -0.563969 -0.87856 
-0.886049 -0.994075 -0.809821 
-0.886049 -0.563969 -0.445853 
-0.994075 -0.563969 -0.937071 
-0.995797 -0.485446 -0.999172 
-0.95622 -0.485446 -0.988312 
-0.95622 -0.992903 -0.85496 
-0.485446 -0.977423 -0.87856 
-0.992651 -0.977998 -0.459636 
-0.450971 -0.969747 -0.857129 
-0.865533 -0.969829 -0.466991 
-0.854262 -0.441451 -0.466991 
-0.441451 -0.855508 -0.968008 
-0.967605 -0.855508 -0.446946 
-0.965758 -0.465503 -0.85496 
-0.465503 -0.480259 -0.86543 
-0.465503 -0.87383 -0.97474 
-0.480259 -0.971031 -0.861706 
-0.480259 -0.87383 -0.492674 
-0.971031 -0.87383 -0.44773 
-0.994515 -0.528007 -0.996207 
-0.994515 -0.85883 -0.857129 
-0.528007 -0.85883 -0.918442 
-0.528007 -0.877933 -0.459636 
-0.528007 -0.467652 -0.840751 
-0.85883 -0.877933 -0.979294 
-0.85883 -0.992114 -0.99743 
-0.85883 -0.467652 -0.956681 
-0.877933 -0.467652 -0.957466 
-0.98536 -0.996335 -0.44773 
-0.98536 -0.969808 -0.530069 
-0.98536 -0.467652 -0.938747 
-0.992114 -0.467652 -0.994996 
-0.996335 -0.969808 -0.874344 
-0.996335 -0.467652 -0.978195 
-0.969808 -0.467652 -0.864683 
-0.996207 -0.857129 -0.918442 
-0.974928 -0.87856 -0.445853 
-0.86543 -0.97474 -0.492674 
-0.861706 -0.492674 -0.44773 
-0.861706 -0.976405 -0.530069 
-0.492674 -0.976405 -0.874344 
-0.918442 -0.459636 -0.979294 
-0.918442 -0.840751 -0.956681 
-0.459636 -0.840751 -0.957466 
-0.979294 -0.956681 -0.957466 
-0.99743 -0.956681 -0.994996 
-0.809821 -0.445853 -0.937071 
-0.993534 -0.530069 -0.968206 
-0.993534 -0.955734 -0.480607 
-0.44773 -0.530069 -0.874344 
-0.44773 -0.955734 -0.995051 
-0.44773 -0.938747 -0.978195 
-0.530069 -0.955734 -0.863503 
-0.530069 -0.938747 -0.864683 
-0.955734 -0.938747 -0.996177 
-0.968206 -0.480607 -0.863503 
-0.968206 -0.423111 -0.999979 
-0.480607 -0.423111 -0.842455 
-0.874344 -0.995051 -0.863503 
-0.874344 -0.978195 -0.864683 
-0.995051 -0.978195 -0.996177 
-0.863503 -0.999979 -0.842455 
-0.863503 -0.864683 -0.996177 
