-0.996836
-0.467531
-0.476825
-0.997405
-0.845784
-0.989794
-0.996979
-0.991334
-0.846421
-0.854353
-0.99825
-0.99849
-0.996556
-0.992472
-0.877751
-0.99387
-0.419233
-0.97428
-0.869458
-0.988963
-0.969781
-0.464559
-0.95444
-0.996895
-0.999453
-0.45963
-0.870485
-0.49781
-0.973226
-0.987
-0.996299
-0.868968
-0.97381
-0.975133
-0.989279
-0.999541
-0.856294
-0.968609
-0.980863
-0.454145
-0.971539
-0.462539
-0.991452
-0.8597
-0.995296
-0.977776
-0.990306
-0.998054
-0.992774
-0.950756
-0.86988
-0.970062
-0.863387
-0.962643
-0.504668
-0.951835
-0.444607
-0.973166
-0.996498
-0.719141
-0.988473
-0.453735
-0.966051
-0.970349
-0.851761
-0.997056
-0.993993
-0.999558
-0.704607
-0.989381
-0.98472
-0.966962
-0.845946
-0.977192
-0.995974
-0.993981
-0.983769
-0.492996
-0.872451
-0.999499
-0.986881
-0.975012
-0.989056
-0.980805
-0.983948
-0.859022
-0.46499
-0.999918
-0.995361
-0.988179
-0.721914
-0.461393
-0.474317
-0.965584
-0.999955
-0.866195
-0.991183
-0.829318
-0.859104
-0.932292
-0.542157
-0.444683
-0.966772
-0.97003
-0.948321
-0.868751
-0.918243
-0.45146
-0.869584
-0.973649
-0.996535
-0.495551
-0.876528
-0.964784
-0.980717
-0.980925
-0.984434
-0.84892
-0.960747
-0.999901
-0.988433
-0.985438
-0.462729
-0.982726
-0.996365
-0.997664
-0.992368
-0.417959
-0.858062
-0.977186
-0.977443
-0.999376
-0.94844
-0.984934
-0.987992
-0.955796
-0.977274
-0.494407
-0.981116
-0.990571
-0.866506
-0.959136
-0.992525
-0.992995
-0.968302
-0.864831
-0.999132
-0.99832
-0.499215
-0.857449
-0.973152
-0.986963
-0.997961
-0.975369
-0.998353
-0.474153
-0.965572
-0.973926
-0.997337
-0.470582
-0.484156
-0.862402
-0.865854
-0.988342
-0.967005
-0.984082
-0.995703
-0.987635
-0.989229
-0.498217
-0.961795
-0.843228
-0.996687
-0.995967
-0.941078
-0.824737
-0.991208
-0.978526
-0.859157
-0.989321
-0.988964
-0.969386
-0.909139
-0.97258
-0.96265
-0.993015
-0.931507
-0.482771
-0.86933
-0.996794
-0.961095
-0.868643
-0.503121
-0.948286
-0.434807
-0.992146
-0.561577
-0.976289
-0.972265
-0.557029
-0.976324
-0.512607
-0.878018
-0.970164
-0.962924
-0.856223
-0.930638
-0.854987
-0.996697
-0.845078
-0.991272
-0.455946
-0.994348
-0.967065
-0.851352
-0.970088
-0.454374
-0.946656
-0.564282
-0.973357
-0.788605
-0.510117
-0.944894
-0.985576
-0.972265
-0.998826
-0.989481
-0.830935
-0.998035
-0.999067
-0.970944
-0.874696
-0.851509
-0.84736
-0.964148
-0.466682
-0.461667
-0.98246
-0.997606
-0.9636
-0.8556
-0.469164
-0.965325
-0.997276
-0.970128
-0.998742
-0.987479
-0.970701
-0.464728
-0.98613
-0.847854
-0.981994
-0.998621
-0.990386
-0.999965
-0.862228
-0.963645
-0.852768
-0.994867
-0.99801
-0.836879
-0.486688
-0.407388
-0.961809
-0.99797
-0.996525
-0.864002
-0.99465
-0.85373
-0.994584
-0.962986
-0.99409
-0.998543
-0.808382
-0.994071
-0.950256
-0.510496
-0.96982
-0.42015
-0.943222
-0.999603
-0.951869
-0.986963
-0.948525
-0.407691
-0.967331
-0.961397
-0.849363
-0.876083
-0.527129
-0.971385
-0.475819
-0.978014
-0.989072
-0.865447
-0.995906
-0.988065
-0.965922
-0.856806
-0.97554
-0.965348
-0.446371
-0.962871
-0.850834
-0.993478
-0.470199
-0.962459
-0.997035
-0.995156
-0.464805
-0.97985
-0.998072
-0.969031
-0.997955
-0.977129
-0.986411
-0.998639
-0.424793
-0.996411
-0.965722
-0.850404
-0.967438
-0.998474
-0.864706
-0.954812
-0.476548
-0.998497
-0.970391
-0.861734
-0.965821
-0.450013
-0.471458
-0.967014
-0.996227
-0.86447
-0.852795
-0.998909
-0.997174
-0.471119
-0.847035
-0.871698
-0.981986
-0.99271
-0.969804
-0.475028
-0.991275
-0.859525
-0.995202
-0.974078
-0.458776
-0.99936
-0.976558
-0.957331
-0.961138
-0.853288
-0.990901
-0.858156
-0.998946
-0.96943
-0.854668
-0.979876
-0.489077
-0.970441
-0.989524
-0.855045
-0.489157
-0.844531
-0.940345
-0.99862
-0.957591
-0.986666
-0.972383
-0.826423
-0.456536
-0.99586
-0.965402
-0.992161
-0.986726
-0.429281
-0.517125
-0.949653
-0.999111
-0.925044
-0.957489
-0.9987
-0.97625
-0.485074
-0.447656
-0.982405
-0.996993
-0.447036
-0.991461
-0.852741
-0.978596
-0.993904
-0.983435
-0.878809
-0.858222
-0.859006
