4.79041
1.30498
1.32214
4.82499
2.48499
4.43909
4.79898
4.50608
2.48879
2.53741
4.87869
4.89446
4.77381
4.55862
2.69636
4.62718
1.22022
3.93677
2.63709
4.40475
3.82834
1.29955
3.52796
4.79391
4.96047
1.29061
2.64424
1.36203
3.91029
4.32797
4.75878
2.6337
3.92487
3.95872
4.41767
4.96674
2.54968
3.80192
4.12017
1.28076
3.86932
1.29588
4.51141
2.57157
4.70233
4.02996
4.46086
4.86597
4.57302
3.46752
2.64002
3.83477
2.59583
3.67733
1.37541
3.48486
1.26385
3.90881
4.77038
1.92263
4.38501
1.28003
3.74658
3.84139
2.52126
4.80361
4.63346
4.96797
1.87445
4.42186
4.24563
3.76595
2.48596
4.01377
4.74017
4.63281
4.2132
1.35274
2.65808
4.96375
4.32352
3.95558
4.40853
4.1184
4.21925
2.56718
1.30033
4.99397
4.70589
4.37338
1.9321
1.2938
1.31748
3.73681
4.99669
2.6147
4.4993
2.39137
2.56771
3.20982
1.45193
1.26399
3.76187
3.83405
3.42949
2.6322
3.05038
1.27597
2.63796
3.92083
4.77252
1.35766
2.68739
3.72027
4.1157
4.12204
4.23577
2.50385
3.64077
4.99274
4.38343
4.27087
1.29622
4.17882
4.76264
4.84112
4.5537
1.21808
2.56099
4.01362
4.0207
4.95505
3.43132
4.2531
4.36604
3.55118
4.01603
1.35545
4.12791
4.47235
2.61681
3.61072
4.56115
4.5837
3.79512
2.60549
4.938
4.88328
1.36475
2.55705
3.90845
4.32658
4.85998
3.96488
4.88539
1.31718
3.73656
3.92779
4.82075
1.31058
1.3359
2.58929
2.61239
4.37982
3.76687
4.22378
4.72487
4.35218
4.41562
1.36282
3.66081
2.46987
4.78154
4.73976
3.32422
2.36682
4.50042
4.05114
2.56805
4.41939
4.40478
3.81937
2.95917
3.8944
3.67746
4.58471
3.20021
1.33328
2.63621
4.78785
3.64738
2.63145
1.37238
3.42896
1.24678
4.54325
1.494
3.98926
3.88674
1.48399
3.99018
1.39114
2.69833
3.83712
3.68286
2.54923
3.18968
2.5414
4.78213
2.48079
4.50327
1.28398
4.65177
3.76816
2.51874
3.83537
1.28117
3.40429
1.50001
3.91353
2.19173
1.38618
3.3783
4.27577
3.88675
4.917
4.42602
2.40019
4.86476
4.9335
3.85526
2.67412
2.51971
2.49443
3.70732
1.30342
1.2943
4.17022
4.83752
3.6963
2.54528
1.30797
3.73143
4.81705
3.8363
4.91136
4.34617
3.84957
1.29986
4.29575
2.49741
4.15534
4.9032
4.46432
4.99745
2.58814
3.69719
2.5275
4.6791
4.86316
2.43328
1.34069
1.20049
3.66107
4.86054
4.77196
2.59993
4.66758
2.53351
4.66409
3.68408
4.6384
4.89796
2.28375
4.63744
3.4596
1.38693
3.82923
1.22176
3.35424
4.97113
3.48541
4.32657
3.43262
1.20099
3.77389
3.65315
2.50655
2.68416
1.42055
3.86567
1.32027
4.03662
4.40919
2.60964
4.73629
4.36888
3.74387
2.55294
3.96935
3.7319
1.26696
3.6818
2.51555
4.6075
1.30988
3.67373
4.80234
4.69468
1.3
4.08966
4.86716
3.81135
4.8596
4.01205
4.30604
4.9044
1.22962
4.76531
3.73968
2.51291
3.77621
4.8934
2.60465
3.53429
1.32163
4.89492
3.84236
2.58488
3.74175
1.2734
1.3122
3.76707
4.75461
2.60307
2.52767
4.92265
4.8108
1.31157
2.49247
2.65276
4.15509
4.56997
3.82886
1.3188
4.50344
2.57044
4.69719
3.93163
1.28907
4.95392
3.99648
3.57809
3.64819
2.53075
4.48677
2.56159
4.92519
3.82037
2.53939
4.09043
1.34524
3.84352
4.42781
2.54177
1.34539
2.47755
3.31416
4.90314
3.58273
4.3155
3.8896
2.37578
1.28504
4.73366
3.73302
4.54397
4.31771
1.23727
1.4002
3.45013
4.93652
3.12439
3.58092
4.90851
3.98822
1.33763
1.26923
4.16846
4.79984
1.26813
4.51179
2.52734
4.05313
4.62892
4.20208
2.70418
2.56202
2.56707
