-0.996836 -0.467531 -0.990306 
-0.996836 -0.845784 -0.998054 
-0.996836 -0.989794 -0.992774 
-0.996836 -0.991334 -0.950756 
-0.996836 -0.99825 -0.444607 
-0.467531 -0.476825 -0.719141 
-0.467531 -0.845784 -0.453735 
-0.467531 -0.989794 -0.966051 
-0.467531 -0.991334 -0.970349 
-0.467531 -0.846421 -0.851761 
-0.467531 -0.854353 -0.704607 
-0.467531 -0.99825 -0.989381 
-0.467531 -0.99849 -0.98472 
-0.476825 -0.845784 -0.859022 
-0.476825 -0.846421 -0.46499 
-0.476825 -0.854353 -0.721914 
-0.997405 -0.996979 -0.461393 
-0.845784 -0.989794 -0.980717 
-0.845784 -0.991334 -0.984434 
-0.845784 -0.846421 -0.84892 
-0.845784 -0.854353 -0.462729 
-0.845784 -0.99825 -0.997664 
-0.845784 -0.99849 -0.992368 
-0.989794 -0.991334 -0.417959 
-0.989794 -0.99825 -0.955796 
-0.989794 -0.99849 -0.494407 
-0.991334 -0.99825 -0.824737 
-0.991334 -0.99849 -0.859157 
-0.846421 -0.854353 -0.482771 
-0.99825 -0.99849 -0.99862 
-0.996556 -0.99387 -0.86988 
-0.996556 -0.97428 -0.962643 
-0.996556 -0.869458 -0.951835 
-0.996556 -0.988963 -0.444607 
-0.996556 -0.464559 -0.973166 
-0.996556 -0.999453 -0.996498 
-0.992472 -0.877751 -0.86933 
-0.992472 -0.419233 -0.961095 
-0.992472 -0.969781 -0.948286 
-0.992472 -0.95444 -0.434807 
-0.992472 -0.996895 -0.992146 
-0.877751 -0.419233 -0.561577 
-0.877751 -0.969781 -0.557029 
-0.877751 -0.464559 -0.976324 
-0.877751 -0.95444 -0.512607 
-0.877751 -0.996895 -0.878018 
-0.99387 -0.97428 -0.564282 
-0.99387 -0.869458 -0.788605 
-0.99387 -0.988963 -0.510117 
-0.99387 -0.464559 -0.944894 
-0.99387 -0.999453 -0.830935 
-0.419233 -0.869458 -0.970944 
-0.419233 -0.969781 -0.874696 
-0.419233 -0.464559 -0.851509 
-0.419233 -0.95444 -0.84736 
-0.419233 -0.996895 -0.964148 
-0.97428 -0.869458 -0.471119 
-0.97428 -0.988963 -0.847035 
-0.97428 -0.464559 -0.871698 
-0.97428 -0.999453 -0.475028 
-0.869458 -0.988963 -0.855045 
-0.869458 -0.464559 -0.489157 
-0.869458 -0.999453 -0.844531 
-0.988963 -0.464559 -0.940345 
-0.988963 -0.999453 -0.957591 
-0.969781 -0.95444 -0.826423 
-0.969781 -0.996895 -0.456536 
-0.464559 -0.95444 -0.99586 
-0.464559 -0.999453 -0.965402 
-0.95444 -0.996895 -0.957489 
-0.45963 -0.870485 -0.966962 
-0.45963 -0.49781 -0.845946 
-0.45963 -0.973226 -0.977192 
-0.45963 -0.987 -0.995974 
-0.45963 -0.996299 -0.993981 
-0.45963 -0.868968 -0.492996 
-0.45963 -0.97381 -0.872451 
-0.45963 -0.989279 -0.986881 
-0.45963 -0.999541 -0.980805 
-0.870485 -0.49781 -0.461393 
-0.870485 -0.975133 -0.474317 
-0.49781 -0.973226 -0.992525 
-0.49781 -0.987 -0.992995 
-0.49781 -0.868968 -0.968302 
-0.49781 -0.975133 -0.864831 
-0.973226 -0.987 -0.499215 
-0.973226 -0.996299 -0.857449 
-0.973226 -0.868968 -0.986963 
-0.973226 -0.97381 -0.997961 
-0.973226 -0.989279 -0.474153 
-0.987 -0.996299 -0.962924 
-0.987 -0.989279 -0.854987 
-0.996299 -0.868968 -0.994867 
-0.996299 -0.989279 -0.486688 
-0.868968 -0.97381 -0.475819 
-0.868968 -0.989279 -0.989072 
-0.868968 -0.999541 -0.965922 
-0.97381 -0.989279 -0.997035 
-0.97381 -0.999541 -0.977129 
-0.856294 -0.968609 -0.461393 
-0.856294 -0.454145 -0.474317 
-0.856294 -0.462539 -0.965584 
-0.856294 -0.8597 -0.999955 
-0.968609 -0.454145 -0.864831 
-0.968609 -0.462539 -0.999132 
-0.980863 -0.971539 -0.97554 
-0.980863 -0.462539 -0.965348 
-0.980863 -0.991452 -0.446371 
-0.980863 -0.8597 -0.962871 
-0.980863 -0.995296 -0.850834 
-0.980863 -0.977776 -0.470199 
-0.454145 -0.462539 -0.850404 
-0.454145 -0.8597 -0.967438 
-0.454145 -0.977776 -0.998474 
-0.971539 -0.462539 -0.864706 
-0.971539 -0.991452 -0.954812 
-0.971539 -0.8597 -0.476548 
-0.971539 -0.977776 -0.998497 
-0.462539 -0.991452 -0.974078 
-0.462539 -0.8597 -0.458776 
-0.462539 -0.995296 -0.99936 
-0.462539 -0.977776 -0.976558 
-0.991452 -0.8597 -0.957331 
-0.991452 -0.995296 -0.961138 
-0.991452 -0.977776 -0.853288 
-0.8597 -0.977776 -0.986666 
-0.995296 -0.977776 -0.456536 
-0.990306 -0.998054 -0.453735 
-0.990306 -0.992774 -0.966051 
-0.990306 -0.950756 -0.970349 
-0.990306 -0.86988 -0.993993 
-0.990306 -0.444607 -0.989381 
-0.998054 -0.992774 -0.980717 
-0.998054 -0.950756 -0.984434 
-0.998054 -0.86988 -0.999901 
-0.998054 -0.444607 -0.997664 
-0.992774 -0.950756 -0.417959 
-0.992774 -0.86988 -0.858062 
-0.992774 -0.962643 -0.94844 
-0.992774 -0.951835 -0.987992 
-0.992774 -0.444607 -0.955796 
-0.992774 -0.996498 -0.959136 
-0.950756 -0.86988 -0.498217 
-0.950756 -0.962643 -0.843228 
-0.950756 -0.504668 -0.996687 
-0.950756 -0.951835 -0.941078 
-0.950756 -0.444607 -0.824737 
-0.950756 -0.973166 -0.991208 
-0.950756 -0.996498 -0.909139 
-0.86988 -0.962643 -0.564282 
-0.86988 -0.504668 -0.973357 
-0.86988 -0.951835 -0.788605 
-0.86988 -0.444607 -0.510117 
-0.86988 -0.973166 -0.944894 
-0.86988 -0.996498 -0.830935 
-0.970062 -0.863387 -0.464728 
-0.970062 -0.504668 -0.847854 
-0.970062 -0.444607 -0.998621 
-0.863387 -0.504668 -0.424793 
-0.863387 -0.444607 -0.965722 
-0.962643 -0.504668 -0.997174 
-0.962643 -0.951835 -0.471119 
-0.962643 -0.444607 -0.847035 
-0.962643 -0.973166 -0.871698 
-0.962643 -0.996498 -0.475028 
-0.504668 -0.951835 -0.991275 
-0.504668 -0.444607 -0.859525 
-0.504668 -0.973166 -0.995202 
-0.951835 -0.444607 -0.855045 
-0.951835 -0.973166 -0.489157 
-0.951835 -0.996498 -0.844531 
-0.444607 -0.973166 -0.940345 
-0.444607 -0.996498 -0.957591 
-0.973166 -0.996498 -0.965402 
-0.719141 -0.988473 -0.983948 
-0.719141 -0.453735 -0.859022 
-0.719141 -0.851761 -0.46499 
-0.719141 -0.997056 -0.999918 
-0.719141 -0.999558 -0.988179 
-0.719141 -0.704607 -0.721914 
-0.988473 -0.453735 -0.948321 
-0.988473 -0.851761 -0.918243 
-0.988473 -0.997056 -0.45146 
-0.988473 -0.999558 -0.495551 
-0.988473 -0.704607 -0.876528 
-0.453735 -0.966051 -0.980717 
-0.453735 -0.970349 -0.984434 
-0.453735 -0.851761 -0.84892 
-0.453735 -0.997056 -0.960747 
-0.453735 -0.993993 -0.999901 
-0.453735 -0.999558 -0.985438 
-0.453735 -0.704607 -0.462729 
-0.453735 -0.989381 -0.997664 
-0.453735 -0.98472 -0.992368 
-0.966051 -0.970349 -0.417959 
-0.966051 -0.993993 -0.858062 
-0.966051 -0.989381 -0.955796 
-0.966051 -0.98472 -0.494407 
-0.970349 -0.993993 -0.498217 
-0.970349 -0.989381 -0.824737 
-0.970349 -0.98472 -0.859157 
-0.851761 -0.997056 -0.97258 
-0.851761 -0.999558 -0.931507 
-0.851761 -0.704607 -0.482771 
-0.997056 -0.999558 -0.856223 
-0.997056 -0.704607 -0.930638 
-0.993993 -0.989381 -0.510117 
-0.993993 -0.98472 -0.972265 
-0.999558 -0.704607 -0.943222 
-0.989381 -0.98472 -0.99862 
-0.966962 -0.845946 -0.461393 
-0.845946 -0.977192 -0.992525 
-0.845946 -0.995974 -0.992995 
-0.845946 -0.492996 -0.968302 
-0.977192 -0.995974 -0.499215 
-0.977192 -0.993981 -0.857449 
-0.977192 -0.492996 -0.986963 
-0.977192 -0.872451 -0.997961 
-0.977192 -0.986881 -0.474153 
-0.995974 -0.993981 -0.962924 
-0.995974 -0.986881 -0.854987 
-0.993981 -0.492996 -0.994867 
-0.993981 -0.986881 -0.486688 
-0.983769 -0.492996 -0.951869 
-0.983769 -0.872451 -0.948525 
-0.983769 -0.999499 -0.407691 
-0.983769 -0.975012 -0.961397 
-0.983769 -0.989056 -0.876083 
-0.983769 -0.980805 -0.527129 
-0.492996 -0.872451 -0.475819 
-0.492996 -0.999499 -0.978014 
-0.492996 -0.986881 -0.989072 
-0.492996 -0.975012 -0.865447 
-0.492996 -0.989056 -0.988065 
-0.492996 -0.980805 -0.965922 
-0.872451 -0.999499 -0.962459 
-0.872451 -0.986881 -0.997035 
-0.872451 -0.975012 -0.464805 
-0.872451 -0.989056 -0.997955 
-0.872451 -0.980805 -0.977129 
-0.999499 -0.975012 -0.954812 
-0.999499 -0.989056 -0.970391 
-0.999499 -0.980805 -0.861734 
-0.975012 -0.980805 -0.990901 
-0.989056 -0.980805 -0.447036 
-0.983948 -0.859022 -0.948321 
-0.983948 -0.46499 -0.918243 
-0.983948 -0.999918 -0.45146 
-0.983948 -0.995361 -0.869584 
-0.983948 -0.988179 -0.495551 
-0.983948 -0.721914 -0.876528 
-0.859022 -0.46499 -0.84892 
-0.859022 -0.999918 -0.960747 
-0.859022 -0.988179 -0.985438 
-0.859022 -0.721914 -0.462729 
-0.46499 -0.999918 -0.97258 
-0.46499 -0.995361 -0.96265 
-0.46499 -0.988179 -0.931507 
-0.46499 -0.721914 -0.482771 
-0.999918 -0.995361 -0.970164 
-0.999918 -0.988179 -0.856223 
-0.999918 -0.721914 -0.930638 
-0.995361 -0.988179 -0.461667 
-0.995361 -0.721914 -0.98246 
-0.988179 -0.721914 -0.943222 
-0.461393 -0.474317 -0.864831 
-0.461393 -0.965584 -0.999132 
-0.474317 -0.965584 -0.850404 
-0.474317 -0.999955 -0.967438 
-0.965584 -0.999955 -0.458776 
-0.866195 -0.991183 -0.994584 
-0.866195 -0.829318 -0.808382 
-0.866195 -0.932292 -0.950256 
-0.866195 -0.542157 -0.510496 
-0.866195 -0.444683 -0.96982 
-0.866195 -0.97003 -0.42015 
-0.991183 -0.829318 -0.854668 
-0.991183 -0.932292 -0.489077 
-0.991183 -0.542157 -0.970441 
-0.829318 -0.859104 -0.992161 
-0.829318 -0.932292 -0.429281 
-0.829318 -0.542157 -0.517125 
-0.829318 -0.444683 -0.949653 
-0.829318 -0.97003 -0.925044 
-0.859104 -0.932292 -0.9987 
-0.859104 -0.542157 -0.97625 
-0.859104 -0.444683 -0.485074 
-0.859104 -0.966772 -0.447656 
-0.932292 -0.542157 -0.852741 
-0.932292 -0.444683 -0.978596 
-0.932292 -0.97003 -0.983435 
-0.542157 -0.444683 -0.878809 
-0.542157 -0.97003 -0.858222 
-0.444683 -0.966772 -0.859006 
-0.948321 -0.868751 -0.980925 
-0.948321 -0.918243 -0.84892 
-0.948321 -0.45146 -0.960747 
-0.948321 -0.996535 -0.988433 
-0.948321 -0.495551 -0.985438 
-0.948321 -0.876528 -0.462729 
-0.948321 -0.964784 -0.982726 
-0.868751 -0.918243 -0.99832 
-0.868751 -0.45146 -0.499215 
-0.868751 -0.996535 -0.857449 
-0.868751 -0.495551 -0.973152 
-0.868751 -0.876528 -0.975369 
-0.868751 -0.964784 -0.474153 
-0.918243 -0.45146 -0.97258 
-0.918243 -0.869584 -0.96265 
-0.918243 -0.973649 -0.993015 
-0.918243 -0.495551 -0.931507 
-0.918243 -0.876528 -0.482771 
-0.45146 -0.869584 -0.970164 
-0.45146 -0.996535 -0.962924 
-0.45146 -0.495551 -0.856223 
-0.45146 -0.876528 -0.930638 
-0.45146 -0.964784 -0.854987 
-0.869584 -0.973649 -0.466682 
-0.869584 -0.495551 -0.461667 
-0.869584 -0.876528 -0.98246 
-0.973649 -0.495551 -0.862228 
-0.996535 -0.876528 -0.99801 
-0.996535 -0.964784 -0.486688 
-0.495551 -0.876528 -0.943222 
-0.876528 -0.964784 -0.986411 
-0.980717 -0.984434 -0.417959 
-0.980717 -0.999901 -0.858062 
-0.980717 -0.997664 -0.955796 
-0.980717 -0.992368 -0.494407 
-0.980925 -0.84892 -0.99832 
-0.980925 -0.960747 -0.499215 
-0.980925 -0.988433 -0.857449 
-0.980925 -0.985438 -0.973152 
-0.980925 -0.462729 -0.975369 
-0.980925 -0.982726 -0.474153 
-0.980925 -0.996365 -0.965572 
-0.984434 -0.999901 -0.498217 
-0.984434 -0.997664 -0.824737 
-0.984434 -0.992368 -0.859157 
-0.84892 -0.960747 -0.97258 
-0.84892 -0.985438 -0.931507 
-0.84892 -0.462729 -0.482771 
-0.960747 -0.988433 -0.962924 
-0.960747 -0.985438 -0.856223 
-0.960747 -0.462729 -0.930638 
-0.960747 -0.982726 -0.854987 
-0.960747 -0.996365 -0.996697 
-0.999901 -0.997664 -0.510117 
-0.999901 -0.992368 -0.972265 
-0.988433 -0.462729 -0.99801 
-0.988433 -0.982726 -0.486688 
-0.988433 -0.996365 -0.407388 
-0.985438 -0.462729 -0.943222 
-0.462729 -0.982726 -0.986411 
-0.982726 -0.996365 -0.852795 
-0.997664 -0.992368 -0.99862 
-0.417959 -0.858062 -0.498217 
-0.417959 -0.977186 -0.961795 
-0.417959 -0.94844 -0.843228 
-0.417959 -0.984934 -0.995967 
-0.417959 -0.987992 -0.941078 
-0.417959 -0.955796 -0.824737 
-0.417959 -0.977274 -0.978526 
-0.417959 -0.494407 -0.859157 
-0.417959 -0.981116 -0.989321 
-0.417959 -0.990571 -0.988964 
-0.417959 -0.866506 -0.969386 
-0.417959 -0.959136 -0.909139 
-0.858062 -0.977186 -0.946656 
-0.858062 -0.94844 -0.564282 
-0.858062 -0.987992 -0.788605 
-0.858062 -0.955796 -0.510117 
-0.858062 -0.977274 -0.985576 
-0.858062 -0.494407 -0.972265 
-0.858062 -0.981116 -0.998826 
-0.858062 -0.990571 -0.989481 
-0.858062 -0.959136 -0.830935 
-0.977186 -0.94844 -0.85373 
-0.977186 -0.984934 -0.994584 
-0.977186 -0.987992 -0.962986 
-0.977186 -0.955796 -0.99409 
-0.977186 -0.977274 -0.808382 
-0.977186 -0.494407 -0.994071 
-0.977186 -0.981116 -0.950256 
-0.977186 -0.990571 -0.510496 
-0.977186 -0.959136 -0.42015 
-0.977443 -0.494407 -0.876083 
-0.977443 -0.866506 -0.527129 
-0.999376 -0.984934 -0.471458 
-0.999376 -0.977274 -0.967014 
-0.999376 -0.494407 -0.996227 
-0.999376 -0.981116 -0.86447 
-0.94844 -0.987992 -0.471119 
-0.94844 -0.955796 -0.847035 
-0.94844 -0.977274 -0.981986 
-0.94844 -0.494407 -0.99271 
-0.94844 -0.990571 -0.969804 
-0.94844 -0.959136 -0.475028 
-0.984934 -0.977274 -0.854668 
-0.984934 -0.494407 -0.979876 
-0.984934 -0.981116 -0.489077 
-0.984934 -0.990571 -0.970441 
-0.984934 -0.866506 -0.989524 
-0.987992 -0.955796 -0.855045 
-0.987992 -0.959136 -0.844531 
-0.955796 -0.494407 -0.99862 
-0.955796 -0.959136 -0.957591 
-0.977274 -0.494407 -0.986726 
-0.977274 -0.981116 -0.429281 
-0.977274 -0.990571 -0.517125 
-0.977274 -0.866506 -0.999111 
-0.977274 -0.959136 -0.925044 
-0.494407 -0.981116 -0.982405 
-0.494407 -0.990571 -0.996993 
-0.494407 -0.866506 -0.447036 
-0.494407 -0.959136 -0.991461 
-0.981116 -0.990571 -0.852741 
-0.981116 -0.866506 -0.993904 
-0.981116 -0.959136 -0.983435 
-0.990571 -0.959136 -0.858222 
-0.992525 -0.992995 -0.499215 
-0.992525 -0.968302 -0.986963 
-0.864831 -0.999132 -0.850404 
-0.99832 -0.499215 -0.97258 
-0.99832 -0.973152 -0.931507 
-0.99832 -0.975369 -0.482771 
-0.499215 -0.857449 -0.962924 
-0.499215 -0.973152 -0.856223 
-0.499215 -0.975369 -0.930638 
-0.499215 -0.474153 -0.854987 
-0.499215 -0.965572 -0.996697 
-0.857449 -0.986963 -0.994867 
-0.857449 -0.975369 -0.99801 
-0.857449 -0.998353 -0.836879 
-0.857449 -0.474153 -0.486688 
-0.857449 -0.965572 -0.407388 
-0.973152 -0.975369 -0.943222 
-0.986963 -0.997961 -0.475819 
-0.986963 -0.474153 -0.989072 
-0.997961 -0.474153 -0.997035 
-0.975369 -0.474153 -0.986411 
-0.998353 -0.474153 -0.965821 
-0.998353 -0.965572 -0.450013 
-0.474153 -0.965572 -0.852795 
-0.973926 -0.997337 -0.996794 
-0.973926 -0.470582 -0.868643 
-0.973926 -0.862402 -0.503121 
-0.997337 -0.470582 -0.991272 
-0.997337 -0.862402 -0.994348 
-0.997337 -0.995703 -0.851352 
-0.997337 -0.989229 -0.454374 
-0.470582 -0.484156 -0.8556 
-0.470582 -0.862402 -0.469164 
-0.470582 -0.865854 -0.965325 
-0.470582 -0.967005 -0.997276 
-0.470582 -0.995703 -0.998742 
-0.470582 -0.989229 -0.987479 
-0.484156 -0.862402 -0.970701 
-0.484156 -0.865854 -0.464728 
-0.484156 -0.988342 -0.98613 
-0.484156 -0.967005 -0.847854 
-0.484156 -0.984082 -0.981994 
-0.484156 -0.987635 -0.990386 
-0.484156 -0.989229 -0.999965 
-0.862402 -0.989229 -0.99465 
-0.865854 -0.988342 -0.998639 
-0.865854 -0.967005 -0.424793 
-0.865854 -0.984082 -0.996411 
-0.988342 -0.984082 -0.471458 
-0.988342 -0.987635 -0.86447 
-0.984082 -0.987635 -0.489077 
-0.995703 -0.987635 -0.9987 
-0.995703 -0.989229 -0.447656 
-0.498217 -0.961795 -0.946656 
-0.498217 -0.843228 -0.564282 
-0.498217 -0.996687 -0.973357 
-0.498217 -0.941078 -0.788605 
-0.498217 -0.824737 -0.510117 
-0.498217 -0.991208 -0.944894 
-0.498217 -0.978526 -0.985576 
-0.498217 -0.859157 -0.972265 
-0.498217 -0.989321 -0.998826 
-0.498217 -0.988964 -0.989481 
-0.498217 -0.909139 -0.830935 
-0.961795 -0.843228 -0.85373 
-0.961795 -0.995967 -0.994584 
-0.961795 -0.941078 -0.962986 
-0.961795 -0.824737 -0.99409 
-0.961795 -0.991208 -0.998543 
-0.961795 -0.978526 -0.808382 
-0.961795 -0.859157 -0.994071 
-0.961795 -0.989321 -0.950256 
-0.961795 -0.988964 -0.510496 
-0.961795 -0.909139 -0.42015 
-0.843228 -0.996687 -0.997174 
-0.843228 -0.941078 -0.471119 
-0.843228 -0.824737 -0.847035 
-0.843228 -0.991208 -0.871698 
-0.843228 -0.978526 -0.981986 
-0.843228 -0.859157 -0.99271 
-0.843228 -0.988964 -0.969804 
-0.843228 -0.909139 -0.475028 
-0.996687 -0.941078 -0.991275 
-0.996687 -0.824737 -0.859525 
-0.996687 -0.991208 -0.995202 
-0.995967 -0.978526 -0.854668 
-0.995967 -0.859157 -0.979876 
-0.995967 -0.989321 -0.489077 
-0.995967 -0.988964 -0.970441 
-0.995967 -0.969386 -0.989524 
-0.941078 -0.824737 -0.855045 
-0.941078 -0.991208 -0.489157 
-0.941078 -0.909139 -0.844531 
-0.824737 -0.991208 -0.940345 
-0.824737 -0.859157 -0.99862 
-0.824737 -0.909139 -0.957591 
-0.991208 -0.909139 -0.965402 
-0.978526 -0.859157 -0.986726 
-0.978526 -0.989321 -0.429281 
-0.978526 -0.988964 -0.517125 
-0.978526 -0.969386 -0.999111 
-0.978526 -0.909139 -0.925044 
-0.859157 -0.989321 -0.982405 
-0.859157 -0.988964 -0.996993 
-0.859157 -0.969386 -0.447036 
-0.859157 -0.909139 -0.991461 
-0.989321 -0.988964 -0.852741 
-0.989321 -0.969386 -0.993904 
-0.989321 -0.909139 -0.983435 
-0.988964 -0.909139 -0.858222 
-0.97258 -0.96265 -0.970164 
-0.97258 -0.931507 -0.856223 
-0.97258 -0.482771 -0.930638 
-0.96265 -0.993015 -0.466682 
-0.96265 -0.931507 -0.461667 
-0.96265 -0.482771 -0.98246 
-0.993015 -0.931507 -0.862228 
-0.931507 -0.482771 -0.943222 
-0.86933 -0.961095 -0.561577 
-0.86933 -0.503121 -0.976289 
-0.86933 -0.948286 -0.557029 
-0.86933 -0.434807 -0.512607 
-0.86933 -0.992146 -0.878018 
-0.996794 -0.868643 -0.991272 
-0.996794 -0.503121 -0.994348 
-0.961095 -0.503121 -0.998035 
-0.961095 -0.948286 -0.874696 
-0.961095 -0.434807 -0.84736 
-0.961095 -0.992146 -0.964148 
-0.868643 -0.503121 -0.469164 
-0.868643 -0.434807 -0.970128 
-0.503121 -0.948286 -0.996525 
-0.503121 -0.434807 -0.864002 
-0.948286 -0.434807 -0.826423 
-0.948286 -0.992146 -0.456536 
-0.434807 -0.992146 -0.957489 
-0.561577 -0.976289 -0.998035 
-0.561577 -0.972265 -0.999067 
-0.561577 -0.557029 -0.874696 
-0.561577 -0.976324 -0.851509 
-0.561577 -0.512607 -0.84736 
-0.561577 -0.878018 -0.964148 
-0.976289 -0.557029 -0.996525 
-0.976289 -0.512607 -0.864002 
-0.972265 -0.557029 -0.850834 
-0.972265 -0.512607 -0.993478 
-0.972265 -0.878018 -0.470199 
-0.557029 -0.512607 -0.826423 
-0.557029 -0.878018 -0.456536 
-0.976324 -0.512607 -0.99586 
-0.512607 -0.878018 -0.957489 
-0.970164 -0.856223 -0.461667 
-0.970164 -0.930638 -0.98246 
-0.962924 -0.930638 -0.99801 
-0.962924 -0.854987 -0.486688 
-0.962924 -0.996697 -0.407388 
-0.856223 -0.930638 -0.943222 
-0.930638 -0.854987 -0.986411 
-0.854987 -0.996697 -0.852795 
-0.845078 -0.455946 -0.466682 
-0.845078 -0.967065 -0.461667 
-0.845078 -0.851352 -0.997606 
-0.845078 -0.454374 -0.9636 
-0.991272 -0.994348 -0.469164 
-0.991272 -0.851352 -0.998742 
-0.991272 -0.454374 -0.987479 
-0.455946 -0.967065 -0.862228 
-0.455946 -0.851352 -0.963645 
-0.455946 -0.454374 -0.852768 
-0.994348 -0.454374 -0.99465 
-0.967065 -0.454374 -0.999603 
-0.851352 -0.970088 -0.485074 
-0.851352 -0.454374 -0.447656 
-0.970088 -0.454374 -0.859006 
-0.946656 -0.564282 -0.85373 
-0.946656 -0.788605 -0.962986 
-0.946656 -0.510117 -0.99409 
-0.946656 -0.944894 -0.998543 
-0.946656 -0.985576 -0.808382 
-0.946656 -0.972265 -0.994071 
-0.946656 -0.998826 -0.950256 
-0.946656 -0.989481 -0.510496 
-0.946656 -0.830935 -0.42015 
-0.564282 -0.973357 -0.997174 
-0.564282 -0.788605 -0.471119 
-0.564282 -0.510117 -0.847035 
-0.564282 -0.944894 -0.871698 
-0.564282 -0.985576 -0.981986 
-0.564282 -0.972265 -0.99271 
-0.564282 -0.989481 -0.969804 
-0.564282 -0.830935 -0.475028 
-0.973357 -0.788605 -0.991275 
-0.973357 -0.510117 -0.859525 
-0.973357 -0.944894 -0.995202 
-0.788605 -0.510117 -0.855045 
-0.788605 -0.944894 -0.489157 
-0.788605 -0.830935 -0.844531 
-0.510117 -0.944894 -0.940345 
-0.510117 -0.972265 -0.99862 
-0.510117 -0.830935 -0.957591 
-0.944894 -0.830935 -0.965402 
-0.985576 -0.972265 -0.986726 
-0.985576 -0.998826 -0.429281 
-0.985576 -0.989481 -0.517125 
-0.985576 -0.830935 -0.925044 
-0.972265 -0.998826 -0.982405 
-0.972265 -0.989481 -0.996993 
-0.972265 -0.830935 -0.991461 
-0.998826 -0.989481 -0.852741 
-0.998826 -0.830935 -0.983435 
-0.989481 -0.830935 -0.858222 
-0.998035 -0.874696 -0.996525 
-0.998035 -0.84736 -0.864002 
-0.999067 -0.874696 -0.850834 
-0.999067 -0.84736 -0.993478 
-0.999067 -0.964148 -0.470199 
-0.970944 -0.851509 -0.489157 
-0.874696 -0.84736 -0.826423 
-0.874696 -0.964148 -0.456536 
-0.851509 -0.84736 -0.99586 
-0.84736 -0.964148 -0.957489 
-0.466682 -0.461667 -0.862228 
-0.466682 -0.997606 -0.963645 
-0.466682 -0.9636 -0.852768 
-0.461667 -0.98246 -0.943222 
-0.461667 -0.9636 -0.999603 
-0.997606 -0.9636 -0.447656 
-0.8556 -0.469164 -0.970701 
-0.8556 -0.965325 -0.464728 
-0.8556 -0.997276 -0.847854 
-0.8556 -0.987479 -0.999965 
-0.469164 -0.970128 -0.864002 
-0.469164 -0.987479 -0.99465 
-0.965325 -0.997276 -0.424793 
-0.998742 -0.987479 -0.447656 
-0.970701 -0.999965 -0.99465 
-0.464728 -0.98613 -0.998639 
-0.464728 -0.847854 -0.424793 
-0.464728 -0.981994 -0.996411 
-0.464728 -0.998621 -0.965722 
-0.98613 -0.981994 -0.471458 
-0.98613 -0.990386 -0.86447 
-0.847854 -0.998621 -0.859525 
-0.981994 -0.990386 -0.489077 
-0.862228 -0.852768 -0.999603 
-0.963645 -0.852768 -0.447656 
-0.994867 -0.486688 -0.989072 
-0.99801 -0.486688 -0.986411 
-0.836879 -0.486688 -0.965821 
-0.836879 -0.407388 -0.450013 
-0.836879 -0.961809 -0.471458 
-0.836879 -0.99797 -0.86447 
-0.486688 -0.407388 -0.852795 
-0.486688 -0.961809 -0.998909 
-0.407388 -0.961809 -0.858156 
-0.407388 -0.99797 -0.96943 
-0.961809 -0.99797 -0.489077 
-0.996525 -0.864002 -0.826423 
-0.85373 -0.962986 -0.471119 
-0.85373 -0.99409 -0.847035 
-0.85373 -0.998543 -0.871698 
-0.85373 -0.808382 -0.981986 
-0.85373 -0.994071 -0.99271 
-0.85373 -0.510496 -0.969804 
-0.85373 -0.42015 -0.475028 
-0.994584 -0.808382 -0.854668 
-0.994584 -0.994071 -0.979876 
-0.994584 -0.950256 -0.489077 
-0.994584 -0.510496 -0.970441 
-0.962986 -0.99409 -0.855045 
-0.962986 -0.998543 -0.489157 
-0.962986 -0.42015 -0.844531 
-0.99409 -0.998543 -0.940345 
-0.99409 -0.994071 -0.99862 
-0.99409 -0.42015 -0.957591 
-0.998543 -0.42015 -0.965402 
-0.808382 -0.994071 -0.986726 
-0.808382 -0.950256 -0.429281 
-0.808382 -0.510496 -0.517125 
-0.808382 -0.96982 -0.949653 
-0.808382 -0.42015 -0.925044 
-0.994071 -0.950256 -0.982405 
-0.994071 -0.510496 -0.996993 
-0.994071 -0.42015 -0.991461 
-0.950256 -0.510496 -0.852741 
-0.950256 -0.96982 -0.978596 
-0.950256 -0.42015 -0.983435 
-0.510496 -0.96982 -0.878809 
-0.510496 -0.42015 -0.858222 
-0.951869 -0.986963 -0.971385 
-0.951869 -0.948525 -0.475819 
-0.951869 -0.407691 -0.978014 
-0.951869 -0.961397 -0.865447 
-0.951869 -0.849363 -0.995906 
-0.951869 -0.876083 -0.988065 
-0.951869 -0.527129 -0.965922 
-0.986963 -0.948525 -0.856806 
-0.986963 -0.407691 -0.97554 
-0.986963 -0.967331 -0.965348 
-0.986963 -0.961397 -0.446371 
-0.986963 -0.849363 -0.962871 
-0.948525 -0.407691 -0.962459 
-0.948525 -0.967331 -0.995156 
-0.948525 -0.961397 -0.464805 
-0.948525 -0.849363 -0.97985 
-0.948525 -0.876083 -0.997955 
-0.948525 -0.527129 -0.977129 
-0.407691 -0.967331 -0.864706 
-0.407691 -0.961397 -0.954812 
-0.407691 -0.849363 -0.476548 
-0.407691 -0.876083 -0.970391 
-0.407691 -0.527129 -0.861734 
-0.967331 -0.961397 -0.974078 
-0.967331 -0.849363 -0.458776 
-0.961397 -0.849363 -0.957331 
-0.961397 -0.527129 -0.990901 
-0.849363 -0.527129 -0.972383 
-0.876083 -0.527129 -0.447036 
-0.971385 -0.475819 -0.856806 
-0.971385 -0.978014 -0.97554 
-0.971385 -0.865447 -0.446371 
-0.971385 -0.995906 -0.962871 
-0.475819 -0.978014 -0.962459 
-0.475819 -0.989072 -0.997035 
-0.475819 -0.865447 -0.464805 
-0.475819 -0.995906 -0.97985 
-0.475819 -0.988065 -0.997955 
-0.475819 -0.965922 -0.977129 
-0.978014 -0.865447 -0.954812 
-0.978014 -0.995906 -0.476548 
-0.978014 -0.988065 -0.970391 
-0.978014 -0.965922 -0.861734 
-0.865447 -0.995906 -0.957331 
-0.865447 -0.965922 -0.990901 
-0.995906 -0.965922 -0.972383 
-0.988065 -0.965922 -0.447036 
-0.856806 -0.97554 -0.962459 
-0.856806 -0.965348 -0.995156 
-0.856806 -0.446371 -0.464805 
-0.856806 -0.962871 -0.97985 
-0.856806 -0.850834 -0.998072 
-0.856806 -0.470199 -0.969031 
-0.97554 -0.965348 -0.864706 
-0.97554 -0.446371 -0.954812 
-0.97554 -0.962871 -0.476548 
-0.97554 -0.470199 -0.998497 
-0.965348 -0.446371 -0.974078 
-0.965348 -0.962871 -0.458776 
-0.965348 -0.850834 -0.99936 
-0.965348 -0.470199 -0.976558 
-0.446371 -0.962871 -0.957331 
-0.446371 -0.850834 -0.961138 
-0.446371 -0.470199 -0.853288 
-0.962871 -0.470199 -0.986666 
-0.850834 -0.993478 -0.826423 
-0.850834 -0.470199 -0.456536 
-0.993478 -0.470199 -0.957489 
-0.962459 -0.995156 -0.864706 
-0.962459 -0.464805 -0.954812 
-0.962459 -0.97985 -0.476548 
-0.962459 -0.969031 -0.998497 
-0.962459 -0.997955 -0.970391 
-0.962459 -0.977129 -0.861734 
-0.995156 -0.464805 -0.974078 
-0.995156 -0.97985 -0.458776 
-0.995156 -0.998072 -0.99936 
-0.995156 -0.969031 -0.976558 
-0.464805 -0.97985 -0.957331 
-0.464805 -0.998072 -0.961138 
-0.464805 -0.969031 -0.853288 
-0.464805 -0.977129 -0.990901 
-0.97985 -0.969031 -0.986666 
-0.97985 -0.977129 -0.972383 
-0.998072 -0.969031 -0.456536 
-0.997955 -0.977129 -0.447036 
-0.998639 -0.996411 -0.471458 
-0.424793 -0.965722 -0.859525 
-0.850404 -0.967438 -0.458776 
-0.850404 -0.998474 -0.976558 
-0.967438 -0.998474 -0.986666 
-0.864706 -0.954812 -0.974078 
-0.864706 -0.476548 -0.458776 
-0.864706 -0.998497 -0.976558 
-0.954812 -0.476548 -0.957331 
-0.954812 -0.998497 -0.853288 
-0.954812 -0.861734 -0.990901 
-0.476548 -0.998497 -0.986666 
-0.476548 -0.861734 -0.972383 
-0.970391 -0.861734 -0.447036 
-0.965821 -0.450013 -0.852795 
-0.965821 -0.471458 -0.998909 
-0.450013 -0.471458 -0.858156 
-0.450013 -0.967014 -0.998946 
-0.450013 -0.86447 -0.96943 
-0.471458 -0.967014 -0.854668 
-0.471458 -0.996227 -0.979876 
-0.471458 -0.86447 -0.489077 
-0.967014 -0.996227 -0.986726 
-0.967014 -0.86447 -0.429281 
-0.996227 -0.86447 -0.982405 
-0.852795 -0.998909 -0.858156 
-0.997174 -0.471119 -0.991275 
-0.997174 -0.847035 -0.859525 
-0.997174 -0.871698 -0.995202 
-0.471119 -0.847035 -0.855045 
-0.471119 -0.871698 -0.489157 
-0.471119 -0.475028 -0.844531 
-0.847035 -0.871698 -0.940345 
-0.847035 -0.99271 -0.99862 
-0.847035 -0.475028 -0.957591 
-0.871698 -0.475028 -0.965402 
-0.981986 -0.99271 -0.986726 
-0.981986 -0.969804 -0.517125 
-0.981986 -0.475028 -0.925044 
-0.99271 -0.969804 -0.996993 
-0.99271 -0.475028 -0.991461 
-0.969804 -0.475028 -0.858222 
-0.991275 -0.859525 -0.855045 
-0.991275 -0.995202 -0.489157 
-0.859525 -0.995202 -0.940345 
-0.974078 -0.458776 -0.957331 
-0.974078 -0.99936 -0.961138 
-0.974078 -0.976558 -0.853288 
-0.458776 -0.976558 -0.986666 
-0.99936 -0.976558 -0.456536 
-0.957331 -0.853288 -0.986666 
-0.957331 -0.990901 -0.972383 
-0.961138 -0.853288 -0.456536 
-0.858156 -0.998946 -0.854668 
-0.858156 -0.96943 -0.489077 
-0.998946 -0.96943 -0.429281 
-0.854668 -0.979876 -0.986726 
-0.854668 -0.489077 -0.429281 
-0.854668 -0.970441 -0.517125 
-0.854668 -0.989524 -0.999111 
-0.979876 -0.489077 -0.982405 
-0.979876 -0.970441 -0.996993 
-0.979876 -0.989524 -0.447036 
-0.489077 -0.970441 -0.852741 
-0.489077 -0.989524 -0.993904 
-0.855045 -0.489157 -0.940345 
-0.855045 -0.844531 -0.957591 
-0.489157 -0.844531 -0.965402 
-0.940345 -0.957591 -0.965402 
-0.99862 -0.957591 -0.991461 
-0.826423 -0.456536 -0.957489 
-0.992161 -0.429281 -0.9987 
-0.992161 -0.517125 -0.97625 
-0.992161 -0.949653 -0.485074 
-0.986726 -0.429281 -0.982405 
-0.986726 -0.517125 -0.996993 
-0.986726 -0.999111 -0.447036 
-0.986726 -0.925044 -0.991461 
-0.429281 -0.517125 -0.852741 
-0.429281 -0.949653 -0.978596 
-0.429281 -0.999111 -0.993904 
-0.429281 -0.925044 -0.983435 
-0.517125 -0.949653 -0.878809 
-0.517125 -0.925044 -0.858222 
-0.9987 -0.97625 -0.852741 
-0.9987 -0.485074 -0.978596 
-0.97625 -0.485074 -0.878809 
-0.485074 -0.447656 -0.859006 
-0.982405 -0.996993 -0.852741 
-0.982405 -0.447036 -0.993904 
-0.982405 -0.991461 -0.983435 
-0.996993 -0.991461 -0.858222 
-0.852741 -0.978596 -0.878809 
-0.852741 -0.983435 -0.858222 
