-0.474018 -0.483352 -0.72674 -0.853943 -0.460161 -0.867239 
-0.474018 -0.483352 -0.72674 -0.854582 -0.859946 -0.471465 
-0.474018 -0.483352 -0.72674 -0.86255 -0.712142 -0.729525 
-0.474018 -0.853943 -0.460161 -0.998589 -0.974741 -0.989472 
-0.474018 -0.853943 -0.460161 -0.854582 -0.859946 -0.857092 
-0.474018 -0.853943 -0.460161 -0.86255 -0.712142 -0.469194 
-0.474018 -0.854582 -0.859946 -0.86255 -0.712142 -0.489325 
-0.483352 -0.853943 -0.867239 -0.854582 -0.471465 -0.857092 
-0.483352 -0.853943 -0.867239 -0.86255 -0.729525 -0.469194 
-0.483352 -0.854582 -0.471465 -0.86255 -0.729525 -0.489325 
-0.853943 -0.854582 -0.857092 -0.86255 -0.469194 -0.489325 
-0.88605 -0.425507 -0.568479 -0.978488 -0.563912 -0.882983 
-0.88605 -0.425507 -0.568479 -0.471033 -0.985059 -0.859693 
-0.88605 -0.425507 -0.568479 -0.963078 -0.519293 -0.855525 
-0.88605 -0.978488 -0.563912 -0.963078 -0.519293 -0.834496 
-0.425507 -0.877721 -0.979656 -0.471033 -0.859693 -0.495739 
-0.425507 -0.978488 -0.882983 -0.963078 -0.855525 -0.834496 
-0.983007 -0.877721 -0.477621 -0.997755 -0.855199 -0.863245 
-0.983007 -0.877721 -0.477621 -0.471033 -0.879971 -0.495739 
-0.983007 -0.997755 -0.855199 -0.471033 -0.879971 -0.948922 
-0.877721 -0.997755 -0.863245 -0.471033 -0.495739 -0.948922 
-0.466082 -0.878752 -0.975656 -0.504431 -0.854106 -0.467853 
-0.466082 -0.504431 -0.854106 -0.877229 -0.499595 -0.977002 
-0.466082 -0.981948 -0.985931 -0.877229 -0.499595 -0.995745 
-0.466082 -0.981948 -0.985931 -0.998072 -0.995664 -0.480669 
-0.466082 -0.877229 -0.499595 -0.982535 -0.880728 -0.482342 
-0.466082 -0.877229 -0.499595 -0.998072 -0.995664 -0.997864 
-0.878752 -0.504431 -0.467853 -0.983864 -0.480834 -0.873074 
-0.981948 -0.995782 -0.505841 -0.998072 -0.480669 -0.863186 
-0.981948 -0.877229 -0.995745 -0.998072 -0.480669 -0.997864 
-0.864499 -0.97731 -0.467853 -0.460573 -0.480834 -0.873074 
-0.864499 -0.460573 -0.480834 -0.469004 -0.974272 -0.858583 
-0.989619 -0.980253 -0.984272 -0.469004 -0.974035 -0.872949 
-0.989619 -0.980253 -0.984272 -0.86792 -0.971547 -0.483074 
-0.989619 -0.469004 -0.974035 -0.86792 -0.971547 -0.465224 
-0.989619 -0.469004 -0.974035 -0.986518 -0.476698 -0.985294 
-0.989619 -0.86792 -0.971547 -0.986518 -0.476698 -0.995448 
-0.460573 -0.469004 -0.858583 -0.86792 -0.976134 -0.465224 
-0.980253 -0.469004 -0.872949 -0.86792 -0.483074 -0.465224 
-0.469004 -0.86792 -0.465224 -0.986518 -0.985294 -0.995448 
-0.999103 -0.959378 -0.979058 -0.450992 -0.998174 -0.832803 
-0.959378 -0.878145 -0.504839 -0.971319 -0.851376 -0.571197 
-0.959378 -0.878145 -0.504839 -0.960463 -0.949658 -0.796511 
-0.959378 -0.878145 -0.504839 -0.450992 -0.832803 -0.516792 
-0.959378 -0.971319 -0.851376 -0.960463 -0.949658 -0.477621 
-0.959378 -0.971319 -0.851376 -0.450992 -0.832803 -0.855199 
-0.959378 -0.960463 -0.949658 -0.450992 -0.832803 -0.863245 
-0.878145 -0.971319 -0.571197 -0.960463 -0.796511 -0.477621 
-0.878145 -0.971319 -0.571197 -0.450992 -0.516792 -0.855199 
-0.878145 -0.971319 -0.571197 -0.981888 -0.953491 -0.879971 
-0.878145 -0.511319 -0.982079 -0.450992 -0.516792 -0.867744 
-0.878145 -0.960463 -0.796511 -0.450992 -0.516792 -0.863245 
-0.878145 -0.960463 -0.796511 -0.981888 -0.953491 -0.495739 
-0.878145 -0.450992 -0.516792 -0.981888 -0.953491 -0.948922 
-0.97877 -0.871623 -0.471203 -0.511319 -0.856022 -0.431091 
-0.871623 -0.511319 -0.431091 -0.450992 -0.97441 -0.867744 
-0.971319 -0.960463 -0.477621 -0.450992 -0.855199 -0.863245 
-0.971319 -0.960463 -0.477621 -0.981888 -0.879971 -0.495739 
-0.971319 -0.450992 -0.855199 -0.981888 -0.879971 -0.948922 
-0.960463 -0.450992 -0.863245 -0.981888 -0.495739 -0.948922 
-0.72674 -0.997262 -0.992718 -0.460161 -0.867239 -0.956933 
-0.72674 -0.997262 -0.992718 -0.859946 -0.471465 -0.926722 
-0.72674 -0.997262 -0.992718 -0.712142 -0.729525 -0.884822 
-0.72674 -0.460161 -0.867239 -0.859946 -0.471465 -0.857092 
-0.72674 -0.460161 -0.867239 -0.712142 -0.729525 -0.469194 
-0.72674 -0.859946 -0.471465 -0.712142 -0.729525 -0.489325 
-0.997262 -0.460161 -0.956933 -0.859946 -0.926722 -0.857092 
-0.997262 -0.460161 -0.956933 -0.712142 -0.884822 -0.469194 
-0.997262 -0.859946 -0.926722 -0.712142 -0.884822 -0.489325 
-0.460161 -0.974741 -0.989472 -0.979058 -0.993205 -0.424227 
-0.460161 -0.859946 -0.857092 -0.712142 -0.469194 -0.489325 
-0.974741 -0.979058 -0.424227 -0.998174 -0.964441 -0.832803 
-0.974741 -0.979058 -0.424227 -0.993492 -0.501012 -0.867375 
-0.985931 -0.499595 -0.995745 -0.995664 -0.480669 -0.997864 
-0.992537 -0.499595 -0.960497 -0.880728 -0.957137 -0.482342 
-0.992537 -0.499595 -0.960497 -0.983742 -0.970067 -0.873693 
-0.992537 -0.499595 -0.960497 -0.997848 -0.884376 -0.996852 
-0.992537 -0.499595 -0.960497 -0.989561 -0.533879 -0.974611 
-0.992537 -0.880728 -0.957137 -0.983742 -0.970067 -0.47128 
-0.992537 -0.880728 -0.957137 -0.989561 -0.533879 -0.985868 
-0.992537 -0.983742 -0.970067 -0.989561 -0.533879 -0.999701 
-0.992537 -0.997848 -0.884376 -0.989561 -0.533879 -0.453432 
-0.499595 -0.880728 -0.482342 -0.983742 -0.873693 -0.47128 
-0.499595 -0.880728 -0.482342 -0.989561 -0.974611 -0.985868 
-0.499595 -0.983742 -0.873693 -0.989561 -0.974611 -0.999701 
-0.499595 -0.997848 -0.996852 -0.989561 -0.974611 -0.453432 
-0.880728 -0.983742 -0.47128 -0.989561 -0.985868 -0.999701 
-0.992718 -0.867239 -0.956933 -0.471465 -0.926722 -0.857092 
-0.992718 -0.867239 -0.956933 -0.996967 -0.502161 -0.994214 
-0.992718 -0.867239 -0.956933 -0.729525 -0.884822 -0.469194 
-0.992718 -0.471465 -0.926722 -0.996967 -0.502161 -0.940045 
-0.992718 -0.471465 -0.926722 -0.729525 -0.884822 -0.489325 
-0.992718 -0.996967 -0.502161 -0.729525 -0.884822 -0.951811 
-0.867239 -0.471465 -0.857092 -0.996967 -0.994214 -0.940045 
-0.867239 -0.471465 -0.857092 -0.729525 -0.469194 -0.489325 
-0.867239 -0.996967 -0.994214 -0.729525 -0.469194 -0.951811 
-0.471465 -0.996967 -0.940045 -0.729525 -0.489325 -0.951811 
-0.874443 -0.837404 -0.816376 -0.940833 -0.958877 -0.435599 
-0.874443 -0.837404 -0.816376 -0.548974 -0.517173 -0.523831 
-0.874443 -0.837404 -0.816376 -0.451068 -0.978527 -0.958271 
-0.874443 -0.837404 -0.816376 -0.978738 -0.426427 -0.933553 
-0.874443 -0.940833 -0.958877 -0.548974 -0.517173 -0.86093 
-0.874443 -0.940833 -0.958877 -0.451068 -0.978527 -0.987341 
-0.874443 -0.940833 -0.958877 -0.978738 -0.426427 -0.992202 
-0.874443 -0.548974 -0.517173 -0.451068 -0.978527 -0.887114 
-0.874443 -0.548974 -0.517173 -0.978738 -0.426427 -0.866436 
-0.999984 -0.837404 -0.862866 -0.940833 -0.495659 -0.435599 
-0.999984 -0.837404 -0.862866 -0.548974 -0.97915 -0.523831 
-0.999984 -0.940833 -0.495659 -0.548974 -0.97915 -0.86093 
-0.837404 -0.940833 -0.435599 -0.548974 -0.523831 -0.86093 
-0.837404 -0.940833 -0.435599 -0.451068 -0.958271 -0.987341 
-0.837404 -0.940833 -0.435599 -0.978738 -0.933553 -0.992202 
-0.837404 -0.548974 -0.523831 -0.451068 -0.958271 -0.887114 
-0.837404 -0.548974 -0.523831 -0.978738 -0.933553 -0.866436 
-0.867321 -0.548974 -0.984986 -0.451068 -0.491638 -0.887114 
-0.867321 -0.451068 -0.491638 -0.975465 -0.454055 -0.867223 
-0.940833 -0.548974 -0.86093 -0.451068 -0.987341 -0.887114 
-0.940833 -0.548974 -0.86093 -0.978738 -0.992202 -0.866436 
-0.956933 -0.877012 -0.989681 -0.457876 -0.969414 -0.505841 
-0.956933 -0.877012 -0.989681 -0.502161 -0.994214 -0.981873 
-0.956933 -0.877012 -0.989681 -0.884822 -0.469194 -0.984101 
-0.956933 -0.877012 -0.989681 -0.973469 -0.99149 -0.480669 
-0.956933 -0.926722 -0.857092 -0.457876 -0.969414 -0.981299 
-0.956933 -0.926722 -0.857092 -0.502161 -0.994214 -0.940045 
-0.956933 -0.926722 -0.857092 -0.884822 -0.469194 -0.489325 
-0.956933 -0.457876 -0.969414 -0.502161 -0.994214 -0.864428 
-0.956933 -0.457876 -0.969414 -0.884822 -0.469194 -0.939172 
-0.956933 -0.457876 -0.969414 -0.973469 -0.99149 -0.863186 
-0.956933 -0.502161 -0.994214 -0.884822 -0.469194 -0.951811 
-0.956933 -0.884822 -0.469194 -0.973469 -0.99149 -0.995191 
-0.877012 -0.457876 -0.505841 -0.502161 -0.981873 -0.864428 
-0.877012 -0.457876 -0.505841 -0.884822 -0.984101 -0.939172 
-0.877012 -0.457876 -0.505841 -0.973469 -0.480669 -0.863186 
-0.877012 -0.502161 -0.981873 -0.884822 -0.984101 -0.951811 
-0.877012 -0.884822 -0.984101 -0.973469 -0.480669 -0.995191 
-0.926722 -0.457876 -0.981299 -0.877847 -0.971325 -0.978872 
-0.926722 -0.457876 -0.981299 -0.502161 -0.940045 -0.864428 
-0.926722 -0.457876 -0.981299 -0.884822 -0.489325 -0.939172 
-0.926722 -0.877847 -0.971325 -0.502161 -0.940045 -0.468128 
-0.926722 -0.877847 -0.971325 -0.884822 -0.489325 -0.991223 
-0.926722 -0.502161 -0.940045 -0.884822 -0.489325 -0.951811 
-0.457876 -0.877847 -0.978872 -0.502161 -0.864428 -0.468128 
-0.457876 -0.877847 -0.978872 -0.884822 -0.939172 -0.991223 
-0.457876 -0.502161 -0.864428 -0.884822 -0.939172 -0.951811 
-0.457876 -0.884822 -0.939172 -0.973469 -0.863186 -0.995191 
-0.877847 -0.982373 -0.473165 -0.502161 -0.468128 -0.87046 
-0.877847 -0.502161 -0.468128 -0.884822 -0.991223 -0.951811 
-0.989681 -0.969414 -0.505841 -0.997222 -0.865659 -0.971601 
-0.989681 -0.969414 -0.505841 -0.994214 -0.981873 -0.864428 
-0.989681 -0.969414 -0.505841 -0.469194 -0.984101 -0.939172 
-0.989681 -0.969414 -0.505841 -0.99149 -0.480669 -0.863186 
-0.989681 -0.997222 -0.865659 -0.99149 -0.480669 -0.49326 
-0.989681 -0.994214 -0.981873 -0.469194 -0.984101 -0.951811 
-0.989681 -0.469194 -0.984101 -0.99149 -0.480669 -0.995191 
-0.857092 -0.969414 -0.981299 -0.994214 -0.940045 -0.864428 
-0.857092 -0.969414 -0.981299 -0.469194 -0.489325 -0.939172 
-0.857092 -0.994214 -0.940045 -0.469194 -0.489325 -0.951811 
-0.969414 -0.997222 -0.971601 -0.99149 -0.863186 -0.49326 
-0.969414 -0.994214 -0.864428 -0.469194 -0.939172 -0.951811 
-0.969414 -0.469194 -0.939172 -0.99149 -0.863186 -0.995191 
-0.424227 -0.866275 -0.504839 -0.985926 -0.970467 -0.95526 
-0.424227 -0.866275 -0.504839 -0.957053 -0.851376 -0.571197 
-0.424227 -0.866275 -0.504839 -0.996779 -0.949658 -0.796511 
-0.424227 -0.866275 -0.504839 -0.964441 -0.832803 -0.516792 
-0.424227 -0.866275 -0.504839 -0.986014 -0.987272 -0.994352 
-0.424227 -0.866275 -0.504839 -0.501012 -0.867375 -0.980983 
-0.424227 -0.866275 -0.504839 -0.99937 -0.997756 -0.998275 
-0.424227 -0.866275 -0.504839 -0.967796 -0.917578 -0.839028 
-0.424227 -0.985926 -0.970467 -0.957053 -0.851376 -0.861924 
-0.424227 -0.985926 -0.970467 -0.996779 -0.949658 -0.971663 
-0.424227 -0.985926 -0.970467 -0.986014 -0.987272 -0.816376 
-0.424227 -0.985926 -0.970467 -0.989872 -0.998114 -0.958877 
-0.424227 -0.985926 -0.970467 -0.99937 -0.997756 -0.517173 
-0.424227 -0.985926 -0.970467 -0.967796 -0.917578 -0.426427 
-0.424227 -0.957053 -0.851376 -0.996779 -0.949658 -0.477621 
-0.424227 -0.957053 -0.851376 -0.964441 -0.832803 -0.855199 
-0.424227 -0.957053 -0.851376 -0.986014 -0.987272 -0.990746 
-0.424227 -0.957053 -0.851376 -0.99937 -0.997756 -0.978511 
-0.424227 -0.957053 -0.851376 -0.967796 -0.917578 -0.481547 
-0.424227 -0.996779 -0.949658 -0.964441 -0.832803 -0.863245 
-0.424227 -0.996779 -0.949658 -0.967796 -0.917578 -0.852684 
-0.424227 -0.964441 -0.832803 -0.967796 -0.917578 -0.966244 
-0.424227 -0.986014 -0.987272 -0.501012 -0.867375 -0.995507 
-0.424227 -0.986014 -0.987272 -0.989872 -0.998114 -0.435599 
-0.424227 -0.986014 -0.987272 -0.99937 -0.997756 -0.523831 
-0.424227 -0.986014 -0.987272 -0.967796 -0.917578 -0.933553 
-0.424227 -0.501012 -0.867375 -0.989872 -0.998114 -0.991168 
-0.424227 -0.501012 -0.867375 -0.874756 -0.978091 -0.453432 
-0.424227 -0.989872 -0.998114 -0.99937 -0.997756 -0.86093 
-0.424227 -0.989872 -0.998114 -0.967796 -0.917578 -0.992202 
-0.424227 -0.99937 -0.997756 -0.967796 -0.917578 -0.866436 
-0.866275 -0.985926 -0.95526 -0.957053 -0.571197 -0.861924 
-0.866275 -0.985926 -0.95526 -0.996779 -0.796511 -0.971663 
-0.866275 -0.985926 -0.95526 -0.986014 -0.994352 -0.816376 
-0.866275 -0.985926 -0.95526 -0.99937 -0.998275 -0.517173 
-0.866275 -0.985926 -0.95526 -0.967796 -0.839028 -0.426427 
-0.866275 -0.957053 -0.571197 -0.996779 -0.796511 -0.477621 
-0.866275 -0.957053 -0.571197 -0.964441 -0.516792 -0.855199 
-0.866275 -0.957053 -0.571197 -0.986014 -0.994352 -0.990746 
-0.866275 -0.957053 -0.571197 -0.99937 -0.998275 -0.978511 
-0.866275 -0.957053 -0.571197 -0.967796 -0.839028 -0.481547 
-0.866275 -0.996779 -0.796511 -0.964441 -0.516792 -0.863245 
-0.866275 -0.996779 -0.796511 -0.967796 -0.839028 -0.852684 
-0.866275 -0.964441 -0.516792 -0.967796 -0.839028 -0.966244 
-0.866275 -0.986014 -0.994352 -0.501012 -0.980983 -0.995507 
-0.866275 -0.986014 -0.994352 -0.99937 -0.998275 -0.523831 
-0.866275 -0.986014 -0.994352 -0.967796 -0.839028 -0.933553 
-0.866275 -0.99937 -0.998275 -0.967796 -0.839028 -0.866436 
-0.985926 -0.957053 -0.861924 -0.996779 -0.971663 -0.477621 
-0.985926 -0.957053 -0.861924 -0.986014 -0.816376 -0.990746 
-0.985926 -0.957053 -0.861924 -0.99937 -0.517173 -0.978511 
-0.985926 -0.957053 -0.861924 -0.967796 -0.426427 -0.481547 
-0.985926 -0.996779 -0.971663 -0.967796 -0.426427 -0.852684 
-0.985926 -0.986014 -0.816376 -0.989872 -0.958877 -0.435599 
-0.985926 -0.986014 -0.816376 -0.99937 -0.517173 -0.523831 
-0.985926 -0.986014 -0.816376 -0.967796 -0.426427 -0.933553 
-0.985926 -0.989872 -0.958877 -0.99937 -0.517173 -0.86093 
-0.985926 -0.989872 -0.958877 -0.967796 -0.426427 -0.992202 
-0.985926 -0.99937 -0.517173 -0.967796 -0.426427 -0.866436 
-0.986184 -0.501012 -0.884376 -0.874756 -0.533879 -0.453432 
-0.957053 -0.996779 -0.477621 -0.964441 -0.855199 -0.863245 
-0.957053 -0.996779 -0.477621 -0.967796 -0.481547 -0.852684 
-0.957053 -0.964441 -0.855199 -0.967796 -0.481547 -0.966244 
-0.957053 -0.986014 -0.990746 -0.99937 -0.978511 -0.523831 
-0.957053 -0.986014 -0.990746 -0.967796 -0.481547 -0.933553 
-0.957053 -0.99937 -0.978511 -0.967796 -0.481547 -0.866436 
-0.993708 -0.986014 -0.862866 -0.501012 -0.988628 -0.995507 
-0.993708 -0.986014 -0.862866 -0.989872 -0.495659 -0.435599 
-0.993708 -0.986014 -0.862866 -0.99937 -0.97915 -0.523831 
-0.993708 -0.501012 -0.988628 -0.989872 -0.495659 -0.991168 
-0.993708 -0.501012 -0.988628 -0.874756 -0.998318 -0.453432 
-0.993708 -0.989872 -0.495659 -0.99937 -0.97915 -0.86093 
-0.996779 -0.964441 -0.863245 -0.967796 -0.852684 -0.966244 
-0.986014 -0.501012 -0.995507 -0.989872 -0.435599 -0.991168 
-0.986014 -0.989872 -0.435599 -0.99937 -0.523831 -0.86093 
-0.986014 -0.989872 -0.435599 -0.967796 -0.933553 -0.992202 
-0.986014 -0.99937 -0.523831 -0.967796 -0.933553 -0.866436 
-0.989872 -0.99937 -0.86093 -0.967796 -0.992202 -0.866436 
-0.505841 -0.865659 -0.971601 -0.480669 -0.863186 -0.49326 
-0.505841 -0.981873 -0.864428 -0.984101 -0.939172 -0.951811 
-0.505841 -0.984101 -0.939172 -0.480669 -0.863186 -0.995191 
-0.865659 -0.480669 -0.49326 -0.97426 -0.413609 -0.860985 
-0.982651 -0.477082 -0.876903 -0.870634 -0.509765 -0.475658 
-0.477082 -0.490717 -0.863802 -0.870634 -0.475658 -0.979411 
-0.477082 -0.490717 -0.863802 -0.874102 -0.974012 -0.471203 
-0.490717 -0.874102 -0.471203 -0.975699 -0.856022 -0.431091 
-0.490717 -0.997131 -0.994909 -0.992852 -0.990754 -0.477962 
-0.490717 -0.997131 -0.994909 -0.996421 -0.999184 -0.872712 
-0.490717 -0.992852 -0.990754 -0.996421 -0.999184 -0.495659 
-0.997131 -0.992852 -0.477962 -0.996421 -0.872712 -0.495659 
-0.504839 -0.970467 -0.95526 -0.851376 -0.571197 -0.861924 
-0.504839 -0.970467 -0.95526 -0.949658 -0.796511 -0.971663 
-0.504839 -0.970467 -0.95526 -0.987272 -0.994352 -0.816376 
-0.504839 -0.970467 -0.95526 -0.997756 -0.998275 -0.517173 
-0.504839 -0.970467 -0.95526 -0.917578 -0.839028 -0.426427 
-0.504839 -0.851376 -0.571197 -0.949658 -0.796511 -0.477621 
-0.504839 -0.851376 -0.571197 -0.832803 -0.516792 -0.855199 
-0.504839 -0.851376 -0.571197 -0.987272 -0.994352 -0.990746 
-0.504839 -0.851376 -0.571197 -0.997756 -0.998275 -0.978511 
-0.504839 -0.851376 -0.571197 -0.917578 -0.839028 -0.481547 
-0.504839 -0.949658 -0.796511 -0.832803 -0.516792 -0.863245 
-0.504839 -0.949658 -0.796511 -0.917578 -0.839028 -0.852684 
-0.504839 -0.832803 -0.516792 -0.917578 -0.839028 -0.966244 
-0.504839 -0.987272 -0.994352 -0.867375 -0.980983 -0.995507 
-0.504839 -0.987272 -0.994352 -0.997756 -0.998275 -0.523831 
-0.504839 -0.987272 -0.994352 -0.917578 -0.839028 -0.933553 
-0.504839 -0.997756 -0.998275 -0.917578 -0.839028 -0.866436 
-0.970467 -0.851376 -0.861924 -0.949658 -0.971663 -0.477621 
-0.970467 -0.851376 -0.861924 -0.987272 -0.816376 -0.990746 
-0.970467 -0.851376 -0.861924 -0.997756 -0.517173 -0.978511 
-0.970467 -0.851376 -0.861924 -0.917578 -0.426427 -0.481547 
-0.970467 -0.949658 -0.971663 -0.917578 -0.426427 -0.852684 
-0.970467 -0.987272 -0.816376 -0.998114 -0.958877 -0.435599 
-0.970467 -0.987272 -0.816376 -0.997756 -0.517173 -0.523831 
-0.970467 -0.987272 -0.816376 -0.917578 -0.426427 -0.933553 
-0.970467 -0.998114 -0.958877 -0.997756 -0.517173 -0.86093 
-0.970467 -0.998114 -0.958877 -0.917578 -0.426427 -0.992202 
-0.970467 -0.997756 -0.517173 -0.917578 -0.426427 -0.866436 
-0.851376 -0.949658 -0.477621 -0.832803 -0.855199 -0.863245 
-0.851376 -0.949658 -0.477621 -0.917578 -0.481547 -0.852684 
-0.851376 -0.832803 -0.855199 -0.917578 -0.481547 -0.966244 
-0.851376 -0.987272 -0.990746 -0.997756 -0.978511 -0.523831 
-0.851376 -0.987272 -0.990746 -0.917578 -0.481547 -0.933553 
-0.851376 -0.997756 -0.978511 -0.917578 -0.481547 -0.866436 
-0.949658 -0.832803 -0.863245 -0.917578 -0.852684 -0.966244 
-0.987272 -0.867375 -0.995507 -0.998114 -0.435599 -0.991168 
-0.987272 -0.998114 -0.435599 -0.997756 -0.523831 -0.86093 
-0.987272 -0.998114 -0.435599 -0.917578 -0.933553 -0.992202 
-0.987272 -0.997756 -0.523831 -0.917578 -0.933553 -0.866436 
-0.998114 -0.997756 -0.86093 -0.917578 -0.992202 -0.866436 
-0.981299 -0.971325 -0.978872 -0.940045 -0.864428 -0.468128 
-0.981299 -0.971325 -0.978872 -0.489325 -0.939172 -0.991223 
-0.981299 -0.940045 -0.864428 -0.489325 -0.939172 -0.951811 
-0.971325 -0.940045 -0.468128 -0.489325 -0.991223 -0.951811 
-0.877593 -0.969763 -0.568479 -0.956898 -0.563912 -0.882983 
-0.877593 -0.969763 -0.568479 -0.441149 -0.519293 -0.855525 
-0.877593 -0.509765 -0.985025 -0.441149 -0.519293 -0.872241 
-0.877593 -0.956898 -0.563912 -0.441149 -0.519293 -0.834496 
-0.969763 -0.956898 -0.882983 -0.441149 -0.855525 -0.834496 
-0.876903 -0.509765 -0.475658 -0.441149 -0.978836 -0.872241 
-0.568479 -0.563912 -0.882983 -0.519293 -0.855525 -0.834496 
-0.568479 -0.563912 -0.882983 -0.886319 -0.97283 -0.462974 
-0.568479 -0.519293 -0.855525 -0.886319 -0.97283 -0.966142 
-0.980982 -0.563912 -0.859015 -0.886319 -0.476698 -0.462974 
-0.563912 -0.519293 -0.834496 -0.886319 -0.462974 -0.966142 
-0.978872 -0.864428 -0.468128 -0.939172 -0.991223 -0.951811 
-0.853233 -0.462381 -0.473165 -0.97576 -0.468128 -0.87046 
-0.853233 -0.462381 -0.473165 -0.460803 -0.97228 -0.860957 
-0.462381 -0.859536 -0.972324 -0.460803 -0.860957 -0.454055 
-0.859536 -0.978796 -0.491638 -0.460803 -0.454055 -0.867223 
-0.95526 -0.571197 -0.861924 -0.796511 -0.971663 -0.477621 
-0.95526 -0.571197 -0.861924 -0.994352 -0.816376 -0.990746 
-0.95526 -0.571197 -0.861924 -0.998275 -0.517173 -0.978511 
-0.95526 -0.571197 -0.861924 -0.839028 -0.426427 -0.481547 
-0.95526 -0.796511 -0.971663 -0.839028 -0.426427 -0.852684 
-0.95526 -0.994352 -0.816376 -0.998275 -0.517173 -0.523831 
-0.95526 -0.994352 -0.816376 -0.839028 -0.426427 -0.933553 
-0.95526 -0.998275 -0.517173 -0.839028 -0.426427 -0.866436 
-0.571197 -0.796511 -0.477621 -0.516792 -0.855199 -0.863245 
-0.571197 -0.796511 -0.477621 -0.953491 -0.879971 -0.495739 
-0.571197 -0.796511 -0.477621 -0.839028 -0.481547 -0.852684 
-0.571197 -0.516792 -0.855199 -0.953491 -0.879971 -0.948922 
-0.571197 -0.516792 -0.855199 -0.839028 -0.481547 -0.966244 
-0.571197 -0.953491 -0.879971 -0.839028 -0.481547 -0.974089 
-0.571197 -0.994352 -0.990746 -0.998275 -0.978511 -0.523831 
-0.571197 -0.994352 -0.990746 -0.839028 -0.481547 -0.933553 
-0.571197 -0.998275 -0.978511 -0.839028 -0.481547 -0.866436 
-0.796511 -0.516792 -0.863245 -0.953491 -0.495739 -0.948922 
-0.796511 -0.516792 -0.863245 -0.839028 -0.852684 -0.966244 
-0.796511 -0.953491 -0.495739 -0.839028 -0.852684 -0.974089 
-0.516792 -0.953491 -0.948922 -0.839028 -0.966244 -0.974089 
-0.994352 -0.998275 -0.523831 -0.839028 -0.933553 -0.866436 
-0.882983 -0.855525 -0.834496 -0.97283 -0.462974 -0.966142 
-0.994909 -0.990754 -0.477962 -0.999184 -0.872712 -0.495659 
-0.844999 -0.49326 -0.97451 -0.413609 -0.456422 -0.860985 
-0.844999 -0.413609 -0.456422 -0.97048 -0.477962 -0.866369 
-0.861924 -0.971663 -0.477621 -0.426427 -0.481547 -0.852684 
-0.861924 -0.816376 -0.990746 -0.517173 -0.978511 -0.523831 
-0.861924 -0.816376 -0.990746 -0.426427 -0.481547 -0.933553 
-0.861924 -0.517173 -0.978511 -0.426427 -0.481547 -0.866436 
-0.816376 -0.958877 -0.435599 -0.517173 -0.523831 -0.86093 
-0.816376 -0.958877 -0.435599 -0.978527 -0.958271 -0.987341 
-0.816376 -0.958877 -0.435599 -0.426427 -0.933553 -0.992202 
-0.816376 -0.517173 -0.523831 -0.978527 -0.958271 -0.887114 
-0.816376 -0.517173 -0.523831 -0.426427 -0.933553 -0.866436 
-0.958877 -0.517173 -0.86093 -0.978527 -0.987341 -0.887114 
-0.958877 -0.517173 -0.86093 -0.426427 -0.992202 -0.866436 
-0.960497 -0.995745 -0.980099 -0.957137 -0.482342 -0.865013 
-0.960497 -0.995745 -0.980099 -0.413913 -0.986757 -0.984272 
-0.960497 -0.995745 -0.980099 -0.970067 -0.873693 -0.452764 
-0.960497 -0.957137 -0.482342 -0.413913 -0.986757 -0.971134 
-0.960497 -0.957137 -0.482342 -0.970067 -0.873693 -0.47128 
-0.960497 -0.957137 -0.482342 -0.533879 -0.974611 -0.985868 
-0.960497 -0.413913 -0.986757 -0.970067 -0.873693 -0.963453 
-0.960497 -0.413913 -0.986757 -0.884376 -0.996852 -0.9791 
-0.960497 -0.413913 -0.986757 -0.533879 -0.974611 -0.869963 
-0.960497 -0.970067 -0.873693 -0.533879 -0.974611 -0.999701 
-0.960497 -0.884376 -0.996852 -0.533879 -0.974611 -0.453432 
-0.995745 -0.957137 -0.865013 -0.413913 -0.984272 -0.971134 
-0.995745 -0.957137 -0.865013 -0.970067 -0.452764 -0.47128 
-0.995745 -0.957137 -0.865013 -0.857538 -0.971547 -0.988602 
-0.995745 -0.413913 -0.984272 -0.976026 -0.974035 -0.872949 
-0.995745 -0.413913 -0.984272 -0.970067 -0.452764 -0.963453 
-0.995745 -0.413913 -0.984272 -0.857538 -0.971547 -0.483074 
-0.995745 -0.976026 -0.974035 -0.970067 -0.452764 -0.982804 
-0.995745 -0.976026 -0.974035 -0.857538 -0.971547 -0.465224 
-0.995745 -0.970067 -0.452764 -0.857538 -0.971547 -0.965982 
-0.957137 -0.413913 -0.971134 -0.970067 -0.47128 -0.963453 
-0.957137 -0.413913 -0.971134 -0.857538 -0.988602 -0.483074 
-0.957137 -0.413913 -0.971134 -0.533879 -0.985868 -0.869963 
-0.957137 -0.970067 -0.47128 -0.857538 -0.988602 -0.965982 
-0.957137 -0.970067 -0.47128 -0.533879 -0.985868 -0.999701 
-0.957137 -0.857538 -0.988602 -0.533879 -0.985868 -0.981101 
-0.413913 -0.976026 -0.872949 -0.970067 -0.963453 -0.982804 
-0.413913 -0.976026 -0.872949 -0.857538 -0.483074 -0.465224 
-0.413913 -0.970067 -0.963453 -0.857538 -0.483074 -0.965982 
-0.413913 -0.970067 -0.963453 -0.533879 -0.869963 -0.999701 
-0.413913 -0.857538 -0.483074 -0.533879 -0.869963 -0.981101 
-0.413913 -0.884376 -0.9791 -0.533879 -0.869963 -0.453432 
-0.976026 -0.970067 -0.982804 -0.857538 -0.465224 -0.965982 
-0.970067 -0.857538 -0.965982 -0.533879 -0.999701 -0.981101 
-0.980099 -0.482342 -0.865013 -0.986757 -0.984272 -0.971134 
-0.980099 -0.482342 -0.865013 -0.873693 -0.452764 -0.47128 
-0.980099 -0.986757 -0.984272 -0.873693 -0.452764 -0.963453 
-0.482342 -0.986757 -0.971134 -0.873693 -0.47128 -0.963453 
-0.482342 -0.986757 -0.971134 -0.974611 -0.985868 -0.869963 
-0.482342 -0.873693 -0.47128 -0.974611 -0.985868 -0.999701 
-0.986757 -0.873693 -0.963453 -0.974611 -0.869963 -0.999701 
-0.986757 -0.996852 -0.9791 -0.974611 -0.869963 -0.453432 
-0.865013 -0.984272 -0.971134 -0.452764 -0.47128 -0.963453 
-0.865013 -0.984272 -0.971134 -0.971547 -0.988602 -0.483074 
-0.865013 -0.452764 -0.47128 -0.971547 -0.988602 -0.965982 
-0.865013 -0.452764 -0.47128 -0.476698 -0.977734 -0.86148 
-0.865013 -0.971547 -0.988602 -0.476698 -0.977734 -0.995448 
-0.984272 -0.974035 -0.872949 -0.452764 -0.963453 -0.982804 
-0.984272 -0.974035 -0.872949 -0.971547 -0.483074 -0.465224 
-0.984272 -0.452764 -0.963453 -0.971547 -0.483074 -0.965982 
-0.974035 -0.452764 -0.982804 -0.971547 -0.465224 -0.965982 
-0.974035 -0.452764 -0.982804 -0.476698 -0.985294 -0.86148 
-0.974035 -0.971547 -0.465224 -0.476698 -0.985294 -0.995448 
-0.452764 -0.971547 -0.965982 -0.476698 -0.86148 -0.995448 
-0.452764 -0.859015 -0.969806 -0.476698 -0.86148 -0.462974 
-0.971134 -0.47128 -0.963453 -0.988602 -0.483074 -0.965982 
-0.971134 -0.47128 -0.963453 -0.985868 -0.869963 -0.999701 
-0.971134 -0.988602 -0.483074 -0.985868 -0.869963 -0.981101 
-0.47128 -0.988602 -0.965982 -0.977734 -0.86148 -0.995448 
-0.47128 -0.988602 -0.965982 -0.985868 -0.999701 -0.981101 
-0.872949 -0.963453 -0.982804 -0.483074 -0.465224 -0.965982 
-0.963453 -0.483074 -0.965982 -0.869963 -0.999701 -0.981101 
-0.456422 -0.477962 -0.866369 -0.872712 -0.978136 -0.495659 
-0.477962 -0.975709 -0.862866 -0.872712 -0.495659 -0.435599 
-0.477621 -0.855199 -0.863245 -0.879971 -0.495739 -0.948922 
-0.477621 -0.855199 -0.863245 -0.481547 -0.852684 -0.966244 
-0.477621 -0.879971 -0.495739 -0.481547 -0.852684 -0.974089 
-0.855199 -0.879971 -0.948922 -0.481547 -0.966244 -0.974089 
-0.990746 -0.978511 -0.523831 -0.481547 -0.933553 -0.866436 
-0.982804 -0.465224 -0.965982 -0.985294 -0.86148 -0.995448 
-0.862866 -0.988628 -0.995507 -0.495659 -0.435599 -0.991168 
-0.862866 -0.495659 -0.435599 -0.97915 -0.523831 -0.86093 
-0.863245 -0.495739 -0.948922 -0.852684 -0.966244 -0.974089 
-0.435599 -0.523831 -0.86093 -0.958271 -0.987341 -0.887114 
-0.435599 -0.523831 -0.86093 -0.933553 -0.992202 -0.866436 
