1.30498 1.32214 1.92263 2.48499 1.28003 2.56718 
1.30498 1.32214 1.92263 2.48879 2.52126 1.30033 
1.30498 1.32214 1.92263 2.53741 1.87445 1.9321 
1.30498 2.48499 1.28003 4.43909 3.74658 4.1157 
1.30498 2.48499 1.28003 2.48879 2.52126 2.50385 
1.30498 2.48499 1.28003 2.53741 1.87445 1.29622 
1.30498 2.48879 2.52126 2.53741 1.87445 1.33328 
1.32214 2.48499 2.56718 2.48879 1.30033 2.50385 
1.32214 2.48499 2.56718 2.53741 1.9321 1.29622 
1.32214 2.48879 1.30033 2.53741 1.9321 1.33328 
2.48499 2.48879 2.50385 2.53741 1.29622 1.33328 
2.69636 1.22022 1.494 3.82834 1.48399 2.67412 
2.69636 1.22022 1.494 1.29955 3.99018 2.51971 
2.69636 1.22022 1.494 3.52796 1.39114 2.49443 
2.69636 3.82834 1.48399 3.52796 1.39114 2.37578 
1.22022 2.63709 3.85526 1.29955 2.51971 1.34539 
1.22022 3.82834 2.67412 3.52796 2.49443 2.37578 
3.93677 2.63709 1.31157 4.40475 2.49247 2.54177 
3.93677 2.63709 1.31157 1.29955 2.65276 1.34539 
3.93677 4.40475 2.49247 1.29955 2.65276 3.31416 
2.63709 4.40475 2.54177 1.29955 1.34539 3.31416 
1.29061 2.64424 3.76595 1.36203 2.48596 1.2938 
1.29061 1.36203 2.48596 2.6337 1.35274 3.79512 
1.29061 3.91029 4.01377 2.6337 1.35274 4.32658 
1.29061 3.91029 4.01377 4.41767 4.32352 1.31718 
1.29061 2.6337 1.35274 3.92487 2.65808 1.32027 
1.29061 2.6337 1.35274 4.41767 4.32352 4.40919 
2.64424 1.36203 1.2938 3.95872 1.31748 2.60549 
3.91029 4.32797 1.36475 4.41767 1.31718 2.5414 
3.91029 2.6337 4.32658 4.41767 1.31718 4.40919 
2.54968 3.80192 1.2938 1.28076 1.31748 2.60549 
2.54968 1.28076 1.31748 1.29588 3.73681 2.51291 
4.12017 3.86932 3.96935 1.29588 3.7319 2.60465 
4.12017 3.86932 3.96935 2.57157 3.6818 1.32163 
4.12017 1.29588 3.7319 2.57157 3.6818 1.28907 
4.12017 1.29588 3.7319 4.02996 1.30988 3.99648 
4.12017 2.57157 3.6818 4.02996 1.30988 4.3155 
1.28076 1.29588 2.51291 2.57157 3.77621 1.28907 
3.86932 1.29588 2.60465 2.57157 1.32163 1.28907 
1.29588 2.57157 1.28907 4.02996 3.99648 4.3155 
4.46086 3.46752 3.84139 1.26385 4.42186 2.36682 
3.46752 2.64002 1.36282 3.67733 2.46987 1.50001 
3.46752 2.64002 1.36282 3.48486 3.32422 2.19173 
3.46752 2.64002 1.36282 1.26385 2.36682 1.38618 
3.46752 3.67733 2.46987 3.48486 3.32422 1.31157 
3.46752 3.67733 2.46987 1.26385 2.36682 2.49247 
3.46752 3.48486 3.32422 1.26385 2.36682 2.54177 
2.64002 3.67733 1.50001 3.48486 2.19173 1.31157 
2.64002 3.67733 1.50001 1.26385 1.38618 2.49247 
2.64002 3.67733 1.50001 3.90881 3.3783 2.65276 
2.64002 1.37541 3.91353 1.26385 1.38618 2.57044 
2.64002 3.48486 2.19173 1.26385 1.38618 2.54177 
2.64002 3.48486 2.19173 3.90881 3.3783 1.34539 
2.64002 1.26385 1.38618 3.90881 3.3783 3.31416 
3.83477 2.59583 1.29986 1.37541 2.49741 1.22962 
2.59583 1.37541 1.22962 1.26385 3.73968 2.57044 
3.67733 3.48486 1.31157 1.26385 2.49247 2.54177 
3.67733 3.48486 1.31157 3.90881 2.65276 1.34539 
3.67733 1.26385 2.49247 3.90881 2.65276 3.31416 
3.48486 1.26385 2.54177 3.90881 1.34539 3.31416 
1.92263 4.38501 4.21925 1.28003 2.56718 3.42949 
1.92263 4.38501 4.21925 2.52126 1.30033 3.05038 
1.92263 4.38501 4.21925 1.87445 1.9321 2.68739 
1.92263 1.28003 2.56718 2.52126 1.30033 2.50385 
1.92263 1.28003 2.56718 1.87445 1.9321 1.29622 
1.92263 2.52126 1.30033 1.87445 1.9321 1.33328 
4.38501 1.28003 3.42949 2.52126 3.05038 2.50385 
4.38501 1.28003 3.42949 1.87445 2.68739 1.29622 
4.38501 2.52126 3.05038 1.87445 2.68739 1.33328 
1.28003 3.74658 4.1157 3.84139 4.23577 1.21808 
1.28003 2.52126 2.50385 1.87445 1.29622 1.33328 
3.74658 3.84139 1.21808 4.42186 3.55118 2.36682 
3.74658 3.84139 1.21808 4.24563 1.35545 2.56805 
4.01377 1.35274 4.32658 4.32352 1.31718 4.40919 
4.2132 1.35274 3.48541 2.65808 3.43262 1.32027 
4.2132 1.35274 3.48541 3.95558 3.65315 2.60964 
4.2132 1.35274 3.48541 4.40853 2.68416 4.36888 
4.2132 1.35274 3.48541 4.1184 1.42055 3.74387 
4.2132 2.65808 3.43262 3.95558 3.65315 1.3 
4.2132 2.65808 3.43262 4.1184 1.42055 4.01205 
4.2132 3.95558 3.65315 4.1184 1.42055 4.48677 
4.2132 4.40853 2.68416 4.1184 1.42055 1.26813 
1.35274 2.65808 1.32027 3.95558 2.60964 1.3 
1.35274 2.65808 1.32027 4.1184 3.74387 4.01205 
1.35274 3.95558 2.60964 4.1184 3.74387 4.48677 
1.35274 4.40853 4.36888 4.1184 3.74387 1.26813 
2.65808 3.95558 1.3 4.1184 4.01205 4.48677 
4.21925 2.56718 3.42949 1.30033 3.05038 2.50385 
4.21925 2.56718 3.42949 4.37338 1.35766 4.27087 
4.21925 2.56718 3.42949 1.9321 2.68739 1.29622 
4.21925 1.30033 3.05038 4.37338 1.35766 3.20021 
4.21925 1.30033 3.05038 1.9321 2.68739 1.33328 
4.21925 4.37338 1.35766 1.9321 2.68739 3.35424 
2.56718 1.30033 2.50385 4.37338 4.27087 3.20021 
2.56718 1.30033 2.50385 1.9321 1.29622 1.33328 
2.56718 4.37338 4.27087 1.9321 1.29622 3.35424 
1.30033 4.37338 3.20021 1.9321 1.33328 3.35424 
2.6147 2.39137 2.28375 3.20982 3.4596 1.23727 
2.6147 2.39137 2.28375 1.45193 1.38693 1.4002 
2.6147 2.39137 2.28375 1.26399 3.82923 3.45013 
2.6147 2.39137 2.28375 3.83405 1.22176 3.12439 
2.6147 3.20982 3.4596 1.45193 1.38693 2.52734 
2.6147 3.20982 3.4596 1.26399 3.82923 4.05313 
2.6147 3.20982 3.4596 3.83405 1.22176 4.20208 
2.6147 1.45193 1.38693 1.26399 3.82923 2.70418 
2.6147 1.45193 1.38693 3.83405 1.22176 2.56202 
4.4993 2.39137 2.53939 3.20982 1.34524 1.23727 
4.4993 2.39137 2.53939 1.45193 3.84352 1.4002 
4.4993 3.20982 1.34524 1.45193 3.84352 2.52734 
2.39137 3.20982 1.23727 1.45193 1.4002 2.52734 
2.39137 3.20982 1.23727 1.26399 3.45013 4.05313 
2.39137 3.20982 1.23727 3.83405 3.12439 4.20208 
2.39137 1.45193 1.4002 1.26399 3.45013 2.70418 
2.39137 1.45193 1.4002 3.83405 3.12439 2.56202 
2.56771 1.45193 3.98822 1.26399 1.33763 2.70418 
2.56771 1.26399 1.33763 3.76187 1.26923 2.56707 
3.20982 1.45193 2.52734 1.26399 4.05313 2.70418 
3.20982 1.45193 2.52734 3.83405 4.20208 2.56202 
3.42949 2.6322 4.12204 1.27597 3.64077 1.36475 
3.42949 2.6322 4.12204 1.35766 4.27087 3.90845 
3.42949 2.6322 4.12204 2.68739 1.29622 3.96488 
3.42949 2.6322 4.12204 3.72027 4.17882 1.31718 
3.42949 3.05038 2.50385 1.27597 3.64077 3.8944 
3.42949 3.05038 2.50385 1.35766 4.27087 3.20021 
3.42949 3.05038 2.50385 2.68739 1.29622 1.33328 
3.42949 1.27597 3.64077 1.35766 4.27087 2.54923 
3.42949 1.27597 3.64077 2.68739 1.29622 3.18968 
3.42949 1.27597 3.64077 3.72027 4.17882 2.5414 
3.42949 1.35766 4.27087 2.68739 1.29622 3.35424 
3.42949 2.68739 1.29622 3.72027 4.17882 4.30604 
2.6322 1.27597 1.36475 1.35766 3.90845 2.54923 
2.6322 1.27597 1.36475 2.68739 3.96488 3.18968 
2.6322 1.27597 1.36475 3.72027 1.31718 2.5414 
2.6322 1.35766 3.90845 2.68739 3.96488 3.35424 
2.6322 2.68739 3.96488 3.72027 1.31718 4.30604 
3.05038 1.27597 3.8944 2.63796 3.67746 3.83712 
3.05038 1.27597 3.8944 1.35766 3.20021 2.54923 
3.05038 1.27597 3.8944 2.68739 1.33328 3.18968 
3.05038 2.63796 3.67746 1.35766 3.20021 1.2943 
3.05038 2.63796 3.67746 2.68739 1.33328 4.17022 
3.05038 1.35766 3.20021 2.68739 1.33328 3.35424 
1.27597 2.63796 3.83712 1.35766 2.54923 1.2943 
1.27597 2.63796 3.83712 2.68739 3.18968 4.17022 
1.27597 1.35766 2.54923 2.68739 3.18968 3.35424 
1.27597 2.68739 3.18968 3.72027 2.5414 4.30604 
2.63796 3.92083 1.30342 1.35766 1.2943 2.58814 
2.63796 1.35766 1.2943 2.68739 4.17022 3.35424 
4.12204 3.64077 1.36475 4.38343 2.55705 3.68286 
4.12204 3.64077 1.36475 4.27087 3.90845 2.54923 
4.12204 3.64077 1.36475 1.29622 3.96488 3.18968 
4.12204 3.64077 1.36475 4.17882 1.31718 2.5414 
4.12204 4.38343 2.55705 4.17882 1.31718 1.34069 
4.12204 4.27087 3.90845 1.29622 3.96488 3.35424 
4.12204 1.29622 3.96488 4.17882 1.31718 4.30604 
2.50385 3.64077 3.8944 4.27087 3.20021 2.54923 
2.50385 3.64077 3.8944 1.29622 1.33328 3.18968 
2.50385 4.27087 3.20021 1.29622 1.33328 3.35424 
3.64077 4.38343 3.68286 4.17882 2.5414 1.34069 
3.64077 4.27087 2.54923 1.29622 3.18968 3.35424 
3.64077 1.29622 3.18968 4.17882 2.5414 4.30604 
1.21808 2.56099 1.36282 4.01362 3.66081 3.40429 
1.21808 2.56099 1.36282 3.43132 2.46987 1.50001 
1.21808 2.56099 1.36282 4.36604 3.32422 2.19173 
1.21808 2.56099 1.36282 3.55118 2.36682 1.38618 
1.21808 2.56099 1.36282 4.01603 4.05114 4.27577 
1.21808 2.56099 1.36282 1.35545 2.56805 3.88675 
1.21808 2.56099 1.36282 4.47235 4.40478 4.42602 
1.21808 2.56099 1.36282 3.61072 2.95917 2.40019 
1.21808 4.01362 3.66081 3.43132 2.46987 2.53351 
1.21808 4.01362 3.66081 4.36604 3.32422 3.68408 
1.21808 4.01362 3.66081 4.01603 4.05114 2.28375 
1.21808 4.01362 3.66081 4.12791 4.41939 3.4596 
1.21808 4.01362 3.66081 4.47235 4.40478 1.38693 
1.21808 4.01362 3.66081 3.61072 2.95917 1.22176 
1.21808 3.43132 2.46987 4.36604 3.32422 1.31157 
1.21808 3.43132 2.46987 3.55118 2.36682 2.49247 
1.21808 3.43132 2.46987 4.01603 4.05114 4.15509 
1.21808 3.43132 2.46987 4.47235 4.40478 3.82886 
1.21808 3.43132 2.46987 3.61072 2.95917 1.3188 
1.21808 4.36604 3.32422 3.55118 2.36682 2.54177 
1.21808 4.36604 3.32422 3.61072 2.95917 2.47755 
1.21808 3.55118 2.36682 3.61072 2.95917 3.58273 
1.21808 4.01603 4.05114 1.35545 2.56805 4.31771 
1.21808 4.01603 4.05114 4.12791 4.41939 1.23727 
1.21808 4.01603 4.05114 4.47235 4.40478 1.4002 
1.21808 4.01603 4.05114 3.61072 2.95917 3.12439 
1.21808 1.35545 2.56805 4.12791 4.41939 4.16846 
1.21808 1.35545 2.56805 2.61681 3.81937 1.26813 
1.21808 4.12791 4.41939 4.47235 4.40478 2.52734 
1.21808 4.12791 4.41939 3.61072 2.95917 4.20208 
1.21808 4.47235 4.40478 3.61072 2.95917 2.56202 
2.56099 4.01362 3.40429 3.43132 1.50001 2.53351 
2.56099 4.01362 3.40429 4.36604 2.19173 3.68408 
2.56099 4.01362 3.40429 4.01603 4.27577 2.28375 
2.56099 4.01362 3.40429 4.47235 4.42602 1.38693 
2.56099 4.01362 3.40429 3.61072 2.40019 1.22176 
2.56099 3.43132 1.50001 4.36604 2.19173 1.31157 
2.56099 3.43132 1.50001 3.55118 1.38618 2.49247 
2.56099 3.43132 1.50001 4.01603 4.27577 4.15509 
2.56099 3.43132 1.50001 4.47235 4.42602 3.82886 
2.56099 3.43132 1.50001 3.61072 2.40019 1.3188 
2.56099 4.36604 2.19173 3.55118 1.38618 2.54177 
2.56099 4.36604 2.19173 3.61072 2.40019 2.47755 
2.56099 3.55118 1.38618 3.61072 2.40019 3.58273 
2.56099 4.01603 4.27577 1.35545 3.88675 4.31771 
2.56099 4.01603 4.27577 4.47235 4.42602 1.4002 
2.56099 4.01603 4.27577 3.61072 2.40019 3.12439 
2.56099 4.47235 4.42602 3.61072 2.40019 2.56202 
4.01362 3.43132 2.53351 4.36604 3.68408 1.31157 
4.01362 3.43132 2.53351 4.01603 2.28375 4.15509 
4.01362 3.43132 2.53351 4.47235 1.38693 3.82886 
4.01362 3.43132 2.53351 3.61072 1.22176 1.3188 
4.01362 4.36604 3.68408 3.61072 1.22176 2.47755 
4.01362 4.01603 2.28375 4.12791 3.4596 1.23727 
4.01362 4.01603 2.28375 4.47235 1.38693 1.4002 
4.01362 4.01603 2.28375 3.61072 1.22176 3.12439 
4.01362 4.12791 3.4596 4.47235 1.38693 2.52734 
4.01362 4.12791 3.4596 3.61072 1.22176 4.20208 
4.01362 4.47235 1.38693 3.61072 1.22176 2.56202 
4.0207 1.35545 2.68416 2.61681 1.42055 1.26813 
3.43132 4.36604 1.31157 3.55118 2.49247 2.54177 
3.43132 4.36604 1.31157 3.61072 1.3188 2.47755 
3.43132 3.55118 2.49247 3.61072 1.3188 3.58273 
3.43132 4.01603 4.15509 4.47235 3.82886 1.4002 
3.43132 4.01603 4.15509 3.61072 1.3188 3.12439 
3.43132 4.47235 3.82886 3.61072 1.3188 2.56202 
4.2531 4.01603 2.53939 1.35545 4.09043 4.31771 
4.2531 4.01603 2.53939 4.12791 1.34524 1.23727 
4.2531 4.01603 2.53939 4.47235 3.84352 1.4002 
4.2531 1.35545 4.09043 4.12791 1.34524 4.16846 
4.2531 1.35545 4.09043 2.61681 4.42781 1.26813 
4.2531 4.12791 1.34524 4.47235 3.84352 2.52734 
4.36604 3.55118 2.54177 3.61072 2.47755 3.58273 
4.01603 1.35545 4.31771 4.12791 1.23727 4.16846 
4.01603 4.12791 1.23727 4.47235 1.4002 2.52734 
4.01603 4.12791 1.23727 3.61072 3.12439 4.20208 
4.01603 4.47235 1.4002 3.61072 3.12439 2.56202 
4.12791 4.47235 2.52734 3.61072 4.20208 2.56202 
1.36475 2.55705 3.68286 1.31718 2.5414 1.34069 
1.36475 3.90845 2.54923 3.96488 3.18968 3.35424 
1.36475 3.96488 3.18968 1.31718 2.5414 4.30604 
2.55705 1.31718 1.34069 3.73656 1.20049 2.52767 
3.92779 1.31058 2.63145 2.58929 1.37238 1.30797 
1.31058 1.3359 2.54528 2.58929 1.30797 3.84957 
1.31058 1.3359 2.54528 2.61239 3.73143 1.29986 
1.3359 2.61239 1.29986 3.76687 2.49741 1.22962 
1.3359 4.37982 4.29575 4.22378 4.15534 1.3122 
1.3359 4.37982 4.29575 4.35218 4.46432 2.60307 
1.3359 4.22378 4.15534 4.35218 4.46432 1.34524 
4.37982 4.22378 1.3122 4.35218 2.60307 1.34524 
1.36282 3.66081 3.40429 2.46987 1.50001 2.53351 
1.36282 3.66081 3.40429 3.32422 2.19173 3.68408 
1.36282 3.66081 3.40429 4.05114 4.27577 2.28375 
1.36282 3.66081 3.40429 4.40478 4.42602 1.38693 
1.36282 3.66081 3.40429 2.95917 2.40019 1.22176 
1.36282 2.46987 1.50001 3.32422 2.19173 1.31157 
1.36282 2.46987 1.50001 2.36682 1.38618 2.49247 
1.36282 2.46987 1.50001 4.05114 4.27577 4.15509 
1.36282 2.46987 1.50001 4.40478 4.42602 3.82886 
1.36282 2.46987 1.50001 2.95917 2.40019 1.3188 
1.36282 3.32422 2.19173 2.36682 1.38618 2.54177 
1.36282 3.32422 2.19173 2.95917 2.40019 2.47755 
1.36282 2.36682 1.38618 2.95917 2.40019 3.58273 
1.36282 4.05114 4.27577 2.56805 3.88675 4.31771 
1.36282 4.05114 4.27577 4.40478 4.42602 1.4002 
1.36282 4.05114 4.27577 2.95917 2.40019 3.12439 
1.36282 4.40478 4.42602 2.95917 2.40019 2.56202 
3.66081 2.46987 2.53351 3.32422 3.68408 1.31157 
3.66081 2.46987 2.53351 4.05114 2.28375 4.15509 
3.66081 2.46987 2.53351 4.40478 1.38693 3.82886 
3.66081 2.46987 2.53351 2.95917 1.22176 1.3188 
3.66081 3.32422 3.68408 2.95917 1.22176 2.47755 
3.66081 4.05114 2.28375 4.41939 3.4596 1.23727 
3.66081 4.05114 2.28375 4.40478 1.38693 1.4002 
3.66081 4.05114 2.28375 2.95917 1.22176 3.12439 
3.66081 4.41939 3.4596 4.40478 1.38693 2.52734 
3.66081 4.41939 3.4596 2.95917 1.22176 4.20208 
3.66081 4.40478 1.38693 2.95917 1.22176 2.56202 
2.46987 3.32422 1.31157 2.36682 2.49247 2.54177 
2.46987 3.32422 1.31157 2.95917 1.3188 2.47755 
2.46987 2.36682 2.49247 2.95917 1.3188 3.58273 
2.46987 4.05114 4.15509 4.40478 3.82886 1.4002 
2.46987 4.05114 4.15509 2.95917 1.3188 3.12439 
2.46987 4.40478 3.82886 2.95917 1.3188 2.56202 
3.32422 2.36682 2.54177 2.95917 2.47755 3.58273 
4.05114 2.56805 4.31771 4.41939 1.23727 4.16846 
4.05114 4.41939 1.23727 4.40478 1.4002 2.52734 
4.05114 4.41939 1.23727 2.95917 3.12439 4.20208 
4.05114 4.40478 1.4002 2.95917 3.12439 2.56202 
4.41939 4.40478 2.52734 2.95917 4.20208 2.56202 
3.8944 3.67746 3.83712 3.20021 2.54923 1.2943 
3.8944 3.67746 3.83712 1.33328 3.18968 4.17022 
3.8944 3.20021 2.54923 1.33328 3.18968 3.35424 
3.67746 3.20021 1.2943 1.33328 4.17022 3.35424 
2.63621 3.64738 1.494 3.42896 1.48399 2.67412 
2.63621 3.64738 1.494 1.24678 1.39114 2.49443 
2.63621 1.37238 3.98926 1.24678 1.39114 2.59993 
2.63621 3.42896 1.48399 1.24678 1.39114 2.37578 
3.64738 3.42896 2.67412 1.24678 2.49443 2.37578 
2.63145 1.37238 1.30797 1.24678 3.8363 2.59993 
1.494 1.48399 2.67412 1.39114 2.49443 2.37578 
1.494 1.48399 2.67412 2.69833 3.70732 1.28504 
1.494 1.39114 2.49443 2.69833 3.70732 3.58092 
3.88674 1.48399 2.51555 2.69833 1.30988 1.28504 
1.48399 1.39114 2.37578 2.69833 1.28504 3.58092 
3.83712 2.54923 1.2943 3.18968 4.17022 3.35424 
2.48079 1.28398 1.30342 3.76816 1.2943 2.58814 
2.48079 1.28398 1.30342 1.28117 3.6963 2.5275 
1.28398 2.51874 3.69719 1.28117 2.5275 1.26923 
2.51874 3.83537 1.33763 1.28117 1.26923 2.56707 
3.40429 1.50001 2.53351 2.19173 3.68408 1.31157 
3.40429 1.50001 2.53351 4.27577 2.28375 4.15509 
3.40429 1.50001 2.53351 4.42602 1.38693 3.82886 
3.40429 1.50001 2.53351 2.40019 1.22176 1.3188 
3.40429 2.19173 3.68408 2.40019 1.22176 2.47755 
3.40429 4.27577 2.28375 4.42602 1.38693 1.4002 
3.40429 4.27577 2.28375 2.40019 1.22176 3.12439 
3.40429 4.42602 1.38693 2.40019 1.22176 2.56202 
1.50001 2.19173 1.31157 1.38618 2.49247 2.54177 
1.50001 2.19173 1.31157 3.3783 2.65276 1.34539 
1.50001 2.19173 1.31157 2.40019 1.3188 2.47755 
1.50001 1.38618 2.49247 3.3783 2.65276 3.31416 
1.50001 1.38618 2.49247 2.40019 1.3188 3.58273 
1.50001 3.3783 2.65276 2.40019 1.3188 3.73302 
1.50001 4.27577 4.15509 4.42602 3.82886 1.4002 
1.50001 4.27577 4.15509 2.40019 1.3188 3.12439 
1.50001 4.42602 3.82886 2.40019 1.3188 2.56202 
2.19173 1.38618 2.54177 3.3783 1.34539 3.31416 
2.19173 1.38618 2.54177 2.40019 2.47755 3.58273 
2.19173 3.3783 1.34539 2.40019 2.47755 3.73302 
1.38618 3.3783 3.31416 2.40019 3.58273 3.73302 
4.27577 4.42602 1.4002 2.40019 3.12439 2.56202 
2.67412 2.49443 2.37578 3.70732 1.28504 3.58092 
4.29575 4.15534 1.3122 4.46432 2.60307 1.34524 
2.43328 1.34069 3.74175 1.20049 1.2734 2.52767 
2.43328 1.20049 1.2734 3.66107 1.3122 2.56159 
2.53351 3.68408 1.31157 1.22176 1.3188 2.47755 
2.53351 2.28375 4.15509 1.38693 3.82886 1.4002 
2.53351 2.28375 4.15509 1.22176 1.3188 3.12439 
2.53351 1.38693 3.82886 1.22176 1.3188 2.56202 
2.28375 3.4596 1.23727 1.38693 1.4002 2.52734 
2.28375 3.4596 1.23727 3.82923 3.45013 4.05313 
2.28375 3.4596 1.23727 1.22176 3.12439 4.20208 
2.28375 1.38693 1.4002 3.82923 3.45013 2.70418 
2.28375 1.38693 1.4002 1.22176 3.12439 2.56202 
3.4596 1.38693 2.52734 3.82923 4.05313 2.70418 
3.4596 1.38693 2.52734 1.22176 4.20208 2.56202 
3.48541 4.32657 3.86567 3.43262 1.32027 2.55294 
3.48541 4.32657 3.86567 1.20099 4.03662 3.96935 
3.48541 4.32657 3.86567 3.65315 2.60964 1.26696 
3.48541 3.43262 1.32027 1.20099 4.03662 3.67373 
3.48541 3.43262 1.32027 3.65315 2.60964 1.3 
3.48541 3.43262 1.32027 1.42055 3.74387 4.01205 
3.48541 1.20099 4.03662 3.65315 2.60964 3.53429 
3.48541 1.20099 4.03662 2.68416 4.36888 3.84236 
3.48541 1.20099 4.03662 1.42055 3.74387 2.58488 
3.48541 3.65315 2.60964 1.42055 3.74387 4.48677 
3.48541 2.68416 4.36888 1.42055 3.74387 1.26813 
4.32657 3.43262 2.55294 1.20099 3.96935 3.67373 
4.32657 3.43262 2.55294 3.65315 1.26696 1.3 
4.32657 3.43262 2.55294 2.50655 3.6818 4.08966 
4.32657 1.20099 3.96935 3.77389 3.7319 2.60465 
4.32657 1.20099 3.96935 3.65315 1.26696 3.53429 
4.32657 1.20099 3.96935 2.50655 3.6818 1.32163 
4.32657 3.77389 3.7319 3.65315 1.26696 3.93163 
4.32657 3.77389 3.7319 2.50655 3.6818 1.28907 
4.32657 3.65315 1.26696 2.50655 3.6818 3.57809 
3.43262 1.20099 3.67373 3.65315 1.3 3.53429 
3.43262 1.20099 3.67373 2.50655 4.08966 1.32163 
3.43262 1.20099 3.67373 1.42055 4.01205 2.58488 
3.43262 3.65315 1.3 2.50655 4.08966 3.57809 
3.43262 3.65315 1.3 1.42055 4.01205 4.48677 
3.43262 2.50655 4.08966 1.42055 4.01205 3.8896 
1.20099 3.77389 2.60465 3.65315 3.53429 3.93163 
1.20099 3.77389 2.60465 2.50655 1.32163 1.28907 
1.20099 3.65315 3.53429 2.50655 1.32163 3.57809 
1.20099 3.65315 3.53429 1.42055 2.58488 4.48677 
1.20099 2.50655 1.32163 1.42055 2.58488 3.8896 
1.20099 2.68416 3.84236 1.42055 2.58488 1.26813 
3.77389 3.65315 3.93163 2.50655 1.28907 3.57809 
3.65315 2.50655 3.57809 1.42055 4.48677 3.8896 
3.86567 1.32027 2.55294 4.03662 3.96935 3.67373 
3.86567 1.32027 2.55294 2.60964 1.26696 1.3 
3.86567 4.03662 3.96935 2.60964 1.26696 3.53429 
1.32027 4.03662 3.67373 2.60964 1.3 3.53429 
1.32027 4.03662 3.67373 3.74387 4.01205 2.58488 
1.32027 2.60964 1.3 3.74387 4.01205 4.48677 
4.03662 2.60964 3.53429 3.74387 2.58488 4.48677 
4.03662 4.36888 3.84236 3.74387 2.58488 1.26813 
2.55294 3.96935 3.67373 1.26696 1.3 3.53429 
2.55294 3.96935 3.67373 3.6818 4.08966 1.32163 
2.55294 1.26696 1.3 3.6818 4.08966 3.57809 
2.55294 1.26696 1.3 1.30988 3.81135 2.53075 
2.55294 3.6818 4.08966 1.30988 3.81135 4.3155 
3.96935 3.7319 2.60465 1.26696 3.53429 3.93163 
3.96935 3.7319 2.60465 3.6818 1.32163 1.28907 
3.96935 1.26696 3.53429 3.6818 1.32163 3.57809 
3.7319 1.26696 3.93163 3.6818 1.28907 3.57809 
3.7319 1.26696 3.93163 1.30988 3.99648 2.53075 
3.7319 3.6818 1.28907 1.30988 3.99648 4.3155 
1.26696 3.6818 3.57809 1.30988 2.53075 4.3155 
1.26696 2.51555 3.64819 1.30988 2.53075 1.28504 
3.67373 1.3 3.53429 4.08966 1.32163 3.57809 
3.67373 1.3 3.53429 4.01205 2.58488 4.48677 
3.67373 4.08966 1.32163 4.01205 2.58488 3.8896 
1.3 4.08966 3.57809 3.81135 2.53075 4.3155 
1.3 4.08966 3.57809 4.01205 4.48677 3.8896 
2.60465 3.53429 3.93163 1.32163 1.28907 3.57809 
3.53429 1.32163 3.57809 2.58488 4.48677 3.8896 
1.2734 1.3122 2.56159 2.60307 3.82037 1.34524 
1.3122 3.76707 2.53939 2.60307 1.34524 1.23727 
1.31157 2.49247 2.54177 2.65276 1.34539 3.31416 
1.31157 2.49247 2.54177 1.3188 2.47755 3.58273 
1.31157 2.65276 1.34539 1.3188 2.47755 3.73302 
2.49247 2.65276 3.31416 1.3188 3.58273 3.73302 
4.15509 3.82886 1.4002 1.3188 3.12439 2.56202 
3.93163 1.28907 3.57809 3.99648 2.53075 4.3155 
2.53939 4.09043 4.31771 1.34524 1.23727 4.16846 
2.53939 1.34524 1.23727 3.84352 1.4002 2.52734 
2.54177 1.34539 3.31416 2.47755 3.58273 3.73302 
1.23727 1.4002 2.52734 3.45013 4.05313 2.70418 
1.23727 1.4002 2.52734 3.12439 4.20208 2.56202 
