-0.968392 -0.461079 -0.993085 -0.962816 -0.865568 -0.949958 
-0.968392 -0.461079 -0.993085 -0.994136 -0.995745 -0.992252 
-0.968392 -0.461079 -0.993085 -0.962978 -0.493558 -0.975457 
-0.968392 -0.461079 -0.993085 -0.988713 -0.979697 -0.961657 
-0.968392 -0.461079 -0.993085 -0.985368 -0.989729 -0.995676 
-0.968392 -0.98107 -0.446047 -0.962816 -0.865568 -0.973881 
-0.968392 -0.98107 -0.446047 -0.962978 -0.493558 -0.862761 
-0.968392 -0.98107 -0.446047 -0.998019 -0.86474 -0.473783 
-0.968392 -0.98107 -0.446047 -0.985368 -0.989729 -0.994228 
-0.968392 -0.962816 -0.865568 -0.962978 -0.493558 -0.445542 
-0.968392 -0.962816 -0.865568 -0.988713 -0.979697 -0.471566 
-0.968392 -0.994136 -0.995745 -0.962978 -0.493558 -0.999281 
-0.968392 -0.994136 -0.995745 -0.985368 -0.989729 -0.512521 
-0.968392 -0.962978 -0.493558 -0.998019 -0.86474 -0.978164 
-0.968392 -0.962978 -0.493558 -0.988713 -0.979697 -0.86436 
-0.461079 -0.470737 -0.717455 -0.850414 -0.477837 -0.855975 
-0.461079 -0.470737 -0.717455 -0.994136 -0.992252 -0.997106 
-0.461079 -0.470737 -0.717455 -0.86446 -0.869546 -0.507704 
-0.461079 -0.470737 -0.717455 -0.875473 -0.753643 -0.739775 
-0.461079 -0.470737 -0.717455 -0.985368 -0.995676 -0.983054 
-0.461079 -0.962816 -0.949958 -0.850414 -0.477837 -0.993924 
-0.461079 -0.962816 -0.949958 -0.962978 -0.975457 -0.445542 
-0.461079 -0.962816 -0.949958 -0.988713 -0.961657 -0.471566 
-0.461079 -0.850414 -0.477837 -0.86446 -0.869546 -0.849861 
-0.461079 -0.850414 -0.477837 -0.875473 -0.753643 -0.490011 
-0.461079 -0.850414 -0.477837 -0.988713 -0.961657 -0.989064 
-0.461079 -0.994136 -0.992252 -0.962978 -0.975457 -0.999281 
-0.461079 -0.994136 -0.992252 -0.985368 -0.995676 -0.512521 
-0.461079 -0.962978 -0.975457 -0.988713 -0.961657 -0.86436 
-0.461079 -0.86446 -0.869546 -0.875473 -0.753643 -0.46776 
-0.461079 -0.86446 -0.869546 -0.985368 -0.995676 -0.999266 
-0.98107 -0.962816 -0.973881 -0.962978 -0.862761 -0.445542 
-0.98107 -0.962978 -0.862761 -0.998019 -0.473783 -0.978164 
-0.470737 -0.850414 -0.855975 -0.86446 -0.507704 -0.849861 
-0.470737 -0.850414 -0.855975 -0.875473 -0.739775 -0.490011 
-0.470737 -0.994136 -0.997106 -0.985368 -0.983054 -0.512521 
-0.470737 -0.86446 -0.507704 -0.875473 -0.739775 -0.46776 
-0.470737 -0.86446 -0.507704 -0.985368 -0.983054 -0.999266 
-0.962816 -0.850414 -0.993924 -0.988713 -0.471566 -0.989064 
-0.962816 -0.962978 -0.445542 -0.988713 -0.471566 -0.86436 
-0.850414 -0.86446 -0.849861 -0.875473 -0.490011 -0.46776 
-0.871685 -0.43791 -0.513795 -0.960522 -0.53071 -0.851358 
-0.871685 -0.43791 -0.513795 -0.49519 -0.979649 -0.853868 
-0.871685 -0.43791 -0.513795 -0.966671 -0.531101 -0.840041 
-0.871685 -0.43791 -0.513795 -0.999384 -0.872332 -0.965958 
-0.871685 -0.960522 -0.53071 -0.966671 -0.531101 -0.839728 
-0.871685 -0.960522 -0.53071 -0.999384 -0.872332 -0.406955 
-0.871685 -0.966671 -0.531101 -0.999384 -0.872332 -0.958853 
-0.43791 -0.864946 -0.964956 -0.49519 -0.853868 -0.452942 
-0.43791 -0.960522 -0.851358 -0.966671 -0.840041 -0.839728 
-0.43791 -0.960522 -0.851358 -0.999384 -0.965958 -0.406955 
-0.43791 -0.966671 -0.840041 -0.999384 -0.965958 -0.958853 
-0.983272 -0.864946 -0.552419 -0.49519 -0.888874 -0.452942 
-0.960522 -0.966671 -0.839728 -0.999384 -0.406955 -0.958853 
-0.993085 -0.865568 -0.949958 -0.493558 -0.975457 -0.445542 
-0.993085 -0.865568 -0.949958 -0.979697 -0.961657 -0.471566 
-0.993085 -0.995745 -0.992252 -0.493558 -0.975457 -0.999281 
-0.993085 -0.995745 -0.992252 -0.989729 -0.995676 -0.512521 
-0.993085 -0.493558 -0.975457 -0.979697 -0.961657 -0.86436 
-0.446047 -0.865568 -0.973881 -0.493558 -0.862761 -0.445542 
-0.446047 -0.493558 -0.862761 -0.86474 -0.473783 -0.978164 
-0.446047 -0.86474 -0.473783 -0.976391 -0.863717 -0.454142 
-0.865568 -0.493558 -0.445542 -0.979697 -0.471566 -0.86436 
-0.978006 -0.860812 -0.949958 -0.987049 -0.477837 -0.993924 
-0.978006 -0.860812 -0.949958 -0.976273 -0.975457 -0.445542 
-0.978006 -0.860812 -0.949958 -0.439543 -0.961657 -0.471566 
-0.978006 -0.860812 -0.949958 -0.4903 -0.998984 -0.979239 
-0.978006 -0.987049 -0.477837 -0.439543 -0.961657 -0.989064 
-0.978006 -0.987049 -0.477837 -0.4903 -0.998984 -0.995508 
-0.978006 -0.976273 -0.975457 -0.439543 -0.961657 -0.86436 
-0.978006 -0.439543 -0.961657 -0.4903 -0.998984 -0.868787 
-0.860812 -0.987049 -0.993924 -0.439543 -0.471566 -0.989064 
-0.860812 -0.987049 -0.993924 -0.4903 -0.979239 -0.995508 
-0.860812 -0.976273 -0.445542 -0.439543 -0.471566 -0.86436 
-0.860812 -0.439543 -0.471566 -0.4903 -0.979239 -0.868787 
-0.987049 -0.439543 -0.989064 -0.4903 -0.995508 -0.868787 
-0.439543 -0.4903 -0.868787 -0.857401 -0.973985 -0.445553 
-0.979555 -0.4903 -0.871503 -0.857401 -0.501761 -0.445553 
-0.965225 -0.876807 -0.55581 -0.966969 -0.847575 -0.523802 
-0.965225 -0.876807 -0.55581 -0.977404 -0.976416 -0.853037 
-0.965225 -0.876807 -0.55581 -0.455181 -0.83237 -0.50957 
-0.965225 -0.966969 -0.847575 -0.977404 -0.976416 -0.552419 
-0.965225 -0.966969 -0.847575 -0.455181 -0.83237 -0.856106 
-0.965225 -0.977404 -0.976416 -0.455181 -0.83237 -0.927976 
-0.876807 -0.966969 -0.523802 -0.977404 -0.853037 -0.552419 
-0.876807 -0.966969 -0.523802 -0.455181 -0.50957 -0.856106 
-0.876807 -0.966969 -0.523802 -0.994223 -0.965442 -0.888874 
-0.876807 -0.483393 -0.981401 -0.455181 -0.50957 -0.867595 
-0.876807 -0.977404 -0.853037 -0.455181 -0.50957 -0.927976 
-0.876807 -0.977404 -0.853037 -0.994223 -0.965442 -0.452942 
-0.876807 -0.455181 -0.50957 -0.994223 -0.965442 -0.979144 
-0.974394 -0.861125 -0.470348 -0.483393 -0.858084 -0.436106 
-0.861125 -0.483393 -0.436106 -0.455181 -0.975013 -0.867595 
-0.966969 -0.977404 -0.552419 -0.455181 -0.856106 -0.927976 
-0.966969 -0.977404 -0.552419 -0.994223 -0.888874 -0.452942 
-0.966969 -0.455181 -0.856106 -0.994223 -0.888874 -0.979144 
-0.977404 -0.455181 -0.927976 -0.994223 -0.452942 -0.979144 
-0.717455 -0.477837 -0.855975 -0.869546 -0.507704 -0.849861 
-0.717455 -0.477837 -0.855975 -0.753643 -0.739775 -0.490011 
-0.717455 -0.992252 -0.997106 -0.995676 -0.983054 -0.512521 
-0.717455 -0.869546 -0.507704 -0.753643 -0.739775 -0.46776 
-0.717455 -0.869546 -0.507704 -0.995676 -0.983054 -0.999266 
-0.949958 -0.477837 -0.993924 -0.961657 -0.471566 -0.989064 
-0.949958 -0.477837 -0.993924 -0.998984 -0.979239 -0.995508 
-0.949958 -0.975457 -0.445542 -0.961657 -0.471566 -0.86436 
-0.949958 -0.961657 -0.471566 -0.998984 -0.979239 -0.868787 
-0.477837 -0.869546 -0.849861 -0.753643 -0.490011 -0.46776 
-0.477837 -0.961657 -0.989064 -0.998984 -0.995508 -0.868787 
-0.992252 -0.999351 -0.453639 -0.995676 -0.512521 -0.878666 
-0.473783 -0.863717 -0.454142 -0.983444 -0.880319 -0.528948 
-0.855975 -0.507704 -0.849861 -0.739775 -0.490011 -0.46776 
-0.997106 -0.983054 -0.512521 -0.99792 -0.86384 -0.428999 
-0.993924 -0.471566 -0.989064 -0.979239 -0.995508 -0.868787 
-0.854526 -0.826516 -0.815764 -0.962333 -0.949876 -0.461074 
-0.854526 -0.826516 -0.815764 -0.482394 -0.551791 -0.498523 
-0.854526 -0.826516 -0.815764 -0.403097 -0.970185 -0.944598 
-0.854526 -0.826516 -0.815764 -0.967123 -0.422421 -0.929781 
-0.854526 -0.962333 -0.949876 -0.482394 -0.551791 -0.870213 
-0.854526 -0.962333 -0.949876 -0.403097 -0.970185 -0.99469 
-0.854526 -0.962333 -0.949876 -0.967123 -0.422421 -0.983098 
-0.854526 -0.482394 -0.551791 -0.403097 -0.970185 -0.849714 
-0.854526 -0.482394 -0.551791 -0.967123 -0.422421 -0.868802 
-0.826516 -0.861193 -0.998577 -0.482394 -0.498523 -0.976668 
-0.826516 -0.861193 -0.998577 -0.403097 -0.944598 -0.496793 
-0.826516 -0.962333 -0.461074 -0.482394 -0.498523 -0.870213 
-0.826516 -0.962333 -0.461074 -0.403097 -0.944598 -0.99469 
-0.826516 -0.962333 -0.461074 -0.967123 -0.929781 -0.983098 
-0.826516 -0.482394 -0.498523 -0.403097 -0.944598 -0.849714 
-0.826516 -0.482394 -0.498523 -0.967123 -0.929781 -0.868802 
-0.861193 -0.482394 -0.976668 -0.403097 -0.496793 -0.849714 
-0.861193 -0.403097 -0.496793 -0.979147 -0.509194 -0.884251 
-0.962333 -0.482394 -0.870213 -0.403097 -0.99469 -0.849714 
-0.962333 -0.482394 -0.870213 -0.967123 -0.983098 -0.868802 
-0.872155 -0.509675 -0.445398 -0.496879 -0.982044 -0.887319 
-0.872155 -0.509675 -0.445398 -0.997914 -0.991608 -0.994425 
-0.872155 -0.509675 -0.445398 -0.976263 -0.432089 -0.850125 
-0.872155 -0.997914 -0.991608 -0.976263 -0.432089 -0.995195 
-0.509675 -0.881614 -0.985491 -0.496879 -0.887319 -0.510021 
-0.509675 -0.997914 -0.994425 -0.976263 -0.850125 -0.995195 
-0.881614 -0.981609 -0.444607 -0.496879 -0.510021 -0.875968 
-0.453639 -0.88855 -0.55581 -0.97852 -0.960538 -0.955724 
-0.453639 -0.88855 -0.55581 -0.960301 -0.847575 -0.523802 
-0.453639 -0.88855 -0.55581 -0.966423 -0.83237 -0.50957 
-0.453639 -0.88855 -0.55581 -0.512521 -0.878666 -0.988581 
-0.453639 -0.88855 -0.55581 -0.947837 -0.87675 -0.810965 
-0.453639 -0.97852 -0.960538 -0.960301 -0.847575 -0.863168 
-0.453639 -0.97852 -0.960538 -0.989212 -0.991293 -0.815764 
-0.453639 -0.97852 -0.960538 -0.981227 -0.993999 -0.949876 
-0.453639 -0.97852 -0.960538 -0.947837 -0.87675 -0.422421 
-0.453639 -0.960301 -0.847575 -0.966423 -0.83237 -0.856106 
-0.453639 -0.960301 -0.847575 -0.989212 -0.991293 -0.995001 
-0.453639 -0.960301 -0.847575 -0.947837 -0.87675 -0.494652 
-0.453639 -0.966423 -0.83237 -0.947837 -0.87675 -0.960371 
-0.453639 -0.989212 -0.991293 -0.512521 -0.878666 -0.997922 
-0.453639 -0.989212 -0.991293 -0.981227 -0.993999 -0.461074 
-0.453639 -0.989212 -0.991293 -0.947837 -0.87675 -0.929781 
-0.453639 -0.512521 -0.878666 -0.981227 -0.993999 -0.979966 
-0.453639 -0.512521 -0.878666 -0.86384 -0.977032 -0.428999 
-0.453639 -0.512521 -0.878666 -0.947837 -0.87675 -0.996279 
-0.453639 -0.981227 -0.993999 -0.86384 -0.977032 -0.981031 
-0.453639 -0.981227 -0.993999 -0.947837 -0.87675 -0.983098 
-0.88855 -0.97852 -0.955724 -0.960301 -0.523802 -0.863168 
-0.88855 -0.97852 -0.955724 -0.947837 -0.810965 -0.422421 
-0.88855 -0.960301 -0.523802 -0.966423 -0.50957 -0.856106 
-0.88855 -0.960301 -0.523802 -0.947837 -0.810965 -0.494652 
-0.88855 -0.966423 -0.50957 -0.947837 -0.810965 -0.960371 
-0.88855 -0.512521 -0.988581 -0.947837 -0.810965 -0.996279 
-0.97852 -0.960301 -0.863168 -0.989212 -0.815764 -0.995001 
-0.97852 -0.960301 -0.863168 -0.947837 -0.422421 -0.494652 
-0.97852 -0.989212 -0.815764 -0.981227 -0.949876 -0.461074 
-0.97852 -0.989212 -0.815764 -0.947837 -0.422421 -0.929781 
-0.97852 -0.981227 -0.949876 -0.947837 -0.422421 -0.983098 
-0.973899 -0.992967 -0.995341 -0.512521 -0.852903 -0.983241 
-0.973899 -0.992967 -0.995341 -0.981227 -0.99641 -0.451943 
-0.973899 -0.992967 -0.995341 -0.86384 -0.462701 -0.979249 
-0.973899 -0.512521 -0.852903 -0.981227 -0.99641 -0.979966 
-0.973899 -0.512521 -0.852903 -0.86384 -0.462701 -0.428999 
-0.973899 -0.981227 -0.99641 -0.86384 -0.462701 -0.981031 
-0.960301 -0.966423 -0.856106 -0.947837 -0.494652 -0.960371 
-0.960301 -0.989212 -0.995001 -0.947837 -0.494652 -0.929781 
-0.992967 -0.989212 -0.858122 -0.512521 -0.983241 -0.997922 
-0.992967 -0.989212 -0.858122 -0.981227 -0.451943 -0.461074 
-0.992967 -0.512521 -0.983241 -0.981227 -0.451943 -0.979966 
-0.992967 -0.512521 -0.983241 -0.86384 -0.979249 -0.428999 
-0.992967 -0.981227 -0.451943 -0.86384 -0.979249 -0.981031 
-0.989212 -0.512521 -0.997922 -0.981227 -0.461074 -0.979966 
-0.989212 -0.512521 -0.997922 -0.947837 -0.929781 -0.996279 
-0.989212 -0.981227 -0.461074 -0.947837 -0.929781 -0.983098 
-0.512521 -0.981227 -0.979966 -0.86384 -0.428999 -0.981031 
-0.512521 -0.981227 -0.979966 -0.947837 -0.996279 -0.983098 
-0.971398 -0.445398 -0.987966 -0.853331 -0.980112 -0.970425 
-0.971398 -0.445398 -0.987966 -0.991608 -0.46776 -0.994425 
-0.971398 -0.445398 -0.987966 -0.432089 -0.968069 -0.850125 
-0.971398 -0.853331 -0.980112 -0.432089 -0.968069 -0.459791 
-0.971398 -0.853331 -0.980112 -0.970936 -0.995135 -0.415212 
-0.971398 -0.991608 -0.46776 -0.432089 -0.968069 -0.995195 
-0.971398 -0.432089 -0.968069 -0.970936 -0.995135 -0.852341 
-0.445398 -0.853331 -0.970425 -0.432089 -0.850125 -0.459791 
-0.445398 -0.991608 -0.994425 -0.432089 -0.850125 -0.995195 
-0.853331 -0.432089 -0.459791 -0.970936 -0.415212 -0.852341 
-0.979396 -0.511814 -0.868957 -0.869832 -0.505866 -0.441238 
-0.511814 -0.43829 -0.84913 -0.869832 -0.441238 -0.963943 
-0.511814 -0.43829 -0.84913 -0.857263 -0.971983 -0.470348 
-0.43829 -0.857263 -0.470348 -0.971599 -0.858084 -0.436106 
-0.55581 -0.960538 -0.955724 -0.847575 -0.523802 -0.863168 
-0.55581 -0.960538 -0.955724 -0.976416 -0.853037 -0.96308 
-0.55581 -0.960538 -0.955724 -0.87675 -0.810965 -0.422421 
-0.55581 -0.847575 -0.523802 -0.976416 -0.853037 -0.552419 
-0.55581 -0.847575 -0.523802 -0.83237 -0.50957 -0.856106 
-0.55581 -0.847575 -0.523802 -0.87675 -0.810965 -0.494652 
-0.55581 -0.976416 -0.853037 -0.83237 -0.50957 -0.927976 
-0.55581 -0.976416 -0.853037 -0.87675 -0.810965 -0.859053 
-0.55581 -0.83237 -0.50957 -0.87675 -0.810965 -0.960371 
-0.55581 -0.878666 -0.988581 -0.87675 -0.810965 -0.996279 
-0.960538 -0.847575 -0.863168 -0.976416 -0.96308 -0.552419 
-0.960538 -0.847575 -0.863168 -0.991293 -0.815764 -0.995001 
-0.960538 -0.847575 -0.863168 -0.999392 -0.551791 -0.980868 
-0.960538 -0.847575 -0.863168 -0.87675 -0.422421 -0.494652 
-0.960538 -0.976416 -0.96308 -0.87675 -0.422421 -0.859053 
-0.960538 -0.991293 -0.815764 -0.993999 -0.949876 -0.461074 
-0.960538 -0.991293 -0.815764 -0.999392 -0.551791 -0.498523 
-0.960538 -0.991293 -0.815764 -0.87675 -0.422421 -0.929781 
-0.960538 -0.993999 -0.949876 -0.999392 -0.551791 -0.870213 
-0.960538 -0.993999 -0.949876 -0.87675 -0.422421 -0.983098 
-0.960538 -0.999392 -0.551791 -0.87675 -0.422421 -0.868802 
-0.847575 -0.976416 -0.552419 -0.83237 -0.856106 -0.927976 
-0.847575 -0.976416 -0.552419 -0.87675 -0.494652 -0.859053 
-0.847575 -0.83237 -0.856106 -0.87675 -0.494652 -0.960371 
-0.847575 -0.991293 -0.995001 -0.999392 -0.980868 -0.498523 
-0.847575 -0.991293 -0.995001 -0.87675 -0.494652 -0.929781 
-0.847575 -0.999392 -0.980868 -0.87675 -0.494652 -0.868802 
-0.976416 -0.83237 -0.927976 -0.87675 -0.859053 -0.960371 
-0.991293 -0.878666 -0.997922 -0.993999 -0.461074 -0.979966 
-0.991293 -0.878666 -0.997922 -0.87675 -0.929781 -0.996279 
-0.991293 -0.993999 -0.461074 -0.999392 -0.498523 -0.870213 
-0.991293 -0.993999 -0.461074 -0.87675 -0.929781 -0.983098 
-0.991293 -0.999392 -0.498523 -0.87675 -0.929781 -0.868802 
-0.878666 -0.993999 -0.979966 -0.977032 -0.428999 -0.981031 
-0.878666 -0.993999 -0.979966 -0.87675 -0.996279 -0.983098 
-0.993999 -0.999392 -0.870213 -0.87675 -0.983098 -0.868802 
-0.987966 -0.980112 -0.970425 -0.968069 -0.850125 -0.459791 
-0.987966 -0.46776 -0.994425 -0.968069 -0.850125 -0.995195 
-0.980112 -0.968069 -0.459791 -0.995135 -0.415212 -0.852341 
-0.879613 -0.967795 -0.513795 -0.95536 -0.53071 -0.851358 
-0.879613 -0.967795 -0.513795 -0.449203 -0.531101 -0.840041 
-0.879613 -0.967795 -0.513795 -0.994854 -0.872332 -0.965958 
-0.879613 -0.505866 -0.985966 -0.449203 -0.531101 -0.874852 
-0.879613 -0.95536 -0.53071 -0.449203 -0.531101 -0.839728 
-0.879613 -0.95536 -0.53071 -0.994854 -0.872332 -0.406955 
-0.879613 -0.449203 -0.531101 -0.994854 -0.872332 -0.958853 
-0.967795 -0.95536 -0.851358 -0.449203 -0.840041 -0.839728 
-0.967795 -0.95536 -0.851358 -0.994854 -0.965958 -0.406955 
-0.967795 -0.449203 -0.840041 -0.994854 -0.965958 -0.958853 
-0.868957 -0.505866 -0.441238 -0.449203 -0.978945 -0.874852 
-0.95536 -0.449203 -0.839728 -0.994854 -0.406955 -0.958853 
-0.513795 -0.53071 -0.851358 -0.531101 -0.840041 -0.839728 
-0.513795 -0.53071 -0.851358 -0.872332 -0.965958 -0.406955 
-0.513795 -0.531101 -0.840041 -0.872332 -0.965958 -0.958853 
-0.984593 -0.53071 -0.867834 -0.872332 -0.514916 -0.406955 
-0.53071 -0.531101 -0.839728 -0.872332 -0.406955 -0.958853 
-0.855948 -0.473083 -0.444607 -0.979659 -0.510021 -0.875968 
-0.855948 -0.473083 -0.444607 -0.486935 -0.977483 -0.873197 
-0.473083 -0.874269 -0.981599 -0.486935 -0.873197 -0.509194 
-0.874269 -0.982151 -0.496793 -0.486935 -0.509194 -0.884251 
-0.955724 -0.523802 -0.863168 -0.853037 -0.96308 -0.552419 
-0.955724 -0.523802 -0.863168 -0.810965 -0.422421 -0.494652 
-0.955724 -0.853037 -0.96308 -0.810965 -0.422421 -0.859053 
-0.523802 -0.853037 -0.552419 -0.50957 -0.856106 -0.927976 
-0.523802 -0.853037 -0.552419 -0.965442 -0.888874 -0.452942 
-0.523802 -0.853037 -0.552419 -0.810965 -0.494652 -0.859053 
-0.523802 -0.50957 -0.856106 -0.965442 -0.888874 -0.979144 
-0.523802 -0.50957 -0.856106 -0.810965 -0.494652 -0.960371 
-0.523802 -0.965442 -0.888874 -0.810965 -0.494652 -0.974886 
-0.853037 -0.50957 -0.927976 -0.965442 -0.452942 -0.979144 
-0.853037 -0.50957 -0.927976 -0.810965 -0.859053 -0.960371 
-0.853037 -0.965442 -0.452942 -0.810965 -0.859053 -0.974886 
-0.50957 -0.965442 -0.979144 -0.810965 -0.960371 -0.974886 
-0.851358 -0.840041 -0.839728 -0.965958 -0.406955 -0.958853 
-0.868073 -0.459791 -0.97932 -0.415212 -0.526379 -0.852341 
-0.868073 -0.415212 -0.526379 -0.9793 -0.463795 -0.882585 
-0.863168 -0.96308 -0.552419 -0.422421 -0.494652 -0.859053 
-0.863168 -0.815764 -0.995001 -0.551791 -0.980868 -0.498523 
-0.863168 -0.815764 -0.995001 -0.422421 -0.494652 -0.929781 
-0.863168 -0.551791 -0.980868 -0.422421 -0.494652 -0.868802 
-0.815764 -0.949876 -0.461074 -0.551791 -0.498523 -0.870213 
-0.815764 -0.949876 -0.461074 -0.970185 -0.944598 -0.99469 
-0.815764 -0.949876 -0.461074 -0.422421 -0.929781 -0.983098 
-0.815764 -0.551791 -0.498523 -0.970185 -0.944598 -0.849714 
-0.815764 -0.551791 -0.498523 -0.422421 -0.929781 -0.868802 
-0.949876 -0.551791 -0.870213 -0.970185 -0.99469 -0.849714 
-0.949876 -0.551791 -0.870213 -0.422421 -0.983098 -0.868802 
-0.440357 -0.978217 -0.871503 -0.867737 -0.501761 -0.445553 
-0.440357 -0.867737 -0.501761 -0.462701 -0.853931 -0.978308 
-0.440357 -0.852903 -0.971945 -0.462701 -0.853931 -0.428999 
-0.995341 -0.852903 -0.983241 -0.99641 -0.451943 -0.979966 
-0.995341 -0.852903 -0.983241 -0.462701 -0.979249 -0.428999 
-0.995341 -0.99641 -0.451943 -0.462701 -0.979249 -0.981031 
-0.852903 -0.99641 -0.979966 -0.462701 -0.428999 -0.981031 
-0.976254 -0.454142 -0.867662 -0.880319 -0.40049 -0.528948 
-0.867662 -0.40049 -0.528948 -0.514916 -0.982464 -0.861477 
-0.40049 -0.867834 -0.973177 -0.514916 -0.861477 -0.406955 
-0.526379 -0.463795 -0.882585 -0.990443 -0.999418 -0.983241 
-0.526379 -0.463795 -0.882585 -0.855807 -0.978992 -0.451943 
-0.526379 -0.463795 -0.882585 -0.988455 -0.998807 -0.979249 
-0.526379 -0.990443 -0.999418 -0.855807 -0.978992 -0.979966 
-0.526379 -0.990443 -0.999418 -0.988455 -0.998807 -0.428999 
-0.526379 -0.855807 -0.978992 -0.988455 -0.998807 -0.981031 
-0.463795 -0.971832 -0.858122 -0.990443 -0.983241 -0.997922 
-0.463795 -0.971832 -0.858122 -0.855807 -0.451943 -0.461074 
-0.463795 -0.990443 -0.983241 -0.855807 -0.451943 -0.979966 
-0.463795 -0.990443 -0.983241 -0.988455 -0.979249 -0.428999 
-0.463795 -0.855807 -0.451943 -0.988455 -0.979249 -0.981031 
-0.971832 -0.990443 -0.997922 -0.855807 -0.461074 -0.979966 
-0.990443 -0.855807 -0.979966 -0.988455 -0.428999 -0.981031 
-0.552419 -0.856106 -0.927976 -0.888874 -0.452942 -0.979144 
-0.552419 -0.856106 -0.927976 -0.494652 -0.859053 -0.960371 
-0.552419 -0.888874 -0.452942 -0.494652 -0.859053 -0.974886 
-0.856106 -0.888874 -0.979144 -0.494652 -0.960371 -0.974886 
-0.995001 -0.980868 -0.498523 -0.494652 -0.929781 -0.868802 
-0.882585 -0.999418 -0.983241 -0.978992 -0.451943 -0.979966 
-0.882585 -0.999418 -0.983241 -0.998807 -0.979249 -0.428999 
-0.882585 -0.978992 -0.451943 -0.998807 -0.979249 -0.981031 
-0.999418 -0.978992 -0.979966 -0.998807 -0.428999 -0.981031 
-0.858122 -0.983241 -0.997922 -0.451943 -0.461074 -0.979966 
-0.858122 -0.451943 -0.461074 -0.979077 -0.498523 -0.870213 
-0.983241 -0.451943 -0.979966 -0.979249 -0.428999 -0.981031 
-0.927976 -0.452942 -0.979144 -0.859053 -0.960371 -0.974886 
-0.998577 -0.498523 -0.976668 -0.944598 -0.496793 -0.849714 
-0.997922 -0.461074 -0.979966 -0.929781 -0.996279 -0.983098 
-0.461074 -0.498523 -0.870213 -0.944598 -0.99469 -0.849714 
-0.461074 -0.498523 -0.870213 -0.929781 -0.983098 -0.868802 
