-0.95973 -0.454649 -0.984314 
-0.95973 -0.972352 -0.439683 
-0.95973 -0.464264 -0.994522 
-0.95973 -0.954178 -0.857359 
-0.95973 -0.98536 -0.986962 
-0.95973 -0.954339 -0.486985 
-0.95973 -0.997977 -0.99915 
-0.95973 -0.989227 -0.856534 
-0.95973 -0.979961 -0.970985 
-0.95973 -0.976631 -0.980973 
-0.95973 -0.993451 -0.992134 
-0.994953 -0.454649 -0.969301 
-0.994953 -0.954178 -0.852623 
-0.994953 -0.842271 -0.978304 
-0.994953 -0.954339 -0.967576 
-0.994953 -0.979961 -0.433208 
-0.454649 -0.972352 -0.996878 
-0.454649 -0.464264 -0.709897 
-0.454649 -0.954178 -0.941377 
-0.454649 -0.842271 -0.471334 
-0.454649 -0.98536 -0.983484 
-0.454649 -0.954339 -0.966764 
-0.454649 -0.997977 -0.990552 
-0.454649 -0.856255 -0.861319 
-0.454649 -0.867219 -0.745926 
-0.454649 -0.979961 -0.953024 
-0.454649 -0.976631 -0.986893 
-0.972352 -0.464264 -0.996081 
-0.972352 -0.954178 -0.965194 
-0.972352 -0.98536 -0.997592 
-0.972352 -0.954339 -0.854563 
-0.972352 -0.989227 -0.467298 
-0.972352 -0.976631 -0.985452 
-0.972352 -0.993451 -0.987658 
-0.464264 -0.954178 -0.995854 
-0.464264 -0.842271 -0.847808 
-0.464264 -0.98536 -0.988317 
-0.464264 -0.954339 -0.995698 
-0.464264 -0.856255 -0.501069 
-0.464264 -0.867219 -0.732119 
-0.464264 -0.976631 -0.974327 
-0.464264 -0.993451 -0.989127 
-0.954178 -0.842271 -0.985149 
-0.954178 -0.98536 -0.993262 
-0.954178 -0.954339 -0.43918 
-0.954178 -0.997977 -0.993444 
-0.954178 -0.989227 -0.999639 
-0.954178 -0.979961 -0.46509 
-0.842271 -0.98536 -0.992971 
-0.842271 -0.954339 -0.998456 
-0.842271 -0.997977 -0.993698 
-0.842271 -0.856255 -0.84172 
-0.842271 -0.867219 -0.483454 
-0.842271 -0.979961 -0.980311 
-0.842271 -0.976631 -0.998444 
-0.98536 -0.954339 -0.990483 
-0.98536 -0.997977 -0.447242 
-0.98536 -0.856255 -0.997067 
-0.98536 -0.867219 -0.997785 
-0.98536 -0.976631 -0.505865 
-0.98536 -0.993451 -0.855638 
-0.954339 -0.997977 -0.996407 
-0.954339 -0.989227 -0.969459 
-0.954339 -0.979961 -0.856155 
-0.954339 -0.976631 -0.993905 
-0.997977 -0.979961 -0.998948 
-0.997977 -0.997534 -0.999097 
-0.997977 -0.976631 -0.870399 
-0.997977 -0.993451 -0.968332 
-0.856255 -0.867219 -0.461301 
-0.856255 -0.976631 -0.990468 
-0.856255 -0.993451 -0.999341 
-0.989227 -0.976631 -0.993238 
-0.989227 -0.993451 -0.987081 
-0.867219 -0.976631 -0.998123 
-0.976631 -0.993451 -0.42271 
-0.995316 -0.99264 -0.868548 
-0.995316 -0.974544 -0.958313 
-0.995316 -0.856739 -0.968702 
-0.995316 -0.992648 -0.448777 
-0.995316 -0.48861 -0.985447 
-0.995941 -0.863448 -0.871341 
-0.995941 -0.431582 -0.959135 
-0.995941 -0.951894 -0.946755 
-0.995941 -0.958016 -0.442825 
-0.995941 -0.990585 -0.986076 
-0.863448 -0.431582 -0.507133 
-0.863448 -0.856739 -0.998603 
-0.863448 -0.951894 -0.523974 
-0.863448 -0.48861 -0.970937 
-0.863448 -0.958016 -0.524363 
-0.863448 -0.990585 -0.864092 
-0.99264 -0.974544 -0.517096 
-0.99264 -0.856739 -0.844882 
-0.99264 -0.992648 -0.502927 
-0.99264 -0.48861 -0.956793 
-0.431582 -0.974544 -0.997378 
-0.431582 -0.856739 -0.956309 
-0.431582 -0.951894 -0.843211 
-0.431582 -0.48861 -0.84571 
-0.431582 -0.958016 -0.831943 
-0.431582 -0.990585 -0.957306 
-0.974544 -0.856739 -0.545587 
-0.974544 -0.992648 -0.847938 
-0.974544 -0.48861 -0.880562 
-0.856739 -0.992648 -0.919492 
-0.856739 -0.48861 -0.446548 
-0.992648 -0.48861 -0.970435 
-0.951894 -0.48861 -0.997409 
-0.951894 -0.958016 -0.831631 
-0.951894 -0.990585 -0.400763 
-0.48861 -0.958016 -0.99431 
-0.958016 -0.990585 -0.950232 
-0.984314 -0.439683 -0.996878 
-0.984314 -0.994522 -0.709897 
-0.984314 -0.857359 -0.941377 
-0.984314 -0.986962 -0.983484 
-0.984314 -0.486985 -0.966764 
-0.984314 -0.99915 -0.990552 
-0.984314 -0.970985 -0.953024 
-0.984314 -0.980973 -0.986893 
-0.439683 -0.994522 -0.996081 
-0.439683 -0.857359 -0.965194 
-0.439683 -0.986962 -0.997592 
-0.439683 -0.486985 -0.854563 
-0.439683 -0.99944 -0.992797 
-0.439683 -0.997522 -0.993822 
-0.439683 -0.856534 -0.467298 
-0.439683 -0.967694 -0.855516 
-0.439683 -0.980973 -0.985452 
-0.439683 -0.992134 -0.987658 
-0.994522 -0.857359 -0.995854 
-0.994522 -0.986962 -0.988317 
-0.994522 -0.486985 -0.995698 
-0.994522 -0.99944 -0.999881 
-0.994522 -0.980973 -0.974327 
-0.994522 -0.992134 -0.989127 
-0.857359 -0.986962 -0.993262 
-0.857359 -0.486985 -0.43918 
-0.857359 -0.99915 -0.993444 
-0.857359 -0.856534 -0.999639 
-0.857359 -0.970985 -0.46509 
-0.986962 -0.486985 -0.990483 
-0.986962 -0.99915 -0.447242 
-0.986962 -0.980973 -0.505865 
-0.986962 -0.992134 -0.855638 
-0.486985 -0.99915 -0.996407 
-0.486985 -0.856534 -0.969459 
-0.486985 -0.970985 -0.856155 
-0.486985 -0.980973 -0.993905 
-0.99944 -0.997522 -0.439037 
-0.99944 -0.856534 -0.99582 
-0.99915 -0.970985 -0.998948 
-0.99915 -0.980973 -0.870399 
-0.99915 -0.992134 -0.968332 
-0.997522 -0.856534 -0.999461 
-0.856534 -0.967694 -0.447742 
-0.856534 -0.980973 -0.993238 
-0.856534 -0.992134 -0.987081 
-0.967694 -0.992134 -0.993426 
-0.980973 -0.992134 -0.42271 
-0.993241 -0.978304 -0.998492 
-0.993241 -0.433208 -0.999577 
-0.993241 -0.483742 -0.992963 
-0.993241 -0.995922 -0.448777 
-0.969301 -0.852623 -0.941377 
-0.969301 -0.978304 -0.471334 
-0.969301 -0.967576 -0.966764 
-0.969301 -0.433208 -0.953024 
-0.969301 -0.483742 -0.990187 
-0.852623 -0.978304 -0.985149 
-0.852623 -0.967576 -0.43918 
-0.852623 -0.433208 -0.46509 
-0.852623 -0.483742 -0.970529 
-0.978304 -0.967576 -0.998456 
-0.978304 -0.433208 -0.980311 
-0.978304 -0.483742 -0.986727 
-0.978304 -0.995922 -0.997245 
-0.967576 -0.433208 -0.856155 
-0.433208 -0.483742 -0.860563 
-0.433208 -0.995922 -0.996736 
-0.433208 -0.849227 -0.965298 
-0.970844 -0.483742 -0.863267 
-0.970844 -0.849227 -0.495152 
-0.483742 -0.849227 -0.439192 
-0.998492 -0.995733 -0.992971 
-0.998492 -0.956577 -0.993698 
-0.998492 -0.999577 -0.980311 
-0.998492 -0.992963 -0.986727 
-0.998492 -0.448777 -0.997245 
-0.995733 -0.956577 -0.447242 
-0.995733 -0.868548 -0.880239 
-0.995733 -0.958313 -0.951674 
-0.995733 -0.968702 -0.998148 
-0.995733 -0.448777 -0.95777 
-0.995733 -0.994054 -0.939265 
-0.997878 -0.965705 -0.431961 
-0.997878 -0.852934 -0.849089 
-0.997878 -0.476865 -0.962923 
-0.956577 -0.868548 -0.548963 
-0.956577 -0.999577 -0.998948 
-0.956577 -0.958313 -0.839445 
-0.956577 -0.476865 -0.998103 
-0.956577 -0.968702 -0.967718 
-0.956577 -0.448777 -0.824306 
-0.956577 -0.985447 -0.999097 
-0.956577 -0.994054 -0.868491 
-0.868548 -0.958313 -0.517096 
-0.868548 -0.476865 -0.972681 
-0.868548 -0.968702 -0.844882 
-0.868548 -0.448777 -0.502927 
-0.868548 -0.985447 -0.956793 
-0.868548 -0.994054 -0.802995 
-0.965705 -0.852934 -0.463878 
-0.965705 -0.476865 -0.849908 
-0.965705 -0.448777 -0.998845 
-0.852934 -0.476865 -0.429786 
-0.852934 -0.448777 -0.966322 
-0.999577 -0.992963 -0.860563 
-0.999577 -0.448777 -0.996736 
-0.958313 -0.476865 -0.995211 
-0.958313 -0.968702 -0.545587 
-0.958313 -0.448777 -0.847938 
-0.958313 -0.985447 -0.880562 
-0.958313 -0.994054 -0.488075 
-0.476865 -0.992963 -0.996301 
-0.476865 -0.968702 -0.994012 
-0.476865 -0.448777 -0.859376 
-0.476865 -0.985447 -0.997453 
-0.968702 -0.448777 -0.919492 
-0.968702 -0.985447 -0.446548 
-0.968702 -0.994054 -0.850872 
-0.448777 -0.985447 -0.970435 
-0.448777 -0.994054 -0.951744 
-0.985447 -0.994054 -0.966195 
-0.996878 -0.709897 -0.996081 
-0.996878 -0.941377 -0.965194 
-0.996878 -0.983484 -0.997592 
-0.996878 -0.966764 -0.854563 
-0.996878 -0.986893 -0.985452 
-0.709897 -0.941377 -0.995854 
-0.709897 -0.471334 -0.847808 
-0.709897 -0.983484 -0.988317 
-0.709897 -0.966764 -0.995698 
-0.709897 -0.861319 -0.501069 
-0.709897 -0.745926 -0.732119 
-0.709897 -0.986893 -0.974327 
-0.941377 -0.471334 -0.985149 
-0.941377 -0.983484 -0.993262 
-0.941377 -0.966764 -0.43918 
-0.941377 -0.990552 -0.993444 
-0.941377 -0.953024 -0.46509 
-0.941377 -0.990187 -0.970529 
-0.471334 -0.983484 -0.992971 
-0.471334 -0.966764 -0.998456 
-0.471334 -0.990552 -0.993698 
-0.471334 -0.861319 -0.84172 
-0.471334 -0.745926 -0.483454 
-0.471334 -0.953024 -0.980311 
-0.471334 -0.990187 -0.986727 
-0.471334 -0.986893 -0.998444 
-0.983484 -0.966764 -0.990483 
-0.983484 -0.990552 -0.447242 
-0.983484 -0.861319 -0.997067 
-0.983484 -0.745926 -0.997785 
-0.983484 -0.986893 -0.505865 
-0.966764 -0.990552 -0.996407 
-0.966764 -0.953024 -0.856155 
-0.966764 -0.986893 -0.993905 
-0.990552 -0.953024 -0.998948 
-0.990552 -0.986893 -0.870399 
-0.861319 -0.745926 -0.461301 
-0.861319 -0.986893 -0.990468 
-0.745926 -0.986893 -0.998123 
-0.953024 -0.990187 -0.860563 
-0.996081 -0.965194 -0.995854 
-0.996081 -0.997592 -0.988317 
-0.996081 -0.854563 -0.995698 
-0.996081 -0.992797 -0.999881 
-0.996081 -0.996959 -0.997091 
-0.996081 -0.985452 -0.974327 
-0.996081 -0.987658 -0.989127 
-0.965194 -0.997592 -0.993262 
-0.965194 -0.854563 -0.43918 
-0.965194 -0.467298 -0.999639 
-0.997592 -0.854563 -0.990483 
-0.997592 -0.994025 -0.965212 
-0.997592 -0.985452 -0.505865 
-0.997592 -0.987658 -0.855638 
-0.854563 -0.467298 -0.969459 
-0.854563 -0.985452 -0.993905 
-0.992797 -0.993822 -0.439037 
-0.992797 -0.467298 -0.99582 
-0.992797 -0.996959 -0.425786 
-0.993822 -0.467298 -0.999461 
-0.993822 -0.996959 -0.841983 
-0.994025 -0.467298 -0.986289 
-0.994025 -0.855516 -0.984094 
-0.994025 -0.974715 -0.993181 
-0.994025 -0.985452 -0.844749 
-0.994025 -0.987658 -0.456264 
-0.467298 -0.855516 -0.447742 
-0.467298 -0.996959 -0.997815 
-0.467298 -0.974715 -0.872044 
-0.467298 -0.985452 -0.993238 
-0.467298 -0.987658 -0.987081 
-0.855516 -0.974715 -0.52222 
-0.855516 -0.987658 -0.993426 
-0.985452 -0.987658 -0.42271 
-0.995854 -0.847808 -0.985149 
-0.995854 -0.988317 -0.993262 
-0.995854 -0.995698 -0.43918 
-0.847808 -0.988317 -0.992971 
-0.847808 -0.995698 -0.998456 
-0.847808 -0.501069 -0.84172 
-0.847808 -0.732119 -0.483454 
-0.847808 -0.974327 -0.998444 
-0.988317 -0.995698 -0.990483 
-0.988317 -0.501069 -0.997067 
-0.988317 -0.732119 -0.997785 
-0.988317 -0.974327 -0.505865 
-0.988317 -0.989127 -0.855638 
-0.995698 -0.974327 -0.993905 
-0.999881 -0.501069 -0.962723 
-0.999881 -0.997953 -0.845175 
-0.999881 -0.732119 -0.982844 
-0.999881 -0.997091 -0.425786 
-0.501069 -0.997953 -0.971398 
-0.501069 -0.732119 -0.461301 
-0.501069 -0.997091 -0.959408 
-0.501069 -0.974327 -0.990468 
-0.501069 -0.989127 -0.999341 
-0.997953 -0.732119 -0.993058 
-0.997953 -0.997091 -0.453367 
-0.732119 -0.997091 -0.986415 
-0.732119 -0.974327 -0.998123 
-0.974327 -0.989127 -0.42271 
-0.985149 -0.993262 -0.992971 
-0.985149 -0.43918 -0.998456 
-0.985149 -0.993444 -0.993698 
-0.985149 -0.46509 -0.980311 
-0.985149 -0.970529 -0.986727 
-0.993262 -0.43918 -0.990483 
-0.993262 -0.993444 -0.447242 
-0.43918 -0.993444 -0.996407 
-0.43918 -0.999639 -0.969459 
-0.43918 -0.46509 -0.856155 
-0.993444 -0.46509 -0.998948 
-0.46509 -0.970529 -0.860563 
-0.846364 -0.997393 -0.854968 
-0.846364 -0.995245 -0.99177 
-0.846364 -0.818478 -0.807774 
-0.846364 -0.953697 -0.941295 
-0.846364 -0.475871 -0.544962 
-0.846364 -0.396923 -0.961514 
-0.846364 -0.958467 -0.416161 
-0.997393 -0.818478 -0.986222 
-0.997393 -0.475871 -0.97215 
-0.997393 -0.958467 -0.488075 
-0.995245 -0.818478 -0.849944 
-0.995245 -0.953697 -0.445553 
-0.995245 -0.475871 -0.970368 
-0.995245 -0.958467 -0.999884 
-0.818478 -0.853003 -0.989782 
-0.818478 -0.953697 -0.454644 
-0.818478 -0.475871 -0.491928 
-0.818478 -0.396923 -0.936041 
-0.818478 -0.958467 -0.921288 
-0.853003 -0.475871 -0.967969 
-0.853003 -0.396923 -0.490206 
-0.853003 -0.970437 -0.502552 
-0.953697 -0.475871 -0.861982 
-0.953697 -0.396923 -0.985912 
-0.953697 -0.958467 -0.974371 
-0.475871 -0.396923 -0.841574 
-0.475871 -0.958467 -0.860578 
-0.396923 -0.970437 -0.875959 
-0.396923 -0.958467 -0.996412 
-0.863916 -0.991787 -0.962723 
-0.863916 -0.503031 -0.439037 
-0.863916 -0.998887 -0.845175 
-0.863916 -0.490292 -0.973322 
-0.863916 -0.989122 -0.982844 
-0.863916 -0.967566 -0.425786 
-0.991787 -0.503031 -0.979217 
-0.991787 -0.998887 -0.971398 
-0.991787 -0.989122 -0.461301 
-0.991787 -0.967566 -0.959408 
-0.503031 -0.873333 -0.976753 
-0.503031 -0.998887 -0.961754 
-0.503031 -0.490292 -0.879014 
-0.503031 -0.989122 -0.985649 
-0.503031 -0.967566 -0.841983 
-0.873333 -0.972888 -0.43825 
-0.873333 -0.490292 -0.503376 
-0.972888 -0.490292 -0.867712 
-0.998887 -0.989122 -0.993058 
-0.998887 -0.967566 -0.453367 
-0.490292 -0.989122 -0.997406 
-0.989122 -0.967566 -0.986415 
-0.992971 -0.998456 -0.990483 
-0.992971 -0.993698 -0.447242 
-0.992971 -0.84172 -0.997067 
-0.992971 -0.483454 -0.997785 
-0.992971 -0.997245 -0.95777 
-0.992971 -0.998444 -0.505865 
-0.998456 -0.993698 -0.996407 
-0.998456 -0.980311 -0.856155 
-0.998456 -0.998444 -0.993905 
-0.993698 -0.980311 -0.998948 
-0.993698 -0.997245 -0.824306 
-0.993698 -0.998444 -0.870399 
-0.84172 -0.483454 -0.461301 
-0.84172 -0.998444 -0.990468 
-0.483454 -0.998444 -0.998123 
-0.980311 -0.986727 -0.860563 
-0.980311 -0.997245 -0.996736 
-0.997245 -0.998444 -0.999003 
-0.990483 -0.447242 -0.996407 
-0.990483 -0.505865 -0.993905 
-0.447242 -0.880239 -0.548963 
-0.447242 -0.969813 -0.951911 
-0.447242 -0.965212 -0.999274 
-0.447242 -0.951674 -0.839445 
-0.447242 -0.984196 -0.996288 
-0.447242 -0.998148 -0.967718 
-0.447242 -0.95777 -0.824306 
-0.447242 -0.980458 -0.98253 
-0.447242 -0.505865 -0.870399 
-0.447242 -0.972508 -0.985224 
-0.447242 -0.993391 -0.990593 
-0.447242 -0.855638 -0.968332 
-0.447242 -0.939265 -0.868491 
-0.997067 -0.997785 -0.461301 
-0.997067 -0.999544 -0.986355 
-0.997067 -0.505865 -0.990468 
-0.997067 -0.855638 -0.999341 
-0.880239 -0.969813 -0.947117 
-0.880239 -0.951674 -0.517096 
-0.880239 -0.998148 -0.844882 
-0.880239 -0.95777 -0.502927 
-0.880239 -0.980458 -0.993533 
-0.880239 -0.505865 -0.97983 
-0.880239 -0.993391 -0.993209 
-0.880239 -0.939265 -0.802995 
-0.969813 -0.951674 -0.854968 
-0.969813 -0.984196 -0.99177 
-0.969813 -0.998148 -0.954441 
-0.969813 -0.95777 -0.993614 
-0.969813 -0.980458 -0.807774 
-0.969813 -0.505865 -0.993009 
-0.969813 -0.972508 -0.941295 
-0.969813 -0.993391 -0.544962 
-0.969813 -0.939265 -0.416161 
-0.965212 -0.998644 -0.434019 
-0.965212 -0.99193 -0.994423 
-0.965212 -0.984196 -0.986561 
-0.965212 -0.505865 -0.844749 
-0.965212 -0.972508 -0.987625 
-0.965212 -0.855638 -0.456264 
-0.997785 -0.505865 -0.998123 
-0.998644 -0.984196 -0.994703 
-0.998644 -0.505865 -0.963267 
-0.998644 -0.972508 -0.996446 
-0.998644 -0.855638 -0.845772 
-0.99193 -0.999544 -0.519662 
-0.99193 -0.984196 -0.457353 
-0.99193 -0.980458 -0.963155 
-0.99193 -0.505865 -0.981684 
-0.99193 -0.972508 -0.84764 
-0.99193 -0.855638 -0.979704 
-0.951674 -0.998148 -0.545587 
-0.951674 -0.95777 -0.847938 
-0.951674 -0.980458 -0.986222 
-0.951674 -0.505865 -0.996186 
-0.951674 -0.993391 -0.97215 
-0.951674 -0.939265 -0.488075 
-0.999544 -0.984196 -0.874301 
-0.999544 -0.505865 -0.990619 
-0.999544 -0.972508 -0.970283 
-0.999544 -0.855638 -0.990011 
-0.984196 -0.980458 -0.849944 
-0.984196 -0.505865 -0.974513 
-0.984196 -0.972508 -0.445553 
-0.984196 -0.993391 -0.970368 
-0.984196 -0.855638 -0.970539 
-0.984196 -0.939265 -0.999884 
-0.998148 -0.95777 -0.919492 
-0.998148 -0.993391 -0.99759 
-0.998148 -0.939265 -0.850872 
-0.95777 -0.505865 -0.999003 
-0.95777 -0.939265 -0.951744 
-0.980458 -0.505865 -0.98913 
-0.980458 -0.972508 -0.454644 
-0.980458 -0.993391 -0.491928 
-0.980458 -0.855638 -0.993528 
-0.980458 -0.939265 -0.921288 
-0.505865 -0.972508 -0.971253 
-0.505865 -0.855638 -0.42271 
-0.505865 -0.939265 -0.987494 
-0.972508 -0.993391 -0.861982 
-0.972508 -0.855638 -0.972313 
-0.972508 -0.939265 -0.974371 
-0.993391 -0.939265 -0.860578 
-0.996407 -0.856155 -0.998948 
-0.996407 -0.993905 -0.870399 
-0.969459 -0.993905 -0.993238 
-0.962723 -0.439037 -0.979217 
-0.962723 -0.845175 -0.971398 
-0.962723 -0.982844 -0.461301 
-0.962723 -0.425786 -0.959408 
-0.962723 -0.962262 -0.986355 
-0.439037 -0.845175 -0.961754 
-0.439037 -0.973322 -0.879014 
-0.439037 -0.99582 -0.999461 
-0.439037 -0.982844 -0.985649 
-0.439037 -0.425786 -0.841983 
-0.439037 -0.962262 -0.997383 
-0.845175 -0.982844 -0.993058 
-0.845175 -0.425786 -0.453367 
-0.845175 -0.962262 -0.408984 
-0.973322 -0.982844 -0.997406 
-0.99582 -0.425786 -0.997815 
-0.982844 -0.425786 -0.986415 
-0.425786 -0.962262 -0.844189 
-0.970685 -0.505161 -0.860732 
-0.970685 -0.431961 -0.995553 
-0.970685 -0.861603 -0.499239 
-0.505161 -0.431961 -0.840993 
-0.505161 -0.861603 -0.434895 
-0.505161 -0.849089 -0.963305 
-0.505161 -0.962923 -0.996862 
-0.431961 -0.861603 -0.9553 
-0.431961 -0.849089 -0.463878 
-0.431961 -0.962923 -0.849908 
-0.431961 -0.989482 -0.995147 
-0.431961 -0.993434 -0.99434 
-0.861603 -0.849089 -0.995834 
-0.849089 -0.962923 -0.429786 
-0.849089 -0.993434 -0.999792 
-0.989482 -0.993434 -0.445553 
-0.548963 -0.951911 -0.947117 
-0.548963 -0.839445 -0.517096 
-0.548963 -0.998103 -0.972681 
-0.548963 -0.967718 -0.844882 
-0.548963 -0.824306 -0.502927 
-0.548963 -0.999097 -0.956793 
-0.548963 -0.98253 -0.993533 
-0.548963 -0.870399 -0.97983 
-0.548963 -0.990593 -0.993209 
-0.548963 -0.868491 -0.802995 
-0.951911 -0.839445 -0.854968 
-0.951911 -0.996288 -0.99177 
-0.951911 -0.967718 -0.954441 
-0.951911 -0.824306 -0.993614 
-0.951911 -0.999097 -0.994825 
-0.951911 -0.98253 -0.807774 
-0.951911 -0.870399 -0.993009 
-0.951911 -0.985224 -0.941295 
-0.951911 -0.990593 -0.544962 
-0.951911 -0.868491 -0.416161 
-0.999274 -0.996288 -0.986561 
-0.999274 -0.870399 -0.844749 
-0.999274 -0.985224 -0.987625 
-0.999274 -0.968332 -0.456264 
-0.998948 -0.824306 -0.996736 
-0.839445 -0.998103 -0.995211 
-0.839445 -0.967718 -0.545587 
-0.839445 -0.824306 -0.847938 
-0.839445 -0.999097 -0.880562 
-0.839445 -0.98253 -0.986222 
-0.839445 -0.870399 -0.996186 
-0.839445 -0.990593 -0.97215 
-0.839445 -0.868491 -0.488075 
-0.998103 -0.967718 -0.994012 
-0.998103 -0.824306 -0.859376 
-0.998103 -0.999097 -0.997453 
-0.996288 -0.98253 -0.849944 
-0.996288 -0.870399 -0.974513 
-0.996288 -0.985224 -0.445553 
-0.996288 -0.990593 -0.970368 
-0.996288 -0.968332 -0.970539 
-0.996288 -0.868491 -0.999884 
-0.967718 -0.824306 -0.919492 
-0.967718 -0.999097 -0.446548 
-0.967718 -0.990593 -0.99759 
-0.967718 -0.868491 -0.850872 
-0.824306 -0.999097 -0.970435 
-0.824306 -0.870399 -0.999003 
-0.824306 -0.868491 -0.951744 
-0.999097 -0.868491 -0.966195 
-0.98253 -0.870399 -0.98913 
-0.98253 -0.985224 -0.454644 
-0.98253 -0.990593 -0.491928 
-0.98253 -0.968332 -0.993528 
-0.98253 -0.868491 -0.921288 
-0.870399 -0.985224 -0.971253 
-0.870399 -0.968332 -0.42271 
-0.870399 -0.868491 -0.987494 
-0.985224 -0.990593 -0.861982 
-0.985224 -0.968332 -0.972313 
-0.985224 -0.868491 -0.974371 
-0.990593 -0.868491 -0.860578 
-0.979217 -0.971398 -0.961754 
-0.979217 -0.461301 -0.985649 
-0.979217 -0.959408 -0.841983 
-0.979217 -0.986355 -0.997383 
-0.971398 -0.461301 -0.993058 
-0.971398 -0.959408 -0.453367 
-0.971398 -0.986355 -0.408984 
-0.461301 -0.959408 -0.986415 
-0.461301 -0.990468 -0.998123 
-0.959408 -0.986355 -0.844189 
-0.986355 -0.990468 -0.990619 
-0.986355 -0.999341 -0.990011 
-0.990468 -0.999341 -0.42271 
-0.871341 -0.959135 -0.507133 
-0.871341 -0.499239 -0.977226 
-0.871341 -0.946755 -0.523974 
-0.871341 -0.442825 -0.524363 
-0.871341 -0.986076 -0.864092 
-0.959135 -0.499239 -0.998816 
-0.959135 -0.946755 -0.843211 
-0.959135 -0.442825 -0.831943 
-0.959135 -0.986076 -0.957306 
-0.860732 -0.995553 -0.840993 
-0.860732 -0.499239 -0.434895 
-0.860732 -0.442825 -0.970236 
-0.995553 -0.499239 -0.9553 
-0.499239 -0.946755 -0.995264 
-0.499239 -0.442825 -0.866602 
-0.946755 -0.442825 -0.831631 
-0.946755 -0.986076 -0.400763 
-0.442825 -0.986076 -0.950232 
-0.507133 -0.977226 -0.998816 
-0.507133 -0.97586 -0.998653 
-0.507133 -0.998603 -0.956309 
-0.507133 -0.523974 -0.843211 
-0.507133 -0.970937 -0.84571 
-0.507133 -0.524363 -0.831943 
-0.507133 -0.864092 -0.957306 
-0.977226 -0.523974 -0.995264 
-0.977226 -0.524363 -0.866602 
-0.97586 -0.523974 -0.859615 
-0.97586 -0.524363 -0.996466 
-0.97586 -0.864092 -0.508249 
-0.998603 -0.970937 -0.446548 
-0.523974 -0.970937 -0.997409 
-0.523974 -0.524363 -0.831631 
-0.523974 -0.864092 -0.400763 
-0.970937 -0.524363 -0.99431 
-0.524363 -0.864092 -0.950232 
-0.976753 -0.879014 -0.503376 
-0.961754 -0.985649 -0.993058 
-0.961754 -0.841983 -0.453367 
-0.961754 -0.997383 -0.408984 
-0.879014 -0.985649 -0.997406 
-0.999461 -0.841983 -0.997815 
-0.985649 -0.841983 -0.986415 
-0.841983 -0.997383 -0.844189 
-0.847781 -0.466601 -0.43825 
-0.847781 -0.970947 -0.503376 
-0.847781 -0.480392 -0.96878 
-0.466601 -0.970947 -0.867712 
-0.466601 -0.866021 -0.972879 
-0.466601 -0.480392 -0.864954 
-0.866021 -0.973428 -0.490206 
-0.866021 -0.480392 -0.502552 
-0.973428 -0.480392 -0.875959 
-0.947117 -0.517096 -0.854968 
-0.947117 -0.844882 -0.954441 
-0.947117 -0.502927 -0.993614 
-0.947117 -0.956793 -0.994825 
-0.947117 -0.993533 -0.807774 
-0.947117 -0.97983 -0.993009 
-0.947117 -0.993209 -0.544962 
-0.947117 -0.802995 -0.416161 
-0.517096 -0.972681 -0.995211 
-0.517096 -0.844882 -0.545587 
-0.517096 -0.502927 -0.847938 
-0.517096 -0.956793 -0.880562 
-0.517096 -0.993533 -0.986222 
-0.517096 -0.97983 -0.996186 
-0.517096 -0.993209 -0.97215 
-0.517096 -0.802995 -0.488075 
-0.972681 -0.844882 -0.994012 
-0.972681 -0.502927 -0.859376 
-0.972681 -0.956793 -0.997453 
-0.844882 -0.502927 -0.919492 
-0.844882 -0.956793 -0.446548 
-0.844882 -0.993209 -0.99759 
-0.844882 -0.802995 -0.850872 
-0.502927 -0.956793 -0.970435 
-0.502927 -0.97983 -0.999003 
-0.502927 -0.802995 -0.951744 
-0.956793 -0.802995 -0.966195 
-0.993533 -0.97983 -0.98913 
-0.993533 -0.993209 -0.491928 
-0.993533 -0.802995 -0.921288 
-0.97983 -0.802995 -0.987494 
-0.993209 -0.802995 -0.860578 
-0.998816 -0.843211 -0.995264 
-0.998816 -0.831943 -0.866602 
-0.998653 -0.843211 -0.859615 
-0.998653 -0.831943 -0.996466 
-0.998653 -0.957306 -0.508249 
-0.997378 -0.956309 -0.545587 
-0.997378 -0.84571 -0.880562 
-0.956309 -0.84571 -0.446548 
-0.843211 -0.84571 -0.997409 
-0.843211 -0.831943 -0.831631 
-0.843211 -0.957306 -0.400763 
-0.84571 -0.831943 -0.99431 
-0.831943 -0.957306 -0.950232 
-0.43825 -0.503376 -0.867712 
-0.43825 -0.96878 -0.864954 
-0.840993 -0.434895 -0.9553 
-0.840993 -0.963305 -0.463878 
-0.840993 -0.996862 -0.849908 
-0.434895 -0.963305 -0.995834 
-0.434895 -0.970236 -0.866602 
-0.963305 -0.996862 -0.429786 
-0.9553 -0.463878 -0.995834 
-0.463878 -0.849908 -0.429786 
-0.463878 -0.998845 -0.966322 
-0.463878 -0.99434 -0.999792 
-0.849908 -0.998845 -0.859376 
-0.995147 -0.999808 -0.849944 
-0.995147 -0.99434 -0.445553 
-0.999808 -0.997309 -0.989782 
-0.999808 -0.99434 -0.454644 
-0.999808 -0.998896 -0.936041 
-0.997309 -0.998896 -0.490206 
-0.99434 -0.998896 -0.985912 
-0.972879 -0.864954 -0.502552 
-0.993058 -0.453367 -0.986415 
-0.859852 -0.453367 -0.970609 
-0.859852 -0.408984 -0.519662 
-0.859852 -0.97059 -0.457353 
-0.859852 -0.999818 -0.84764 
-0.453367 -0.408984 -0.844189 
-0.408984 -0.97059 -0.874301 
-0.408984 -0.999818 -0.970283 
-0.97059 -0.999818 -0.445553 
-0.995264 -0.866602 -0.831631 
-0.854968 -0.954441 -0.545587 
-0.854968 -0.993614 -0.847938 
-0.854968 -0.994825 -0.880562 
-0.854968 -0.807774 -0.986222 
-0.854968 -0.993009 -0.996186 
-0.854968 -0.544962 -0.97215 
-0.854968 -0.416161 -0.488075 
-0.99177 -0.807774 -0.849944 
-0.99177 -0.993009 -0.974513 
-0.99177 -0.941295 -0.445553 
-0.99177 -0.544962 -0.970368 
-0.99177 -0.416161 -0.999884 
-0.954441 -0.993614 -0.919492 
-0.954441 -0.994825 -0.446548 
-0.954441 -0.544962 -0.99759 
-0.954441 -0.416161 -0.850872 
-0.993614 -0.994825 -0.970435 
-0.993614 -0.993009 -0.999003 
-0.993614 -0.416161 -0.951744 
-0.994825 -0.416161 -0.966195 
-0.807774 -0.993009 -0.98913 
-0.807774 -0.941295 -0.454644 
-0.807774 -0.544962 -0.491928 
-0.807774 -0.961514 -0.936041 
-0.807774 -0.416161 -0.921288 
-0.993009 -0.941295 -0.971253 
-0.993009 -0.416161 -0.987494 
-0.941295 -0.544962 -0.861982 
-0.941295 -0.961514 -0.985912 
-0.941295 -0.416161 -0.974371 
-0.544962 -0.961514 -0.841574 
-0.544962 -0.416161 -0.860578 
-0.961514 -0.416161 -0.996412 
-0.986289 -0.984094 -0.447742 
-0.986289 -0.434019 -0.999626 
-0.986289 -0.993181 -0.872044 
-0.986289 -0.844749 -0.993238 
-0.986289 -0.456264 -0.987081 
-0.984094 -0.434019 -0.993 
-0.984094 -0.993181 -0.52222 
-0.984094 -0.456264 -0.993426 
-0.434019 -0.969512 -0.863267 
-0.434019 -0.993181 -0.993179 
-0.434019 -0.986561 -0.994703 
-0.434019 -0.859517 -0.495152 
-0.434019 -0.844749 -0.963267 
-0.434019 -0.987625 -0.996446 
-0.434019 -0.456264 -0.845772 
-0.994423 -0.986561 -0.457353 
-0.994423 -0.844749 -0.981684 
-0.994423 -0.987625 -0.84764 
-0.994423 -0.456264 -0.979704 
-0.969512 -0.859517 -0.439192 
-0.993181 -0.859517 -0.998252 
-0.986561 -0.844749 -0.974513 
-0.986561 -0.987625 -0.445553 
-0.986561 -0.456264 -0.970539 
-0.859517 -0.456264 -0.969602 
-0.844749 -0.987625 -0.971253 
-0.844749 -0.456264 -0.42271 
-0.987625 -0.456264 -0.972313 
-0.967557 -0.447742 -0.859443 
-0.967557 -0.999626 -0.997687 
-0.967557 -0.872044 -0.394327 
-0.447742 -0.999626 -0.993 
-0.447742 -0.872044 -0.52222 
-0.447742 -0.987081 -0.993426 
-0.999626 -0.872044 -0.993179 
-0.999626 -0.993238 -0.963267 
-0.999626 -0.987081 -0.845772 
-0.993238 -0.987081 -0.42271 
-0.859443 -0.997687 -0.993 
-0.859443 -0.394327 -0.52222 
-0.859443 -0.508249 -0.97374 
-0.997687 -0.394327 -0.993179 
-0.997687 -0.998803 -0.495152 
-0.394327 -0.998803 -0.998252 
-0.394327 -0.859615 -0.964494 
-0.394327 -0.508249 -0.853285 
-0.859615 -0.996466 -0.831631 
-0.859615 -0.508249 -0.400763 
-0.996466 -0.508249 -0.950232 
-0.993 -0.52222 -0.993179 
-0.993 -0.993426 -0.845772 
-0.52222 -0.97374 -0.853285 
-0.429786 -0.966322 -0.859376 
-0.860563 -0.965298 -0.439192 
-0.863267 -0.495152 -0.439192 
-0.993179 -0.495152 -0.998252 
-0.994703 -0.963267 -0.974513 
-0.994703 -0.996446 -0.445553 
-0.994703 -0.845772 -0.970539 
-0.495152 -0.845772 -0.969602 
-0.963267 -0.996446 -0.971253 
-0.963267 -0.845772 -0.42271 
-0.996446 -0.845772 -0.972313 
-0.970609 -0.519662 -0.844189 
-0.519662 -0.457353 -0.874301 
-0.519662 -0.981684 -0.990619 
-0.519662 -0.84764 -0.970283 
-0.519662 -0.979704 -0.990011 
-0.457353 -0.963155 -0.849944 
-0.457353 -0.981684 -0.974513 
-0.457353 -0.84764 -0.445553 
-0.457353 -0.979704 -0.970539 
-0.963155 -0.981684 -0.98913 
-0.963155 -0.84764 -0.454644 
-0.963155 -0.979704 -0.993528 
-0.981684 -0.84764 -0.971253 
-0.981684 -0.979704 -0.42271 
-0.84764 -0.979704 -0.972313 
-0.995211 -0.545587 -0.994012 
-0.995211 -0.847938 -0.859376 
-0.995211 -0.880562 -0.997453 
-0.545587 -0.847938 -0.919492 
-0.545587 -0.880562 -0.446548 
-0.545587 -0.97215 -0.99759 
-0.545587 -0.488075 -0.850872 
-0.847938 -0.880562 -0.970435 
-0.847938 -0.996186 -0.999003 
-0.847938 -0.488075 -0.951744 
-0.880562 -0.488075 -0.966195 
-0.986222 -0.996186 -0.98913 
-0.986222 -0.97215 -0.491928 
-0.986222 -0.488075 -0.921288 
-0.996186 -0.488075 -0.987494 
-0.97215 -0.488075 -0.860578 
-0.994012 -0.859376 -0.919492 
-0.994012 -0.997453 -0.446548 
-0.859376 -0.997453 -0.970435 
-0.964494 -0.853285 -0.400763 
-0.874301 -0.990619 -0.974513 
-0.874301 -0.970283 -0.445553 
-0.874301 -0.990011 -0.970539 
-0.990619 -0.970283 -0.971253 
-0.990619 -0.990011 -0.42271 
-0.970283 -0.990011 -0.972313 
-0.849944 -0.974513 -0.98913 
-0.849944 -0.445553 -0.454644 
-0.849944 -0.970368 -0.491928 
-0.849944 -0.970539 -0.993528 
-0.849944 -0.999884 -0.921288 
-0.974513 -0.445553 -0.971253 
-0.974513 -0.970539 -0.42271 
-0.974513 -0.999884 -0.987494 
-0.445553 -0.970368 -0.861982 
-0.445553 -0.970539 -0.972313 
-0.445553 -0.999884 -0.974371 
-0.970368 -0.999884 -0.860578 
-0.919492 -0.446548 -0.970435 
-0.919492 -0.850872 -0.951744 
-0.446548 -0.850872 -0.966195 
-0.99759 -0.850872 -0.860578 
-0.970435 -0.951744 -0.966195 
-0.999003 -0.951744 -0.987494 
-0.997409 -0.831631 -0.99431 
-0.831631 -0.400763 -0.950232 
-0.989782 -0.491928 -0.967969 
-0.989782 -0.936041 -0.490206 
-0.98913 -0.454644 -0.971253 
-0.98913 -0.993528 -0.42271 
-0.98913 -0.921288 -0.987494 
-0.454644 -0.491928 -0.861982 
-0.454644 -0.936041 -0.985912 
-0.454644 -0.993528 -0.972313 
-0.454644 -0.921288 -0.974371 
-0.491928 -0.936041 -0.841574 
-0.491928 -0.921288 -0.860578 
-0.936041 -0.921288 -0.996412 
-0.967969 -0.490206 -0.841574 
-0.490206 -0.502552 -0.875959 
-0.971253 -0.42271 -0.972313 
-0.971253 -0.987494 -0.974371 
-0.861982 -0.985912 -0.841574 
-0.861982 -0.974371 -0.860578 
-0.985912 -0.974371 -0.996412 
-0.841574 -0.860578 -0.996412 
