3.62169 1.28166 4.23166 3.52356 2.55647 3.32835 
3.62169 1.28166 4.23166 4.2681 4.32655 4.2037 
3.62169 1.28166 4.23166 3.52627 1.34126 3.7617 
3.62169 1.28166 4.23166 4.09295 3.85623 3.5043 
3.62169 1.28166 4.23166 3.99848 4.12353 4.32398 
3.62169 3.88885 1.25524 3.52356 2.55647 3.72872 
3.62169 3.88885 1.25524 3.52627 1.34126 2.53873 
3.62169 3.88885 1.25524 4.41552 2.5512 1.30455 
3.62169 3.88885 1.25524 3.99848 4.12353 4.27135 
3.62169 3.52356 2.55647 3.52627 1.34126 1.25436 
3.62169 3.52356 2.55647 4.09295 3.85623 1.30052 
3.62169 4.2681 4.32655 3.52627 1.34126 4.46851 
3.62169 4.2681 4.32655 3.99848 4.12353 1.37777 
3.62169 3.52627 1.34126 4.41552 2.5512 3.82101 
3.62169 3.52627 1.34126 4.09295 3.85623 2.5488 
1.28166 1.29901 1.89172 2.46427 1.31197 2.49713 
1.28166 1.29901 1.89172 4.2681 4.2037 4.37884 
1.28166 1.29901 1.89172 2.54943 2.58215 1.36837 
1.28166 1.29901 1.89172 2.62167 2.01802 1.96771 
1.28166 1.29901 1.89172 3.99848 4.32398 3.93795 
1.28166 3.52356 3.32835 2.46427 1.31197 4.26063 
1.28166 3.52356 3.32835 3.52627 3.7617 1.25436 
1.28166 3.52356 3.32835 4.09295 3.5043 1.30052 
1.28166 2.46427 1.31197 2.54943 2.58215 2.46106 
1.28166 2.46427 1.31197 2.62167 2.01802 1.33457 
1.28166 2.46427 1.31197 4.09295 3.5043 4.10342 
1.28166 4.2681 4.2037 3.52627 3.7617 4.46851 
1.28166 4.2681 4.2037 3.99848 4.32398 1.37777 
1.28166 3.52627 3.7617 4.09295 3.5043 2.5488 
1.28166 2.54943 2.58215 2.62167 2.01802 1.29363 
1.28166 2.54943 2.58215 3.99848 4.32398 4.46786 
3.88885 3.52356 3.72872 3.52627 2.53873 1.25436 
3.88885 3.52627 2.53873 4.41552 1.30455 3.82101 
1.29901 2.46427 2.49713 2.54943 1.36837 2.46106 
1.29901 2.46427 2.49713 2.62167 1.96771 1.33457 
1.29901 4.2681 4.37884 3.99848 3.93795 1.37777 
1.29901 2.54943 1.36837 2.62167 1.96771 1.29363 
1.29901 2.54943 1.36837 3.99848 3.93795 4.46786 
3.52356 2.46427 4.26063 4.09295 1.30052 4.10342 
3.52356 3.52627 1.25436 4.09295 1.30052 2.5488 
2.46427 2.54943 2.46106 2.62167 1.33457 1.29363 
2.59623 1.24122 1.38027 3.48581 1.41409 2.46977 
2.59623 1.24122 1.38027 1.34435 3.85509 2.48455 
2.59623 1.24122 1.38027 3.59035 1.41488 2.40572 
2.59623 1.24122 1.38027 4.47295 2.60053 3.57766 
2.59623 3.48581 1.41409 3.59035 1.41488 2.40401 
2.59623 3.48581 1.41409 4.47295 2.60053 1.18962 
2.59623 3.59035 1.41488 4.47295 2.60053 3.45923 
1.24122 2.55251 3.56009 1.34435 2.48455 1.26727 
1.24122 3.48581 2.46977 3.59035 2.40572 2.40401 
1.24122 3.48581 2.46977 4.47295 3.57766 1.18962 
1.24122 3.59035 2.40572 4.47295 3.57766 3.45923 
3.94351 2.55251 1.45924 1.34435 2.71727 1.26727 
3.48581 3.59035 2.40401 4.47295 1.18962 3.45923 
4.23166 2.55647 3.32835 1.34126 3.7617 1.25436 
4.23166 2.55647 3.32835 3.85623 3.5043 1.30052 
4.23166 4.32655 4.2037 1.34126 3.7617 4.46851 
4.23166 4.32655 4.2037 4.12353 4.32398 1.37777 
4.23166 1.34126 3.7617 3.85623 3.5043 2.5488 
1.25524 2.55647 3.72872 1.34126 2.53873 1.25436 
1.25524 1.34126 2.53873 2.5512 1.30455 3.82101 
1.25524 2.5512 1.30455 3.78177 2.54474 1.26938 
2.55647 1.34126 1.25436 3.85623 1.30052 2.5488 
3.81744 2.52661 3.32835 4.04482 1.31197 4.26063 
3.81744 2.52661 3.32835 3.77922 3.7617 1.25436 
3.81744 2.52661 3.32835 1.24402 3.5043 1.30052 
3.81744 2.52661 3.32835 1.33512 4.45579 3.84558 
3.81744 4.04482 1.31197 1.24402 3.5043 4.10342 
3.81744 4.04482 1.31197 1.33512 4.45579 4.31774 
3.81744 3.77922 3.7617 1.24402 3.5043 2.5488 
3.81744 1.24402 3.5043 1.33512 4.45579 2.5772 
2.52661 4.04482 4.26063 1.24402 1.30052 4.10342 
2.52661 4.04482 4.26063 1.33512 3.84558 4.31774 
2.52661 3.77922 1.25436 1.24402 1.30052 2.5488 
2.52661 1.24402 1.30052 1.33512 3.84558 2.5772 
4.04482 1.24402 4.10342 1.33512 4.31774 2.5772 
1.24402 1.33512 2.5772 2.50572 3.73088 1.25438 
3.85292 1.33512 2.59503 2.50572 1.35689 1.25438 
3.56478 2.6308 1.46648 3.59572 2.4479 1.40014 
3.56478 2.6308 1.46648 3.80399 3.7823 2.47963 
3.56478 2.6308 1.46648 1.27121 2.36454 1.372 
3.56478 3.59572 2.4479 3.80399 3.7823 1.45924 
3.56478 3.59572 2.4479 1.27121 2.36454 2.49791 
3.56478 3.80399 3.7823 1.27121 2.36454 3.06356 
2.6308 3.59572 1.40014 3.80399 2.47963 1.45924 
2.6308 3.59572 1.40014 1.27121 1.372 2.49791 
2.6308 3.59572 1.40014 4.27116 3.56858 2.71727 
2.6308 1.32222 3.89688 1.27121 1.372 2.56947 
2.6308 3.80399 2.47963 1.27121 1.372 3.06356 
2.6308 3.80399 2.47963 4.27116 3.56858 1.26727 
2.6308 1.27121 1.372 4.27116 3.56858 3.84338 
3.73934 2.52854 1.29831 1.32222 2.50987 1.23814 
2.52854 1.32222 1.23814 1.27121 3.75231 2.56947 
3.59572 3.80399 1.45924 1.27121 2.49791 3.06356 
3.59572 3.80399 1.45924 4.27116 2.71727 1.26727 
3.59572 1.27121 2.49791 4.27116 2.71727 3.84338 
3.80399 1.27121 3.06356 4.27116 1.26727 3.84338 
1.89172 1.31197 2.49713 2.58215 1.36837 2.46106 
1.89172 1.31197 2.49713 2.01802 1.96771 1.33457 
1.89172 4.2037 4.37884 4.32398 3.93795 1.37777 
1.89172 2.58215 1.36837 2.01802 1.96771 1.29363 
1.89172 2.58215 1.36837 4.32398 3.93795 4.46786 
3.32835 1.31197 4.26063 3.5043 1.30052 4.10342 
3.32835 1.31197 4.26063 4.45579 3.84558 4.31774 
3.32835 3.7617 1.25436 3.5043 1.30052 2.5488 
3.32835 3.5043 1.30052 4.45579 3.84558 2.5772 
1.31197 2.58215 2.46106 2.01802 1.33457 1.29363 
1.31197 3.5043 4.10342 4.45579 4.31774 2.5772 
4.2037 4.47151 1.26849 4.32398 1.37777 2.64364 
1.30455 2.54474 1.26938 3.94791 2.6552 1.41051 
2.49713 1.36837 2.46106 1.96771 1.33457 1.29363 
4.37884 3.93795 1.37777 4.41144 2.54552 1.22609 
4.26063 1.30052 4.10342 3.84558 4.31774 2.5772 
2.48845 2.33421 2.28079 3.51548 3.32723 1.28165 
2.48845 2.33421 2.28079 1.32037 1.4579 1.35069 
2.48845 2.33421 2.28079 1.18337 3.6554 3.25704 
2.48845 2.33421 2.28079 3.5985 1.21507 3.08285 
2.48845 3.51548 3.32723 1.32037 1.4579 2.58652 
2.48845 3.51548 3.32723 1.18337 3.6554 4.28785 
2.48845 3.51548 3.32723 3.5985 1.21507 3.93909 
2.48845 1.32037 1.4579 1.18337 3.6554 2.46021 
2.48845 1.32037 1.4579 3.5985 1.21507 2.57729 
2.33421 2.52897 4.43858 1.32037 1.35069 3.78779 
2.33421 2.52897 4.43858 1.18337 3.25704 1.34739 
2.33421 3.51548 1.28165 1.32037 1.35069 2.58652 
2.33421 3.51548 1.28165 1.18337 3.25704 4.28785 
2.33421 3.51548 1.28165 3.5985 3.08285 3.93909 
2.33421 1.32037 1.35069 1.18337 3.25704 2.46021 
2.33421 1.32037 1.35069 3.5985 3.08285 2.57729 
2.52897 1.32037 3.78779 1.18337 1.34739 2.46021 
2.52897 1.18337 1.34739 3.84345 1.37126 2.68325 
3.51548 1.32037 2.58652 1.18337 4.28785 2.46021 
3.51548 1.32037 2.58652 3.5985 3.93909 2.57729 
2.59936 1.3722 1.25411 1.34756 3.91266 2.7057 
2.59936 1.3722 1.25411 4.41122 4.18264 4.27837 
2.59936 1.3722 1.25411 3.779 1.23131 2.46259 
2.59936 4.41122 4.18264 3.779 1.23131 4.30618 
1.3722 2.66435 4.00178 1.34756 2.7057 1.37288 
1.3722 4.41122 4.27837 3.779 2.46259 4.30618 
2.66435 3.90195 1.25274 1.34756 1.37288 2.62505 
1.26849 2.71485 1.46648 3.82908 3.48608 3.41121 
1.26849 2.71485 1.46648 3.48226 2.4479 1.40014 
1.26849 2.71485 1.46648 3.58593 2.36454 1.372 
1.26849 2.71485 1.46648 1.37777 2.64364 4.08906 
1.26849 2.71485 1.46648 3.29952 2.6304 2.25783 
1.26849 3.82908 3.48608 3.48226 2.4479 2.54128 
1.26849 3.82908 3.48608 4.10786 4.17247 2.28079 
1.26849 3.82908 3.48608 3.89264 4.26326 3.32723 
1.26849 3.82908 3.48608 3.29952 2.6304 1.21507 
1.26849 3.48226 2.4479 3.58593 2.36454 2.49791 
1.26849 3.48226 2.4479 4.10786 4.17247 4.29911 
1.26849 3.48226 2.4479 3.29952 2.6304 1.34333 
1.26849 3.58593 2.36454 3.29952 2.6304 3.48338 
1.26849 4.10786 4.17247 1.37777 2.64364 4.41155 
1.26849 4.10786 4.17247 3.89264 4.26326 1.28165 
1.26849 4.10786 4.17247 3.29952 2.6304 3.08285 
1.26849 1.37777 2.64364 3.89264 4.26326 3.86254 
1.26849 1.37777 2.64364 2.54552 3.79578 1.22609 
1.26849 1.37777 2.64364 3.29952 2.6304 4.34673 
1.26849 3.89264 4.26326 2.54552 3.79578 3.88792 
1.26849 3.89264 4.26326 3.29952 2.6304 3.93909 
2.71485 3.82908 3.41121 3.48226 1.40014 2.54128 
2.71485 3.82908 3.41121 3.29952 2.25783 1.21507 
2.71485 3.48226 1.40014 3.58593 1.372 2.49791 
2.71485 3.48226 1.40014 3.29952 2.25783 1.34333 
2.71485 3.58593 1.372 3.29952 2.25783 3.48338 
2.71485 1.37777 4.08906 3.29952 2.25783 4.34673 
3.82908 3.48226 2.54128 4.10786 2.28079 4.29911 
3.82908 3.48226 2.54128 3.29952 1.21507 1.34333 
3.82908 4.10786 2.28079 3.89264 3.32723 1.28165 
3.82908 4.10786 2.28079 3.29952 1.21507 3.08285 
3.82908 3.89264 3.32723 3.29952 1.21507 3.93909 
3.7291 4.22765 4.31158 1.37777 2.47884 3.94271 
3.7291 4.22765 4.31158 3.89264 4.35177 1.26552 
3.7291 4.22765 4.31158 2.54552 1.28455 3.8458 
3.7291 1.37777 2.47884 3.89264 4.35177 3.86254 
3.7291 1.37777 2.47884 2.54552 1.28455 1.22609 
3.7291 3.89264 4.35177 2.54552 1.28455 3.88792 
3.48226 3.58593 2.49791 3.29952 1.34333 3.48338 
3.48226 4.10786 4.29911 3.29952 1.34333 3.08285 
4.22765 4.10786 2.5101 1.37777 3.94271 4.41155 
4.22765 4.10786 2.5101 3.89264 1.26552 1.28165 
4.22765 1.37777 3.94271 3.89264 1.26552 3.86254 
4.22765 1.37777 3.94271 2.54552 3.8458 1.22609 
4.22765 3.89264 1.26552 2.54552 3.8458 3.88792 
4.10786 1.37777 4.41155 3.89264 1.28165 3.86254 
4.10786 1.37777 4.41155 3.29952 3.08285 4.34673 
4.10786 3.89264 1.28165 3.29952 3.08285 3.93909 
1.37777 3.89264 3.86254 2.54552 1.22609 3.88792 
1.37777 3.89264 3.86254 3.29952 4.34673 3.93909 
3.67889 1.25411 4.07106 2.48137 3.86597 3.66001 
3.67889 1.25411 4.07106 4.18264 1.29363 4.27837 
3.67889 1.25411 4.07106 1.23131 3.61574 2.46259 
3.67889 2.48137 3.86597 1.23131 3.61574 1.27937 
3.67889 2.48137 3.86597 3.66988 4.30401 1.20312 
3.67889 4.18264 1.29363 1.23131 3.61574 4.30618 
3.67889 1.23131 3.61574 3.66988 4.30401 2.47553 
1.25411 2.48137 3.66001 1.23131 2.46259 1.27937 
1.25411 4.18264 4.27837 1.23131 2.46259 4.30618 
2.48137 1.23131 1.27937 3.66988 1.20312 2.47553 
3.8492 1.37638 2.5783 2.58402 1.3648 1.24693 
1.37638 1.24187 2.45683 2.58402 1.24693 3.54262 
1.37638 1.24187 2.45683 2.50489 3.69041 1.29831 
1.24187 2.50489 1.29831 3.68283 2.50987 1.23814 
1.46648 3.48608 3.41121 2.4479 1.40014 2.54128 
1.46648 3.48608 3.41121 3.7823 2.47963 3.52799 
1.46648 3.48608 3.41121 2.6304 2.25783 1.21507 
1.46648 2.4479 1.40014 3.7823 2.47963 1.45924 
1.46648 2.4479 1.40014 2.36454 1.372 2.49791 
1.46648 2.4479 1.40014 2.6304 2.25783 1.34333 
1.46648 3.7823 2.47963 2.36454 1.372 3.06356 
1.46648 3.7823 2.47963 2.6304 2.25783 2.51578 
1.46648 2.36454 1.372 2.6304 2.25783 3.48338 
1.46648 2.64364 4.08906 2.6304 2.25783 4.34673 
3.48608 2.4479 2.54128 3.7823 3.52799 1.45924 
3.48608 2.4479 2.54128 4.17247 2.28079 4.29911 
3.48608 2.4479 2.54128 4.47331 1.4579 3.88397 
3.48608 2.4479 2.54128 2.6304 1.21507 1.34333 
3.48608 3.7823 3.52799 2.6304 1.21507 2.51578 
3.48608 4.17247 2.28079 4.26326 3.32723 1.28165 
3.48608 4.17247 2.28079 4.47331 1.4579 1.35069 
3.48608 4.17247 2.28079 2.6304 1.21507 3.08285 
3.48608 4.26326 3.32723 4.47331 1.4579 2.58652 
3.48608 4.26326 3.32723 2.6304 1.21507 3.93909 
3.48608 4.47331 1.4579 2.6304 1.21507 2.57729 
2.4479 3.7823 1.45924 2.36454 2.49791 3.06356 
2.4479 3.7823 1.45924 2.6304 1.34333 2.51578 
2.4479 2.36454 2.49791 2.6304 1.34333 3.48338 
2.4479 4.17247 4.29911 4.47331 3.88397 1.35069 
2.4479 4.17247 4.29911 2.6304 1.34333 3.08285 
2.4479 4.47331 3.88397 2.6304 1.34333 2.57729 
3.7823 2.36454 3.06356 2.6304 2.51578 3.48338 
4.17247 2.64364 4.41155 4.26326 1.28165 3.86254 
4.17247 2.64364 4.41155 2.6304 3.08285 4.34673 
4.17247 4.26326 1.28165 4.47331 1.35069 2.58652 
4.17247 4.26326 1.28165 2.6304 3.08285 3.93909 
4.17247 4.47331 1.35069 2.6304 3.08285 2.57729 
2.64364 4.26326 3.86254 3.79578 1.22609 3.88792 
2.64364 4.26326 3.86254 2.6304 4.34673 3.93909 
4.26326 4.47331 2.58652 2.6304 3.93909 2.57729 
4.07106 3.86597 3.66001 3.61574 2.46259 1.27937 
4.07106 1.29363 4.27837 3.61574 2.46259 4.30618 
3.86597 3.61574 1.27937 4.30401 1.20312 2.47553 
2.65025 3.61071 1.38027 3.40578 1.41409 2.46977 
2.65025 3.61071 1.38027 1.26073 1.41488 2.40572 
2.65025 3.61071 1.38027 4.29378 2.60053 3.57766 
2.65025 1.3648 4.01472 1.26073 1.41488 2.61746 
2.65025 3.40578 1.41409 1.26073 1.41488 2.40401 
2.65025 3.40578 1.41409 4.29378 2.60053 1.18962 
2.65025 1.26073 1.41488 4.29378 2.60053 3.45923 
3.61071 3.40578 2.46977 1.26073 2.40572 2.40401 
3.61071 3.40578 2.46977 4.29378 3.57766 1.18962 
3.61071 1.26073 2.40572 4.29378 3.57766 3.45923 
2.5783 1.3648 1.24693 1.26073 3.8388 2.61746 
3.40578 1.26073 2.40401 4.29378 1.18962 3.45923 
1.38027 1.41409 2.46977 1.41488 2.40572 2.40401 
1.38027 1.41409 2.46977 2.60053 3.57766 1.18962 
1.38027 1.41488 2.40572 2.60053 3.57766 3.45923 
3.9778 1.41409 2.57102 2.60053 1.38247 1.18962 
1.41409 1.41488 2.40401 2.60053 1.18962 3.45923 
2.49696 1.30328 1.25274 3.85534 1.37288 2.62505 
2.49696 1.30328 1.25274 1.32881 3.80574 2.60631 
1.30328 2.61352 3.90171 1.32881 2.60631 1.37126 
2.61352 3.91532 1.34739 1.32881 1.37126 2.68325 
3.41121 1.40014 2.54128 2.47963 3.52799 1.45924 
3.41121 1.40014 2.54128 2.25783 1.21507 1.34333 
3.41121 2.47963 3.52799 2.25783 1.21507 2.51578 
1.40014 2.47963 1.45924 1.372 2.49791 3.06356 
1.40014 2.47963 1.45924 3.56858 2.71727 1.26727 
1.40014 2.47963 1.45924 2.25783 1.34333 2.51578 
1.40014 1.372 2.49791 3.56858 2.71727 3.84338 
1.40014 1.372 2.49791 2.25783 1.34333 3.48338 
1.40014 3.56858 2.71727 2.25783 1.34333 3.74964 
2.47963 1.372 3.06356 3.56858 1.26727 3.84338 
2.47963 1.372 3.06356 2.25783 2.51578 3.48338 
2.47963 3.56858 1.26727 2.25783 2.51578 3.74964 
1.372 3.56858 3.84338 2.25783 3.48338 3.74964 
2.46977 2.40572 2.40401 3.57766 1.18962 3.45923 
2.57256 1.27937 3.84744 1.20312 1.40532 2.47553 
2.57256 1.20312 1.40532 3.84698 1.28651 2.67127 
2.54128 3.52799 1.45924 1.21507 1.34333 2.51578 
2.54128 2.28079 4.29911 1.4579 3.88397 1.35069 
2.54128 2.28079 4.29911 1.21507 1.34333 3.08285 
2.54128 1.4579 3.88397 1.21507 1.34333 2.57729 
2.28079 3.32723 1.28165 1.4579 1.35069 2.58652 
2.28079 3.32723 1.28165 3.6554 3.25704 4.28785 
2.28079 3.32723 1.28165 1.21507 3.08285 3.93909 
2.28079 1.4579 1.35069 3.6554 3.25704 2.46021 
2.28079 1.4579 1.35069 1.21507 3.08285 2.57729 
3.32723 1.4579 2.58652 3.6554 4.28785 2.46021 
3.32723 1.4579 2.58652 1.21507 3.93909 2.57729 
1.24541 3.82221 2.59503 2.57039 1.35689 1.25438 
1.24541 2.57039 1.35689 1.28455 2.48492 3.82426 
1.24541 2.47884 3.68965 1.28455 2.48492 1.22609 
4.31158 2.47884 3.94271 4.35177 1.26552 3.86254 
4.31158 2.47884 3.94271 1.28455 3.8458 1.22609 
4.31158 4.35177 1.26552 1.28455 3.8458 3.88792 
2.47884 4.35177 3.86254 1.28455 1.22609 3.88792 
3.77881 1.26938 2.5699 2.6552 1.17917 1.41051 
2.5699 1.17917 1.41051 1.38247 3.92311 2.53073 
1.17917 2.57102 3.71434 1.38247 2.53073 1.18962 
1.40532 1.28651 2.67127 4.14557 4.47444 3.94271 
1.40532 1.28651 2.67127 2.49611 3.83987 1.26552 
1.40532 1.28651 2.67127 4.08534 4.44828 3.8458 
1.40532 4.14557 4.47444 2.49611 3.83987 3.86254 
1.40532 4.14557 4.47444 4.08534 4.44828 1.22609 
1.40532 2.49611 3.83987 4.08534 4.44828 3.88792 
1.28651 3.68743 2.5101 4.14557 3.94271 4.41155 
1.28651 3.68743 2.5101 2.49611 1.26552 1.28165 
1.28651 4.14557 3.94271 2.49611 1.26552 3.86254 
1.28651 4.14557 3.94271 4.08534 3.8458 1.22609 
1.28651 2.49611 1.26552 4.08534 3.8458 3.88792 
3.68743 4.14557 4.41155 2.49611 1.28165 3.86254 
4.14557 2.49611 3.86254 4.08534 1.22609 3.88792 
1.45924 2.49791 3.06356 2.71727 1.26727 3.84338 
1.45924 2.49791 3.06356 1.34333 2.51578 3.48338 
1.45924 2.71727 1.26727 1.34333 2.51578 3.74964 
2.49791 2.71727 3.84338 1.34333 3.48338 3.74964 
4.29911 3.88397 1.35069 1.34333 3.08285 2.57729 
2.67127 4.47444 3.94271 3.83987 1.26552 3.86254 
2.67127 4.47444 3.94271 4.44828 3.8458 1.22609 
2.67127 3.83987 1.26552 4.44828 3.8458 3.88792 
4.47444 3.83987 3.86254 4.44828 1.22609 3.88792 
2.5101 3.94271 4.41155 1.26552 1.28165 3.86254 
2.5101 1.26552 1.28165 3.84184 1.35069 2.58652 
3.94271 1.26552 3.86254 3.8458 1.22609 3.88792 
3.06356 1.26727 3.84338 2.51578 3.48338 3.74964 
4.43858 1.35069 3.78779 3.25704 1.34739 2.46021 
4.41155 1.28165 3.86254 3.08285 4.34673 3.93909 
1.28165 1.35069 2.58652 3.25704 4.28785 2.46021 
1.28165 1.35069 2.58652 3.08285 3.93909 2.57729 
