3.62169
4.68374
1.28166
3.88885
1.29901
3.52356
2.46427
4.2681
3.52627
4.861
2.54943
4.41552
2.62167
4.09295
4.83299
3.99848
4.60612
4.70342
4.73825
2.59623
4.56663
1.24122
3.94351
2.55251
4.56699
3.48581
1.34435
3.59035
4.47295
4.23166
1.25524
4.66086
2.55647
4.32655
1.34126
4.95959
4.93923
4.83226
2.5512
3.78177
3.85623
4.12353
4.5427
4.59577
3.81744
2.52661
4.04482
3.77922
1.24402
3.85292
1.33512
4.73719
2.50572
4.89462
4.72654
4.85468
3.56478
2.6308
3.73934
2.52854
4.96929
3.59572
1.32222
4.58216
3.80399
1.27121
4.27116
4.63658
4.79287
1.89172
3.32835
1.31197
4.2037
3.7617
4.47151
2.58215
2.01802
3.5043
4.45579
4.32398
4.74623
3.72872
4.83665
2.53873
4.57415
4.62476
4.63509
1.30455
2.54474
4.79773
3.94791
4.27135
4.35305
4.73334
2.49713
4.37884
4.72459
4.9913
1.36837
4.85946
1.96771
4.80575
3.93795
4.41144
4.26063
4.5968
1.25436
4.60577
4.97376
1.30052
3.84558
2.48845
4.82421
4.69955
2.33421
2.52897
3.51548
1.32037
1.18337
3.84345
3.5985
2.59936
4.52666
1.3722
2.66435
3.90195
4.92116
1.34756
4.41122
3.779
4.58255
4.89225
4.61851
2.46106
1.33457
4.10342
4.31774
4.81515
4.8914
4.46851
1.26849
4.8043
2.71485
3.82908
3.7291
4.84877
4.90473
4.53323
3.48226
4.96696
4.22765
4.87207
3.58593
4.10786
1.37777
3.89264
4.60318
2.54552
3.29952
4.76507
3.82101
2.5488
4.62895
3.67889
1.25411
2.48137
3.91266
4.73142
4.18264
1.23131
3.66988
3.8492
1.37638
1.24187
2.58402
2.50489
3.68283
4.42608
4.60527
1.46648
3.48608
4.94789
4.92529
2.4479
4.86911
4.75813
3.7823
2.36454
4.93554
4.17247
2.64364
4.26326
4.47331
3.79578
2.6304
4.07106
3.86597
1.29363
3.61574
4.30401
4.46786
4.95258
2.65025
3.61071
2.5783
4.71647
1.3648
3.40578
1.26073
4.29378
1.38027
4.01472
3.9778
4.90199
1.41409
3.85509
1.41488
2.60053
4.00178
3.66001
2.7057
4.96104
4.27837
2.46259
4.82363
2.49696
1.30328
3.85534
2.61352
3.91532
1.32881
3.41121
1.40014
3.89688
2.47963
1.372
3.56858
4.61023
4.08906
4.59418
2.25783
4.91632
4.90536
4.82329
3.56009
2.46977
2.48455
2.40572
3.57766
1.25274
1.37288
3.80574
2.45683
1.24693
3.69041
4.79192
3.8388
3.54262
1.29831
2.50987
4.69422
4.91831
4.98595
4.81908
4.65134
4.92175
2.62505
3.90171
2.60631
4.58678
2.57256
1.27937
1.20312
3.84698
4.98664
4.73224
4.70058
2.61746
2.54128
4.52588
3.52799
4.61426
4.67687
2.28079
4.58442
3.32723
1.4579
3.6554
1.21507
4.82503
4.30156
4.22417
1.24541
4.65564
3.82221
4.59278
4.31158
2.57039
2.47884
4.35177
1.28455
3.77881
1.26938
4.97278
4.85067
2.6552
4.59562
4.33102
2.5699
4.84258
1.17917
4.91543
2.57102
4.76852
1.38247
4.58396
1.41051
3.92311
4.60487
4.30618
4.8704
1.23814
3.75231
4.98476
2.5772
4.78442
3.73088
2.59503
4.59268
4.67039
1.35689
3.68965
4.76731
2.48492
3.84744
1.40532
1.28651
3.68743
4.14557
2.49611
4.08534
2.47553
4.69766
1.45924
2.49791
2.71727
4.29911
4.75227
3.88397
1.34333
4.7589
4.63444
2.56947
4.82797
1.25438
4.87882
3.71434
2.53073
2.67127
4.47444
3.83987
4.44828
2.5101
3.94271
1.26552
3.84184
3.8458
4.99146
3.06356
1.26727
4.83649
2.51578
3.84338
4.92909
3.48338
3.82426
4.82521
2.40401
1.18962
4.64977
3.74964
4.43858
4.41155
1.28165
1.35069
3.25704
4.60994
3.08285
3.45923
3.78779
1.34739
1.37126
3.86254
1.22609
4.34673
2.58652
4.28785
3.88792
3.93909
2.46021
2.57729
2.68325
4.76536
