-0.95973
-0.994953
-0.454649
-0.972352
-0.464264
-0.954178
-0.842271
-0.98536
-0.954339
-0.997977
-0.856255
-0.989227
-0.867219
-0.979961
-0.997534
-0.976631
-0.993451
-0.995316
-0.995941
-0.863448
-0.99264
-0.431582
-0.974544
-0.856739
-0.992648
-0.951894
-0.48861
-0.958016
-0.990585
-0.984314
-0.439683
-0.994522
-0.857359
-0.986962
-0.486985
-0.99944
-0.99915
-0.997522
-0.856534
-0.967694
-0.970985
-0.980973
-0.992134
-0.993241
-0.969301
-0.852623
-0.978304
-0.967576
-0.433208
-0.970844
-0.483742
-0.995922
-0.849227
-0.998492
-0.995733
-0.997878
-0.956577
-0.868548
-0.965705
-0.852934
-0.999577
-0.958313
-0.476865
-0.992963
-0.968702
-0.448777
-0.985447
-0.994054
-0.996878
-0.709897
-0.941377
-0.471334
-0.983484
-0.966764
-0.990552
-0.861319
-0.745926
-0.953024
-0.990187
-0.986893
-0.996081
-0.965194
-0.997592
-0.854563
-0.992797
-0.993822
-0.994025
-0.467298
-0.855516
-0.996959
-0.974715
-0.985452
-0.987658
-0.995854
-0.847808
-0.988317
-0.995698
-0.999881
-0.501069
-0.997953
-0.732119
-0.997091
-0.974327
-0.989127
-0.985149
-0.993262
-0.43918
-0.993444
-0.999639
-0.46509
-0.970529
-0.846364
-0.997393
-0.995245
-0.818478
-0.853003
-0.953697
-0.475871
-0.396923
-0.970437
-0.958467
-0.863916
-0.991787
-0.503031
-0.873333
-0.972888
-0.998887
-0.490292
-0.989122
-0.967566
-0.992971
-0.998456
-0.993698
-0.84172
-0.483454
-0.980311
-0.986727
-0.997245
-0.998444
-0.990483
-0.447242
-0.997067
-0.880239
-0.969813
-0.965212
-0.997785
-0.998644
-0.99193
-0.951674
-0.999544
-0.984196
-0.998148
-0.95777
-0.980458
-0.505865
-0.972508
-0.993391
-0.855638
-0.939265
-0.996407
-0.969459
-0.856155
-0.993905
-0.962723
-0.439037
-0.845175
-0.973322
-0.99582
-0.982844
-0.425786
-0.962262
-0.970685
-0.505161
-0.431961
-0.861603
-0.849089
-0.962923
-0.989482
-0.993434
-0.548963
-0.951911
-0.999274
-0.998948
-0.839445
-0.998103
-0.996288
-0.967718
-0.824306
-0.999097
-0.98253
-0.870399
-0.985224
-0.990593
-0.968332
-0.868491
-0.979217
-0.971398
-0.461301
-0.959408
-0.986355
-0.990468
-0.999341
-0.871341
-0.959135
-0.860732
-0.995553
-0.499239
-0.946755
-0.442825
-0.986076
-0.507133
-0.977226
-0.97586
-0.998603
-0.523974
-0.970937
-0.524363
-0.864092
-0.976753
-0.961754
-0.879014
-0.999461
-0.985649
-0.841983
-0.997383
-0.847781
-0.466601
-0.970947
-0.866021
-0.973428
-0.480392
-0.947117
-0.517096
-0.972681
-0.844882
-0.502927
-0.956793
-0.993533
-0.97983
-0.993209
-0.802995
-0.998816
-0.998653
-0.997378
-0.956309
-0.843211
-0.84571
-0.831943
-0.957306
-0.43825
-0.503376
-0.96878
-0.840993
-0.434895
-0.963305
-0.996862
-0.970236
-0.9553
-0.463878
-0.849908
-0.995147
-0.998845
-0.999808
-0.997309
-0.99434
-0.998896
-0.867712
-0.972879
-0.864954
-0.993058
-0.859852
-0.453367
-0.408984
-0.97059
-0.999818
-0.995834
-0.995264
-0.866602
-0.854968
-0.99177
-0.954441
-0.993614
-0.994825
-0.807774
-0.993009
-0.941295
-0.544962
-0.961514
-0.416161
-0.997406
-0.986289
-0.984094
-0.434019
-0.994423
-0.969512
-0.993181
-0.986561
-0.859517
-0.844749
-0.987625
-0.456264
-0.967557
-0.447742
-0.999626
-0.997815
-0.872044
-0.993238
-0.987081
-0.859443
-0.997687
-0.394327
-0.998803
-0.859615
-0.996466
-0.508249
-0.993
-0.52222
-0.97374
-0.993426
-0.986415
-0.998123
-0.429786
-0.966322
-0.999792
-0.860563
-0.996736
-0.965298
-0.863267
-0.993179
-0.994703
-0.495152
-0.963267
-0.996446
-0.845772
-0.970609
-0.519662
-0.457353
-0.963155
-0.981684
-0.84764
-0.979704
-0.844189
-0.995211
-0.545587
-0.847938
-0.880562
-0.986222
-0.996186
-0.97215
-0.488075
-0.996301
-0.994012
-0.859376
-0.997453
-0.439192
-0.998252
-0.964494
-0.853285
-0.874301
-0.990619
-0.970283
-0.990011
-0.849944
-0.974513
-0.445553
-0.970368
-0.970539
-0.999884
-0.919492
-0.446548
-0.99759
-0.850872
-0.970435
-0.999003
-0.951744
-0.969602
-0.997409
-0.831631
-0.400763
-0.99431
-0.966195
-0.989782
-0.98913
-0.454644
-0.491928
-0.936041
-0.993528
-0.921288
-0.950232
-0.967969
-0.490206
-0.502552
-0.971253
-0.42271
-0.987494
-0.861982
-0.985912
-0.972313
-0.974371
-0.841574
-0.860578
-0.875959
-0.996412
