-0.49108 -0.439098 -0.733677 -0.854957 -0.502783 -0.857612 
-0.49108 -0.439098 -0.733677 -0.848496 -0.87215 -0.484541 
-0.49108 -0.439098 -0.733677 -0.869901 -0.759469 -0.74169 
-0.49108 -0.854957 -0.502783 -0.848496 -0.87215 -0.843961 
-0.49108 -0.854957 -0.502783 -0.869901 -0.759469 -0.456954 
-0.49108 -0.848496 -0.87215 -0.869901 -0.759469 -0.476475 
-0.439098 -0.854957 -0.857612 -0.848496 -0.484541 -0.843961 
-0.439098 -0.854957 -0.857612 -0.869901 -0.74169 -0.456954 
-0.439098 -0.848496 -0.484541 -0.869901 -0.74169 -0.476475 
-0.854957 -0.848496 -0.843961 -0.869901 -0.456954 -0.476475 
-0.994109 -0.873785 -0.874674 -0.448775 -0.95898 -0.511575 
-0.994109 -0.873785 -0.874674 -0.969118 -0.96479 -0.525915 
-0.994109 -0.873785 -0.874674 -0.941031 -0.464558 -0.506772 
-0.994109 -0.448775 -0.95898 -0.969118 -0.96479 -0.841777 
-0.994109 -0.448775 -0.95898 -0.941031 -0.464558 -0.81092 
-0.994109 -0.969118 -0.96479 -0.941031 -0.464558 -0.849454 
-0.873785 -0.448775 -0.511575 -0.969118 -0.525915 -0.841777 
-0.873785 -0.448775 -0.511575 -0.51062 -0.979015 -0.863845 
-0.873785 -0.448775 -0.511575 -0.941031 -0.506772 -0.81092 
-0.873785 -0.969118 -0.525915 -0.941031 -0.506772 -0.849454 
-0.873785 -0.51062 -0.979015 -0.941031 -0.506772 -0.99486 
-0.448775 -0.869155 -0.977243 -0.51062 -0.863845 -0.457999 
-0.448775 -0.969118 -0.841777 -0.941031 -0.81092 -0.849454 
-0.448775 -0.51062 -0.863845 -0.941031 -0.81092 -0.99486 
-0.977999 -0.869155 -0.453462 -0.51062 -0.861612 -0.457999 
-0.454637 -0.863207 -0.977032 -0.503745 -0.870505 -0.438288 
-0.454637 -0.982809 -0.995393 -0.503745 -0.870505 -0.99797 
-0.454637 -0.982809 -0.995393 -0.986559 -0.988325 -0.51427 
-0.454637 -0.503745 -0.870505 -0.990801 -0.978669 -0.998894 
-0.454637 -0.503745 -0.870505 -0.998415 -0.998458 -0.99635 
-0.454637 -0.503745 -0.870505 -0.874267 -0.520351 -0.982093 
-0.454637 -0.990801 -0.978669 -0.998415 -0.998458 -0.480901 
-0.454637 -0.990801 -0.978669 -0.874267 -0.520351 -0.991928 
-0.454637 -0.990801 -0.978669 -0.99872 -0.978136 -0.425111 
-0.454637 -0.998415 -0.998458 -0.99872 -0.978136 -0.861272 
-0.454637 -0.874267 -0.520351 -0.979985 -0.877324 -0.445485 
-0.454637 -0.874267 -0.520351 -0.99872 -0.978136 -0.981931 
-0.454637 -0.874267 -0.520351 -0.986559 -0.988325 -0.997233 
-0.454637 -0.979985 -0.877324 -0.99872 -0.978136 -0.99606 
-0.863207 -0.503745 -0.438288 -0.978632 -0.475679 -0.863707 
-0.982809 -0.503745 -0.99797 -0.994824 -0.422242 -0.998587 
-0.982809 -0.994824 -0.422242 -0.986559 -0.51427 -0.870127 
-0.503745 -0.990801 -0.998894 -0.998415 -0.99635 -0.480901 
-0.503745 -0.990801 -0.998894 -0.874267 -0.982093 -0.991928 
-0.990801 -0.998415 -0.480901 -0.99872 -0.425111 -0.861272 
-0.990801 -0.874267 -0.991928 -0.99872 -0.425111 -0.981931 
-0.874267 -0.979985 -0.445485 -0.99872 -0.981931 -0.99606 
-0.988793 -0.449724 -0.990955 -0.466547 -0.999815 -0.861867 
-0.988793 -0.449724 -0.990955 -0.998506 -0.445633 -0.990323 
-0.988793 -0.998781 -0.467881 -0.466547 -0.999815 -0.999355 
-0.988793 -0.998781 -0.467881 -0.998506 -0.445633 -0.860526 
-0.866424 -0.97727 -0.438288 -0.449724 -0.475679 -0.863707 
-0.866424 -0.994327 -0.991598 -0.449724 -0.475679 -0.988113 
-0.866424 -0.449724 -0.475679 -0.466547 -0.977701 -0.861867 
-0.866424 -0.449724 -0.475679 -0.998506 -0.997524 -0.990323 
-0.449724 -0.466547 -0.861867 -0.860836 -0.975879 -0.444071 
-0.97667 -0.466547 -0.862783 -0.860836 -0.495032 -0.444071 
-0.959106 -0.86255 -0.480857 -0.955367 -0.851484 -0.579549 
-0.959106 -0.86255 -0.480857 -0.971183 -0.96501 -0.84762 
-0.959106 -0.86255 -0.480857 -0.445633 -0.830782 -0.493615 
-0.959106 -0.86255 -0.480857 -0.99773 -0.892298 -0.832933 
-0.959106 -0.955367 -0.851484 -0.971183 -0.96501 -0.453462 
-0.959106 -0.955367 -0.851484 -0.445633 -0.830782 -0.839244 
-0.959106 -0.955367 -0.851484 -0.99773 -0.892298 -0.538387 
-0.959106 -0.971183 -0.96501 -0.445633 -0.830782 -0.906947 
-0.959106 -0.971183 -0.96501 -0.99773 -0.892298 -0.848133 
-0.959106 -0.445633 -0.830782 -0.99773 -0.892298 -0.959144 
-0.86255 -0.955367 -0.579549 -0.467881 -0.973954 -0.998573 
-0.86255 -0.955367 -0.579549 -0.971183 -0.84762 -0.453462 
-0.86255 -0.955367 -0.579549 -0.445633 -0.493615 -0.839244 
-0.86255 -0.955367 -0.579549 -0.990519 -0.960907 -0.861612 
-0.86255 -0.955367 -0.579549 -0.99773 -0.832933 -0.538387 
-0.86255 -0.467881 -0.973954 -0.445633 -0.493615 -0.860526 
-0.86255 -0.971183 -0.84762 -0.445633 -0.493615 -0.906947 
-0.86255 -0.971183 -0.84762 -0.990519 -0.960907 -0.457999 
-0.86255 -0.971183 -0.84762 -0.99773 -0.832933 -0.848133 
-0.86255 -0.445633 -0.493615 -0.990519 -0.960907 -0.965052 
-0.86255 -0.445633 -0.493615 -0.99773 -0.832933 -0.959144 
-0.86255 -0.990519 -0.960907 -0.99773 -0.832933 -0.972426 
-0.976182 -0.866011 -0.451409 -0.467881 -0.859076 -0.45636 
-0.866011 -0.467881 -0.45636 -0.445633 -0.975707 -0.860526 
-0.955367 -0.467881 -0.998573 -0.445633 -0.839244 -0.860526 
-0.955367 -0.971183 -0.453462 -0.445633 -0.839244 -0.906947 
-0.955367 -0.971183 -0.453462 -0.990519 -0.861612 -0.457999 
-0.955367 -0.971183 -0.453462 -0.99773 -0.538387 -0.848133 
-0.955367 -0.445633 -0.839244 -0.990519 -0.861612 -0.965052 
-0.955367 -0.445633 -0.839244 -0.99773 -0.538387 -0.959144 
-0.955367 -0.990519 -0.861612 -0.99773 -0.538387 -0.972426 
-0.971183 -0.445633 -0.906947 -0.990519 -0.457999 -0.965052 
-0.971183 -0.445633 -0.906947 -0.99773 -0.848133 -0.959144 
-0.971183 -0.990519 -0.457999 -0.99773 -0.848133 -0.972426 
-0.445633 -0.990519 -0.965052 -0.99773 -0.959144 -0.972426 
-0.733677 -0.502783 -0.857612 -0.87215 -0.484541 -0.843961 
-0.733677 -0.502783 -0.857612 -0.759469 -0.74169 -0.456954 
-0.733677 -0.87215 -0.484541 -0.759469 -0.74169 -0.476475 
-0.502783 -0.87215 -0.843961 -0.759469 -0.456954 -0.476475 
-0.870505 -0.978669 -0.998894 -0.998458 -0.99635 -0.480901 
-0.870505 -0.978669 -0.998894 -0.520351 -0.982093 -0.991928 
-0.978669 -0.998458 -0.480901 -0.991822 -0.865096 -0.979548 
-0.978669 -0.998458 -0.480901 -0.978136 -0.425111 -0.861272 
-0.978669 -0.991822 -0.865096 -0.520351 -0.991928 -0.988721 
-0.978669 -0.991822 -0.865096 -0.978136 -0.425111 -0.50516 
-0.978669 -0.520351 -0.991928 -0.978136 -0.425111 -0.981931 
-0.998458 -0.991822 -0.979548 -0.978136 -0.861272 -0.50516 
-0.991822 -0.520351 -0.988721 -0.877324 -0.994592 -0.445485 
-0.991822 -0.520351 -0.988721 -0.978136 -0.50516 -0.981931 
-0.991822 -0.877324 -0.994592 -0.978136 -0.50516 -0.99606 
-0.520351 -0.877324 -0.445485 -0.978136 -0.981931 -0.99606 
-0.520351 -0.877324 -0.445485 -0.984066 -0.868111 -0.496372 
-0.857612 -0.484541 -0.843961 -0.74169 -0.456954 -0.476475 
-0.994741 -0.991598 -0.476475 -0.475679 -0.995703 -0.988113 
-0.869479 -0.855053 -0.819706 -0.97325 -0.946883 -0.475482 
-0.869479 -0.855053 -0.819706 -0.557458 -0.515166 -0.530171 
-0.869479 -0.855053 -0.819706 -0.433426 -0.976839 -0.937962 
-0.869479 -0.855053 -0.819706 -0.968066 -0.423322 -0.957891 
-0.869479 -0.97325 -0.946883 -0.557458 -0.515166 -0.880926 
-0.869479 -0.97325 -0.946883 -0.433426 -0.976839 -0.993398 
-0.869479 -0.97325 -0.946883 -0.968066 -0.423322 -0.994048 
-0.869479 -0.557458 -0.515166 -0.433426 -0.976839 -0.865779 
-0.869479 -0.557458 -0.515166 -0.968066 -0.423322 -0.868996 
-0.855053 -0.862639 -0.987693 -0.557458 -0.530171 -0.975028 
-0.855053 -0.862639 -0.987693 -0.433426 -0.937962 -0.481101 
-0.855053 -0.97325 -0.475482 -0.557458 -0.530171 -0.880926 
-0.855053 -0.97325 -0.475482 -0.433426 -0.937962 -0.993398 
-0.855053 -0.97325 -0.475482 -0.968066 -0.957891 -0.994048 
-0.855053 -0.557458 -0.530171 -0.433426 -0.937962 -0.865779 
-0.855053 -0.557458 -0.530171 -0.968066 -0.957891 -0.868996 
-0.862639 -0.557458 -0.975028 -0.433426 -0.481101 -0.865779 
-0.862639 -0.433426 -0.481101 -0.975261 -0.444606 -0.864546 
-0.97325 -0.557458 -0.880926 -0.433426 -0.993398 -0.865779 
-0.97325 -0.557458 -0.880926 -0.968066 -0.994048 -0.868996 
-0.857546 -0.415326 -0.480901 -0.496061 -0.97939 -0.863941 
-0.857546 -0.415326 -0.480901 -0.973024 -0.425111 -0.861272 
-0.415326 -0.856467 -0.969821 -0.496061 -0.863941 -0.45468 
-0.856467 -0.981323 -0.521552 -0.496061 -0.45468 -0.878064 
-0.422242 -0.86095 -0.480857 -0.969138 -0.950414 -0.950309 
-0.422242 -0.86095 -0.480857 -0.961675 -0.851484 -0.579549 
-0.422242 -0.86095 -0.480857 -0.962183 -0.830782 -0.493615 
-0.422242 -0.86095 -0.480857 -0.51427 -0.870127 -0.981322 
-0.422242 -0.86095 -0.480857 -0.955733 -0.892298 -0.832933 
-0.422242 -0.969138 -0.950414 -0.961675 -0.851484 -0.878176 
-0.422242 -0.969138 -0.950414 -0.962183 -0.830782 -0.999171 
-0.422242 -0.969138 -0.950414 -0.51427 -0.870127 -0.997425 
-0.422242 -0.969138 -0.950414 -0.955733 -0.892298 -0.423322 
-0.422242 -0.961675 -0.851484 -0.962183 -0.830782 -0.839244 
-0.422242 -0.961675 -0.851484 -0.955733 -0.892298 -0.538387 
-0.422242 -0.962183 -0.830782 -0.955733 -0.892298 -0.959144 
-0.422242 -0.51427 -0.870127 -0.871448 -0.976209 -0.43365 
-0.422242 -0.51427 -0.870127 -0.955733 -0.892298 -0.999568 
-0.86095 -0.969138 -0.950309 -0.961675 -0.579549 -0.878176 
-0.86095 -0.969138 -0.950309 -0.962183 -0.493615 -0.999171 
-0.86095 -0.969138 -0.950309 -0.51427 -0.981322 -0.997425 
-0.86095 -0.969138 -0.950309 -0.955733 -0.832933 -0.423322 
-0.86095 -0.961675 -0.579549 -0.962183 -0.493615 -0.839244 
-0.86095 -0.961675 -0.579549 -0.955733 -0.832933 -0.538387 
-0.86095 -0.962183 -0.493615 -0.955733 -0.832933 -0.959144 
-0.86095 -0.51427 -0.981322 -0.955733 -0.832933 -0.999568 
-0.969138 -0.961675 -0.878176 -0.962183 -0.999171 -0.839244 
-0.969138 -0.961675 -0.878176 -0.955733 -0.423322 -0.538387 
-0.969138 -0.962183 -0.999171 -0.955733 -0.423322 -0.959144 
-0.969138 -0.994925 -0.819706 -0.51427 -0.997425 -0.996804 
-0.969138 -0.994925 -0.819706 -0.994227 -0.946883 -0.475482 
-0.969138 -0.994925 -0.819706 -0.955733 -0.423322 -0.957891 
-0.969138 -0.51427 -0.997425 -0.994227 -0.946883 -0.98783 
-0.969138 -0.51427 -0.997425 -0.955733 -0.423322 -0.999568 
-0.969138 -0.994227 -0.946883 -0.955733 -0.423322 -0.994048 
-0.983352 -0.51427 -0.86961 -0.994227 -0.999656 -0.98783 
-0.983352 -0.51427 -0.86961 -0.871448 -0.528712 -0.43365 
-0.983352 -0.994227 -0.999656 -0.871448 -0.528712 -0.985475 
-0.961675 -0.962183 -0.839244 -0.955733 -0.538387 -0.959144 
-0.994925 -0.51427 -0.996804 -0.994227 -0.475482 -0.98783 
-0.994925 -0.51427 -0.996804 -0.955733 -0.957891 -0.999568 
-0.994925 -0.994227 -0.475482 -0.955733 -0.957891 -0.994048 
-0.51427 -0.994227 -0.98783 -0.871448 -0.43365 -0.985475 
-0.51427 -0.994227 -0.98783 -0.955733 -0.999568 -0.994048 
-0.480901 -0.865096 -0.979548 -0.425111 -0.861272 -0.50516 
-0.865096 -0.991928 -0.988721 -0.425111 -0.50516 -0.981931 
-0.865096 -0.425111 -0.50516 -0.967743 -0.392222 -0.852598 
-0.980464 -0.475309 -0.867337 -0.869992 -0.481122 -0.468275 
-0.475309 -0.476584 -0.861189 -0.869992 -0.468275 -0.978181 
-0.475309 -0.476584 -0.861189 -0.857604 -0.971393 -0.451409 
-0.476584 -0.857604 -0.451409 -0.973913 -0.859076 -0.45636 
-0.480857 -0.950414 -0.950309 -0.851484 -0.579549 -0.878176 
-0.480857 -0.950414 -0.950309 -0.96501 -0.84762 -0.969292 
-0.480857 -0.950414 -0.950309 -0.830782 -0.493615 -0.999171 
-0.480857 -0.950414 -0.950309 -0.870127 -0.981322 -0.997425 
-0.480857 -0.950414 -0.950309 -0.892298 -0.832933 -0.423322 
-0.480857 -0.851484 -0.579549 -0.96501 -0.84762 -0.453462 
-0.480857 -0.851484 -0.579549 -0.830782 -0.493615 -0.839244 
-0.480857 -0.851484 -0.579549 -0.892298 -0.832933 -0.538387 
-0.480857 -0.96501 -0.84762 -0.830782 -0.493615 -0.906947 
-0.480857 -0.96501 -0.84762 -0.892298 -0.832933 -0.848133 
-0.480857 -0.830782 -0.493615 -0.892298 -0.832933 -0.959144 
-0.480857 -0.870127 -0.981322 -0.892298 -0.832933 -0.999568 
-0.950414 -0.851484 -0.878176 -0.96501 -0.969292 -0.453462 
-0.950414 -0.851484 -0.878176 -0.830782 -0.999171 -0.839244 
-0.950414 -0.851484 -0.878176 -0.892298 -0.423322 -0.538387 
-0.950414 -0.96501 -0.969292 -0.830782 -0.999171 -0.906947 
-0.950414 -0.96501 -0.969292 -0.892298 -0.423322 -0.848133 
-0.950414 -0.830782 -0.999171 -0.892298 -0.423322 -0.959144 
-0.950414 -0.870127 -0.997425 -0.892298 -0.423322 -0.999568 
-0.851484 -0.96501 -0.453462 -0.830782 -0.839244 -0.906947 
-0.851484 -0.96501 -0.453462 -0.892298 -0.538387 -0.848133 
-0.851484 -0.830782 -0.839244 -0.892298 -0.538387 -0.959144 
-0.96501 -0.830782 -0.906947 -0.892298 -0.848133 -0.959144 
-0.874674 -0.95898 -0.511575 -0.96479 -0.525915 -0.841777 
-0.874674 -0.95898 -0.511575 -0.464558 -0.506772 -0.81092 
-0.874674 -0.95898 -0.511575 -0.998628 -0.878537 -0.970143 
-0.874674 -0.481122 -0.98221 -0.464558 -0.506772 -0.873012 
-0.874674 -0.96479 -0.525915 -0.464558 -0.506772 -0.849454 
-0.874674 -0.96479 -0.525915 -0.998628 -0.878537 -0.471702 
-0.874674 -0.464558 -0.506772 -0.998628 -0.878537 -0.963751 
-0.95898 -0.96479 -0.841777 -0.464558 -0.81092 -0.849454 
-0.95898 -0.96479 -0.841777 -0.998628 -0.970143 -0.471702 
-0.95898 -0.464558 -0.81092 -0.998628 -0.970143 -0.963751 
-0.867337 -0.481122 -0.468275 -0.464558 -0.97866 -0.873012 
-0.96479 -0.464558 -0.849454 -0.998628 -0.471702 -0.963751 
-0.511575 -0.525915 -0.841777 -0.506772 -0.81092 -0.849454 
-0.511575 -0.525915 -0.841777 -0.878537 -0.970143 -0.471702 
-0.511575 -0.979015 -0.863845 -0.506772 -0.81092 -0.99486 
-0.511575 -0.506772 -0.81092 -0.878537 -0.970143 -0.963751 
-0.998486 -0.525915 -0.999818 -0.878537 -0.9978 -0.471702 
-0.983328 -0.525915 -0.871484 -0.878537 -0.473542 -0.471702 
-0.525915 -0.506772 -0.849454 -0.878537 -0.471702 -0.963751 
-0.874146 -0.447499 -0.521552 -0.980549 -0.45468 -0.878064 
-0.874146 -0.447499 -0.521552 -0.534473 -0.985909 -0.881928 
-0.447499 -0.872409 -0.979722 -0.534473 -0.881928 -0.444606 
-0.872409 -0.981774 -0.481101 -0.534473 -0.444606 -0.864546 
-0.950309 -0.579549 -0.878176 -0.84762 -0.969292 -0.453462 
-0.950309 -0.579549 -0.878176 -0.493615 -0.999171 -0.839244 
-0.950309 -0.579549 -0.878176 -0.832933 -0.423322 -0.538387 
-0.950309 -0.84762 -0.969292 -0.493615 -0.999171 -0.906947 
-0.950309 -0.84762 -0.969292 -0.832933 -0.423322 -0.848133 
-0.950309 -0.493615 -0.999171 -0.832933 -0.423322 -0.959144 
-0.950309 -0.981322 -0.997425 -0.832933 -0.423322 -0.999568 
-0.579549 -0.973954 -0.998573 -0.493615 -0.839244 -0.860526 
-0.579549 -0.84762 -0.453462 -0.493615 -0.839244 -0.906947 
-0.579549 -0.84762 -0.453462 -0.960907 -0.861612 -0.457999 
-0.579549 -0.84762 -0.453462 -0.832933 -0.538387 -0.848133 
-0.579549 -0.493615 -0.839244 -0.960907 -0.861612 -0.965052 
-0.579549 -0.493615 -0.839244 -0.832933 -0.538387 -0.959144 
-0.579549 -0.960907 -0.861612 -0.832933 -0.538387 -0.972426 
-0.84762 -0.493615 -0.906947 -0.960907 -0.457999 -0.965052 
-0.84762 -0.493615 -0.906947 -0.832933 -0.848133 -0.959144 
-0.84762 -0.960907 -0.457999 -0.832933 -0.848133 -0.972426 
-0.493615 -0.960907 -0.965052 -0.832933 -0.959144 -0.972426 
-0.841777 -0.81092 -0.849454 -0.970143 -0.471702 -0.963751 
-0.521552 -0.999818 -0.999934 -0.9978 -0.994437 -0.471702 
-0.988721 -0.994592 -0.445485 -0.50516 -0.981931 -0.99606 
-0.862347 -0.50516 -0.976979 -0.392222 -0.512795 -0.852598 
-0.862347 -0.392222 -0.512795 -0.972687 -0.411978 -0.865829 
-0.878176 -0.969292 -0.453462 -0.999171 -0.839244 -0.906947 
-0.878176 -0.969292 -0.453462 -0.423322 -0.538387 -0.848133 
-0.878176 -0.999171 -0.839244 -0.423322 -0.538387 -0.959144 
-0.878176 -0.515166 -0.985629 -0.423322 -0.538387 -0.868996 
-0.997725 -0.819706 -0.880473 -0.997425 -0.997393 -0.996804 
-0.997725 -0.819706 -0.880473 -0.946883 -0.516382 -0.475482 
-0.997725 -0.819706 -0.880473 -0.515166 -0.982214 -0.530171 
-0.997725 -0.997425 -0.997393 -0.946883 -0.516382 -0.98783 
-0.997725 -0.946883 -0.516382 -0.515166 -0.982214 -0.880926 
-0.969292 -0.999171 -0.906947 -0.423322 -0.848133 -0.959144 
-0.819706 -0.997425 -0.996804 -0.946883 -0.475482 -0.98783 
-0.819706 -0.997425 -0.996804 -0.423322 -0.957891 -0.999568 
-0.819706 -0.946883 -0.475482 -0.515166 -0.530171 -0.880926 
-0.819706 -0.946883 -0.475482 -0.976839 -0.937962 -0.993398 
-0.819706 -0.946883 -0.475482 -0.423322 -0.957891 -0.994048 
-0.819706 -0.515166 -0.530171 -0.976839 -0.937962 -0.865779 
-0.819706 -0.515166 -0.530171 -0.423322 -0.957891 -0.868996 
-0.997425 -0.946883 -0.98783 -0.423322 -0.999568 -0.994048 
-0.946883 -0.515166 -0.880926 -0.976839 -0.993398 -0.865779 
-0.946883 -0.515166 -0.880926 -0.423322 -0.994048 -0.868996 
-0.442888 -0.972 -0.862783 -0.865817 -0.495032 -0.444071 
-0.442888 -0.865817 -0.495032 -0.528712 -0.88031 -0.98322 
-0.442888 -0.86961 -0.97738 -0.528712 -0.88031 -0.43365 
-0.86961 -0.999656 -0.98783 -0.528712 -0.43365 -0.985475 
-0.978535 -0.445485 -0.875136 -0.868111 -0.464912 -0.496372 
-0.875136 -0.464912 -0.496372 -0.473542 -0.980251 -0.864846 
-0.464912 -0.871484 -0.978668 -0.473542 -0.864846 -0.471702 
-0.512795 -0.411978 -0.865829 -0.867333 -0.982926 -0.516382 
-0.411978 -0.97944 -0.880473 -0.867333 -0.516382 -0.475482 
-0.411978 -0.867333 -0.516382 -0.996864 -0.98992 -0.985475 
-0.453462 -0.839244 -0.906947 -0.861612 -0.457999 -0.965052 
-0.453462 -0.839244 -0.906947 -0.538387 -0.848133 -0.959144 
-0.453462 -0.861612 -0.457999 -0.538387 -0.848133 -0.972426 
-0.839244 -0.861612 -0.965052 -0.538387 -0.959144 -0.972426 
-0.880473 -0.997393 -0.996804 -0.516382 -0.475482 -0.98783 
-0.880473 -0.516382 -0.475482 -0.982214 -0.530171 -0.880926 
-0.997393 -0.516382 -0.98783 -0.98992 -0.43365 -0.985475 
-0.906947 -0.457999 -0.965052 -0.848133 -0.959144 -0.972426 
-0.987693 -0.530171 -0.975028 -0.937962 -0.481101 -0.865779 
-0.996804 -0.475482 -0.98783 -0.957891 -0.999568 -0.994048 
-0.475482 -0.530171 -0.880926 -0.937962 -0.993398 -0.865779 
-0.475482 -0.530171 -0.880926 -0.957891 -0.994048 -0.868996 
