-0.484518 -0.432765 -0.726048 
-0.484518 -0.990786 -0.997015 
-0.484518 -0.846794 -0.49617 
-0.484518 -0.840361 -0.863911 
-0.484518 -0.861673 -0.751726 
-0.432765 -0.846794 -0.849438 
-0.432765 -0.840361 -0.478008 
-0.432765 -0.861673 -0.734025 
-0.432765 -0.998716 -0.995037 
-0.432765 -0.999452 -0.986257 
-0.432765 -0.995337 -0.985965 
-0.990786 -0.99709 -0.427118 
-0.846794 -0.840361 -0.835847 
-0.846794 -0.861673 -0.450542 
-0.840361 -0.861673 -0.469977 
-0.840361 -0.999452 -0.990687 
-0.840361 -0.995337 -0.997138 
-0.999452 -0.995337 -0.427341 
-0.985334 -0.865539 -0.866424 
-0.985334 -0.4424 -0.950359 
-0.985334 -0.960453 -0.956143 
-0.985334 -0.932489 -0.458113 
-0.985334 -0.997914 -0.989832 
-0.865539 -0.4424 -0.504923 
-0.865539 -0.960453 -0.5192 
-0.865539 -0.503972 -0.970306 
-0.865539 -0.932489 -0.500141 
-0.865539 -0.997914 -0.87027 
-0.995568 -0.969294 -0.572598 
-0.995568 -0.86093 -0.839489 
-0.995568 -0.995758 -0.487042 
-0.995568 -0.503972 -0.952278 
-0.995568 -0.999045 -0.824867 
-0.4424 -0.86093 -0.968542 
-0.4424 -0.960453 -0.833672 
-0.4424 -0.503972 -0.855643 
-0.4424 -0.932489 -0.80295 
-0.4424 -0.997914 -0.961473 
-0.969294 -0.86093 -0.447065 
-0.969294 -0.995758 -0.83115 
-0.969294 -0.503972 -0.85342 
-0.969294 -0.999045 -0.531617 
-0.86093 -0.995758 -0.898555 
-0.86093 -0.503972 -0.451582 
-0.86093 -0.999045 -0.839999 
-0.995758 -0.503972 -0.956404 
-0.995758 -0.999045 -0.950523 
-0.960453 -0.503972 -0.996771 
-0.960453 -0.932489 -0.841315 
-0.960453 -0.997914 -0.465225 
-0.503972 -0.932489 -0.986081 
-0.503972 -0.999045 -0.963746 
-0.932489 -0.997914 -0.955109 
-0.448235 -0.855007 -0.968331 
-0.448235 -0.974083 -0.986612 
-0.448235 -0.497127 -0.862273 
-0.448235 -0.98204 -0.969961 
-0.448235 -0.986046 -0.998975 
-0.448235 -0.98962 -0.989663 
-0.448235 -0.999868 -0.983057 
-0.448235 -0.866019 -0.51366 
-0.448235 -0.971271 -0.869062 
-0.448235 -0.989925 -0.969431 
-0.448235 -0.977817 -0.979575 
-0.448235 -0.9954 -0.991815 
-0.855007 -0.999427 -0.99982 
-0.855007 -0.974083 -0.99596 
-0.855007 -0.497127 -0.431959 
-0.855007 -0.986046 -0.991469 
-0.855007 -0.999944 -0.985963 
-0.855007 -0.969925 -0.469185 
-0.999427 -0.497127 -0.992214 
-0.999427 -0.98204 -0.849372 
-0.999427 -0.98962 -0.409098 
-0.999427 -0.989925 -0.964342 
-0.974083 -0.497127 -0.989178 
-0.974083 -0.986046 -0.415984 
-0.974083 -0.999944 -0.988879 
-0.974083 -0.866019 -0.999797 
-0.974083 -0.977817 -0.507606 
-0.974083 -0.9954 -0.863212 
-0.497127 -0.98204 -0.990098 
-0.497127 -0.986046 -0.989792 
-0.497127 -0.999944 -0.995579 
-0.497127 -0.98962 -0.987565 
-0.497127 -0.866019 -0.973371 
-0.497127 -0.969925 -0.855505 
-0.497127 -0.977817 -0.997142 
-0.98204 -0.98962 -0.474384 
-0.98204 -0.999868 -0.856888 
-0.98204 -0.866019 -0.983162 
-0.98204 -0.971271 -0.9978 
-0.98204 -0.989925 -0.41884 
-0.986046 -0.999944 -0.991517 
-0.986046 -0.969925 -0.998693 
-0.986046 -0.977817 -0.861897 
-0.986046 -0.9954 -0.967512 
-0.999944 -0.969925 -0.98692 
-0.999944 -0.977817 -0.990687 
-0.999944 -0.9954 -0.997138 
-0.98962 -0.999868 -0.970836 
-0.98962 -0.866019 -0.999834 
-0.98962 -0.989925 -0.853081 
-0.999868 -0.866019 -0.979969 
-0.999868 -0.971271 -0.985814 
-0.999868 -0.989925 -0.498536 
-0.866019 -0.971271 -0.439123 
-0.866019 -0.989925 -0.973209 
-0.866019 -0.977817 -0.988444 
-0.866019 -0.9954 -0.99055 
-0.971271 -0.989925 -0.987276 
-0.971271 -0.977817 -0.999196 
-0.971271 -0.9954 -0.996365 
-0.977817 -0.9954 -0.427341 
-0.98004 -0.858211 -0.996108 
-0.98004 -0.994934 -0.99564 
-0.98004 -0.443344 -0.982194 
-0.98004 -0.989985 -0.461421 
-0.98004 -0.460093 -0.991014 
-0.98004 -0.989711 -0.439271 
-0.858211 -0.99988 -0.99827 
-0.858211 -0.968569 -0.431959 
-0.858211 -0.994934 -0.985963 
-0.858211 -0.985551 -0.982834 
-0.858211 -0.443344 -0.469185 
-0.858211 -0.460093 -0.968997 
-0.858211 -0.989711 -0.988734 
-0.99988 -0.994934 -0.835847 
-0.99988 -0.985551 -0.450542 
-0.99988 -0.443344 -0.997512 
-0.968569 -0.994934 -0.995579 
-0.968569 -0.985551 -0.996277 
-0.968569 -0.443344 -0.855505 
-0.968569 -0.989711 -0.998643 
-0.994934 -0.985551 -0.469977 
-0.994934 -0.443344 -0.98692 
-0.994934 -0.989711 -0.996538 
-0.998223 -0.967972 -0.436539 
-0.998223 -0.460093 -0.963321 
-0.998223 -0.852647 -0.857607 
-0.997862 -0.967972 -0.99818 
-0.997862 -0.460093 -0.992774 
-0.997862 -0.852647 -0.988844 
-0.985551 -0.443344 -0.979364 
-0.985551 -0.460093 -0.992552 
-0.443344 -0.989985 -0.997471 
-0.443344 -0.460093 -0.853674 
-0.443344 -0.989711 -0.981564 
-0.443344 -0.852647 -0.967183 
-0.967972 -0.460093 -0.854585 
-0.967972 -0.852647 -0.488453 
-0.989985 -0.460093 -0.990556 
-0.989985 -0.989711 -0.852338 
-0.460093 -0.852647 -0.437716 
-0.996108 -0.992056 -0.99596 
-0.996108 -0.950485 -0.991469 
-0.996108 -0.99564 -0.985963 
-0.996108 -0.854354 -0.996688 
-0.996108 -0.982194 -0.469185 
-0.996108 -0.991014 -0.968997 
-0.996108 -0.439271 -0.988734 
-0.992056 -0.950485 -0.415984 
-0.992056 -0.99564 -0.988879 
-0.992056 -0.854354 -0.85276 
-0.992056 -0.946762 -0.953042 
-0.992056 -0.962509 -0.99414 
-0.992056 -0.439271 -0.953548 
-0.992056 -0.988939 -0.947126 
-0.999687 -0.967486 -0.470086 
-0.999687 -0.857799 -0.849429 
-0.999687 -0.461421 -0.965226 
-0.950485 -0.99564 -0.991517 
-0.950485 -0.854354 -0.47434 
-0.950485 -0.982194 -0.998693 
-0.950485 -0.946762 -0.843336 
-0.950485 -0.461421 -0.993655 
-0.950485 -0.962509 -0.956362 
-0.950485 -0.439271 -0.822725 
-0.950485 -0.981759 -0.99442 
-0.950485 -0.988939 -0.883971 
-0.99564 -0.982194 -0.98692 
-0.99564 -0.439271 -0.996538 
-0.854354 -0.857799 -0.998621 
-0.854354 -0.982194 -0.998231 
-0.854354 -0.946762 -0.572598 
-0.854354 -0.461421 -0.965268 
-0.854354 -0.962509 -0.839489 
-0.854354 -0.439271 -0.487042 
-0.854354 -0.981759 -0.952278 
-0.854354 -0.988939 -0.824867 
-0.967486 -0.857799 -0.445022 
-0.967486 -0.461421 -0.850895 
-0.967486 -0.439271 -0.999164 
-0.857799 -0.461421 -0.449951 
-0.857799 -0.991014 -0.998477 
-0.857799 -0.439271 -0.967012 
-0.982194 -0.461421 -0.997471 
-0.982194 -0.991014 -0.853674 
-0.982194 -0.439271 -0.981564 
-0.946762 -0.461421 -0.989778 
-0.946762 -0.962509 -0.447065 
-0.946762 -0.439271 -0.83115 
-0.946762 -0.981759 -0.85342 
-0.946762 -0.988939 -0.531617 
-0.461421 -0.991014 -0.990556 
-0.461421 -0.962509 -0.993701 
-0.461421 -0.439271 -0.852338 
-0.461421 -0.981759 -0.999508 
-0.962509 -0.439271 -0.898555 
-0.962509 -0.981759 -0.451582 
-0.962509 -0.988939 -0.839999 
-0.439271 -0.981759 -0.956404 
-0.439271 -0.988939 -0.950523 
-0.981759 -0.988939 -0.963746 
-0.726048 -0.49617 -0.849438 
-0.726048 -0.863911 -0.478008 
-0.726048 -0.751726 -0.734025 
-0.997015 -0.998532 -0.959405 
-0.49617 -0.863911 -0.835847 
-0.49617 -0.751726 -0.450542 
-0.49617 -0.997383 -0.998481 
-0.49617 -0.999672 -0.995633 
-0.863911 -0.751726 -0.469977 
-0.997383 -0.999672 -0.451582 
-0.997383 -0.998532 -0.839999 
-0.999672 -0.998532 -0.963746 
-0.968331 -0.986612 -0.99596 
-0.968331 -0.862273 -0.431959 
-0.968331 -0.998975 -0.991469 
-0.986612 -0.862273 -0.989178 
-0.986612 -0.998975 -0.415984 
-0.986612 -0.51366 -0.999797 
-0.986612 -0.979575 -0.507606 
-0.986612 -0.991815 -0.863212 
-0.862273 -0.969961 -0.990098 
-0.862273 -0.998975 -0.989792 
-0.862273 -0.989663 -0.987565 
-0.862273 -0.51366 -0.973371 
-0.862273 -0.979575 -0.997142 
-0.969961 -0.989663 -0.474384 
-0.969961 -0.983057 -0.856888 
-0.969961 -0.51366 -0.983162 
-0.969961 -0.869062 -0.9978 
-0.969961 -0.969431 -0.41884 
-0.969961 -0.999303 -0.959084 
-0.998975 -0.979575 -0.861897 
-0.998975 -0.991815 -0.967512 
-0.989663 -0.983057 -0.970836 
-0.989663 -0.51366 -0.999834 
-0.989663 -0.969431 -0.853081 
-0.989663 -0.999303 -0.99802 
-0.983057 -0.51366 -0.979969 
-0.983057 -0.869062 -0.985814 
-0.983057 -0.969431 -0.498536 
-0.983057 -0.975335 -0.998822 
-0.983057 -0.999303 -0.386096 
-0.51366 -0.869062 -0.439123 
-0.51366 -0.969431 -0.973209 
-0.51366 -0.975335 -0.85989 
-0.51366 -0.999303 -0.997766 
-0.51366 -0.979575 -0.988444 
-0.51366 -0.991815 -0.99055 
-0.869062 -0.969431 -0.987276 
-0.869062 -0.975335 -0.489787 
-0.869062 -0.999303 -0.999074 
-0.869062 -0.979575 -0.999196 
-0.869062 -0.991815 -0.996365 
-0.969431 -0.999303 -0.844445 
-0.979575 -0.991815 -0.427341 
-0.849438 -0.478008 -0.835847 
-0.849438 -0.734025 -0.450542 
-0.993985 -0.478008 -0.988879 
-0.993985 -0.986257 -0.507606 
-0.993985 -0.985965 -0.863212 
-0.997462 -0.998314 -0.856888 
-0.997462 -0.995037 -0.41884 
-0.478008 -0.734025 -0.469977 
-0.478008 -0.986257 -0.990687 
-0.478008 -0.985965 -0.997138 
-0.998314 -0.995037 -0.498536 
-0.986257 -0.985965 -0.427341 
-0.99982 -0.431959 -0.992214 
-0.99827 -0.985963 -0.835847 
-0.99827 -0.982834 -0.450542 
-0.99827 -0.469185 -0.997512 
-0.99596 -0.431959 -0.989178 
-0.99596 -0.991469 -0.415984 
-0.99596 -0.985963 -0.988879 
-0.99596 -0.996688 -0.85276 
-0.99596 -0.988734 -0.953548 
-0.431959 -0.991469 -0.989792 
-0.431959 -0.985963 -0.995579 
-0.431959 -0.996688 -0.999456 
-0.431959 -0.982834 -0.996277 
-0.431959 -0.469185 -0.855505 
-0.431959 -0.988734 -0.998643 
-0.991469 -0.985963 -0.991517 
-0.991469 -0.996688 -0.47434 
-0.991469 -0.469185 -0.998693 
-0.991469 -0.988734 -0.822725 
-0.985963 -0.982834 -0.469977 
-0.985963 -0.469185 -0.98692 
-0.985963 -0.988734 -0.996538 
-0.996688 -0.469185 -0.998231 
-0.996688 -0.988734 -0.487042 
-0.982834 -0.469185 -0.979364 
-0.982834 -0.968997 -0.992552 
-0.469185 -0.968997 -0.853674 
-0.469185 -0.988734 -0.981564 
-0.861252 -0.999893 -0.869911 
-0.861252 -0.999166 -0.988933 
-0.861252 -0.846889 -0.811698 
-0.861252 -0.964567 -0.938315 
-0.861252 -0.550604 -0.508498 
-0.861252 -0.427118 -0.96814 
-0.861252 -0.959405 -0.417058 
-0.999893 -0.846889 -0.996809 
-0.999893 -0.550604 -0.976891 
-0.999893 -0.959405 -0.531617 
-0.999166 -0.846889 -0.872198 
-0.999166 -0.964567 -0.509708 
-0.999166 -0.550604 -0.97349 
-0.846889 -0.854442 -0.978946 
-0.846889 -0.964567 -0.468988 
-0.846889 -0.550604 -0.523438 
-0.846889 -0.427118 -0.929433 
-0.846889 -0.966568 -0.999342 
-0.846889 -0.959405 -0.949275 
-0.854442 -0.964567 -0.999156 
-0.854442 -0.550604 -0.966336 
-0.854442 -0.427118 -0.474583 
-0.854442 -0.966568 -0.438248 
-0.964567 -0.550604 -0.872649 
-0.964567 -0.427118 -0.984626 
-0.964567 -0.959405 -0.985273 
-0.550604 -0.427118 -0.857568 
-0.550604 -0.966568 -0.998161 
-0.550604 -0.959405 -0.860771 
-0.427118 -0.966568 -0.856341 
-0.427118 -0.959405 -0.997782 
-0.992214 -0.849372 -0.990098 
-0.992214 -0.409098 -0.987565 
-0.849372 -0.409098 -0.474384 
-0.849372 -0.848297 -0.998873 
-0.849372 -0.489478 -0.970679 
-0.849372 -0.964342 -0.41884 
-0.409098 -0.848297 -0.961152 
-0.409098 -0.489478 -0.855738 
-0.409098 -0.964342 -0.853081 
-0.848297 -0.972604 -0.514856 
-0.848297 -0.489478 -0.448279 
-0.972604 -0.489478 -0.8698 
-0.835847 -0.450542 -0.469977 
-0.835847 -0.997512 -0.98692 
-0.450542 -0.997512 -0.979364 
-0.998481 -0.995633 -0.451582 
-0.989178 -0.415984 -0.989792 
-0.989178 -0.988879 -0.995579 
-0.989178 -0.85276 -0.999456 
-0.989178 -0.999797 -0.973371 
-0.989178 -0.953548 -0.998643 
-0.989178 -0.507606 -0.997142 
-0.415984 -0.988879 -0.991517 
-0.415984 -0.85276 -0.47434 
-0.415984 -0.960472 -0.941831 
-0.415984 -0.953042 -0.843336 
-0.415984 -0.99414 -0.956362 
-0.415984 -0.953548 -0.822725 
-0.415984 -0.986146 -0.992435 
-0.415984 -0.507606 -0.861897 
-0.415984 -0.985451 -0.99542 
-0.415984 -0.992413 -0.991211 
-0.415984 -0.863212 -0.967512 
-0.415984 -0.947126 -0.883971 
-0.988879 -0.953548 -0.996538 
-0.988879 -0.507606 -0.990687 
-0.988879 -0.863212 -0.997138 
-0.85276 -0.960472 -0.941727 
-0.85276 -0.953042 -0.572598 
-0.85276 -0.99414 -0.839489 
-0.85276 -0.953548 -0.487042 
-0.85276 -0.507606 -0.972602 
-0.85276 -0.992413 -0.994288 
-0.85276 -0.947126 -0.824867 
-0.960472 -0.953042 -0.869911 
-0.960472 -0.995958 -0.988933 
-0.960472 -0.99414 -0.960625 
-0.960472 -0.953548 -0.990373 
-0.960472 -0.986146 -0.811698 
-0.960472 -0.507606 -0.988635 
-0.960472 -0.985451 -0.938315 
-0.960472 -0.992413 -0.508498 
-0.960472 -0.947126 -0.417058 
-0.974624 -0.999797 -0.99514 
-0.974624 -0.995958 -0.992454 
-0.974624 -0.507606 -0.861382 
-0.974624 -0.985451 -0.990856 
-0.974624 -0.863212 -0.521984 
-0.999797 -0.507606 -0.988444 
-0.999797 -0.863212 -0.99055 
-0.953042 -0.99414 -0.447065 
-0.953042 -0.953548 -0.83115 
-0.953042 -0.986146 -0.996809 
-0.953042 -0.507606 -0.997162 
-0.953042 -0.992413 -0.976891 
-0.953042 -0.947126 -0.531617 
-0.995958 -0.986146 -0.872198 
-0.995958 -0.507606 -0.988603 
-0.995958 -0.985451 -0.509708 
-0.995958 -0.992413 -0.97349 
-0.995958 -0.863212 -0.981163 
-0.99414 -0.953548 -0.898555 
-0.99414 -0.992413 -0.999143 
-0.99414 -0.947126 -0.839999 
-0.953548 -0.507606 -0.997253 
-0.953548 -0.947126 -0.950523 
-0.986146 -0.507606 -0.988016 
-0.986146 -0.985451 -0.468988 
-0.986146 -0.992413 -0.523438 
-0.986146 -0.863212 -0.992446 
-0.986146 -0.947126 -0.949275 
-0.507606 -0.985451 -0.979082 
-0.507606 -0.992413 -0.999837 
-0.507606 -0.863212 -0.427341 
-0.507606 -0.947126 -0.990768 
-0.985451 -0.992413 -0.872649 
-0.985451 -0.863212 -0.976738 
-0.985451 -0.947126 -0.985273 
-0.992413 -0.947126 -0.860771 
-0.990098 -0.987565 -0.474384 
-0.990098 -0.973371 -0.983162 
-0.989792 -0.995579 -0.991517 
-0.989792 -0.999456 -0.47434 
-0.989792 -0.855505 -0.998693 
-0.989792 -0.998643 -0.822725 
-0.989792 -0.997142 -0.861897 
-0.995579 -0.996277 -0.469977 
-0.995579 -0.855505 -0.98692 
-0.995579 -0.998643 -0.996538 
-0.995579 -0.997142 -0.990687 
-0.987565 -0.973371 -0.999834 
-0.999456 -0.855505 -0.998231 
-0.999456 -0.998643 -0.487042 
-0.999456 -0.997142 -0.972602 
-0.973371 -0.997142 -0.988444 
-0.996277 -0.855505 -0.979364 
-0.855505 -0.998643 -0.981564 
-0.998643 -0.997142 -0.997253 
-0.474384 -0.998873 -0.961152 
-0.474384 -0.856888 -0.970836 
-0.474384 -0.970679 -0.855738 
-0.474384 -0.983162 -0.999834 
-0.474384 -0.41884 -0.853081 
-0.474384 -0.959084 -0.99802 
-0.998873 -0.970679 -0.448279 
-0.856888 -0.983162 -0.979969 
-0.856888 -0.9978 -0.985814 
-0.856888 -0.998032 -0.854152 
-0.856888 -0.41884 -0.498536 
-0.856888 -0.959084 -0.386096 
-0.983162 -0.9978 -0.439123 
-0.983162 -0.41884 -0.973209 
-0.983162 -0.959084 -0.997766 
-0.9978 -0.41884 -0.987276 
-0.9978 -0.959084 -0.999074 
-0.998032 -0.41884 -0.968279 
-0.998032 -0.959084 -0.506138 
-0.41884 -0.959084 -0.844445 
-0.971749 -0.468817 -0.859119 
-0.971749 -0.861763 -0.474604 
-0.468817 -0.470086 -0.852998 
-0.468817 -0.861763 -0.461814 
-0.468817 -0.849429 -0.962718 
-0.468817 -0.965226 -0.997316 
-0.470086 -0.861763 -0.969476 
-0.470086 -0.849429 -0.445022 
-0.470086 -0.965226 -0.850895 
-0.861763 -0.849429 -0.999475 
-0.849429 -0.965226 -0.449951 
-0.991517 -0.998693 -0.98692 
-0.991517 -0.822725 -0.996538 
-0.991517 -0.861897 -0.990687 
-0.991517 -0.967512 -0.997138 
-0.47434 -0.941831 -0.941727 
-0.47434 -0.998693 -0.998231 
-0.47434 -0.843336 -0.572598 
-0.47434 -0.993655 -0.965268 
-0.47434 -0.956362 -0.839489 
-0.47434 -0.822725 -0.487042 
-0.47434 -0.99442 -0.952278 
-0.47434 -0.861897 -0.972602 
-0.47434 -0.991211 -0.994288 
-0.47434 -0.883971 -0.824867 
-0.941831 -0.843336 -0.869911 
-0.941831 -0.956362 -0.960625 
-0.941831 -0.822725 -0.990373 
-0.941831 -0.99442 -0.997927 
-0.941831 -0.992435 -0.811698 
-0.941831 -0.861897 -0.988635 
-0.941831 -0.99542 -0.938315 
-0.941831 -0.991211 -0.508498 
-0.941831 -0.883971 -0.417058 
-0.998693 -0.993655 -0.997471 
-0.998693 -0.822725 -0.981564 
-0.843336 -0.993655 -0.989778 
-0.843336 -0.956362 -0.447065 
-0.843336 -0.822725 -0.83115 
-0.843336 -0.99442 -0.85342 
-0.843336 -0.992435 -0.996809 
-0.843336 -0.861897 -0.997162 
-0.843336 -0.991211 -0.976891 
-0.843336 -0.883971 -0.531617 
-0.993655 -0.956362 -0.993701 
-0.993655 -0.822725 -0.852338 
-0.993655 -0.99442 -0.999508 
-0.956362 -0.822725 -0.898555 
-0.956362 -0.99442 -0.451582 
-0.956362 -0.991211 -0.999143 
-0.956362 -0.883971 -0.839999 
-0.822725 -0.99442 -0.956404 
-0.822725 -0.861897 -0.997253 
-0.822725 -0.883971 -0.950523 
-0.99442 -0.883971 -0.963746 
-0.992435 -0.861897 -0.988016 
-0.992435 -0.99542 -0.468988 
-0.992435 -0.991211 -0.523438 
-0.992435 -0.967512 -0.992446 
-0.992435 -0.883971 -0.949275 
-0.861897 -0.99542 -0.979082 
-0.861897 -0.991211 -0.999837 
-0.861897 -0.967512 -0.427341 
-0.861897 -0.883971 -0.990768 
-0.99542 -0.991211 -0.872649 
-0.99542 -0.967512 -0.976738 
-0.99542 -0.883971 -0.985273 
-0.991211 -0.883971 -0.860771 
-0.469977 -0.98692 -0.979364 
-0.98692 -0.996538 -0.981564 
-0.996538 -0.990687 -0.997253 
-0.990687 -0.997138 -0.427341 
-0.866424 -0.950359 -0.504923 
-0.866424 -0.999021 -0.989691 
-0.866424 -0.991984 -0.992327 
-0.866424 -0.474604 -0.973486 
-0.866424 -0.956143 -0.5192 
-0.866424 -0.458113 -0.500141 
-0.866424 -0.989832 -0.87027 
-0.995136 -0.999021 -0.865899 
-0.995136 -0.859119 -0.999326 
-0.995136 -0.991984 -0.441129 
-0.995136 -0.474604 -0.995275 
-0.995136 -0.989832 -0.998919 
-0.995136 -0.999857 -0.527721 
-0.950359 -0.474604 -0.995729 
-0.950359 -0.956143 -0.833672 
-0.950359 -0.458113 -0.80295 
-0.950359 -0.989832 -0.961473 
-0.999021 -0.991984 -0.514856 
-0.999021 -0.956143 -0.991018 
-0.999021 -0.458113 -0.995696 
-0.999021 -0.989832 -0.989009 
-0.999021 -0.999857 -0.977169 
-0.859119 -0.474604 -0.461814 
-0.859119 -0.458113 -0.969952 
-0.859119 -0.999857 -0.995329 
-0.991984 -0.474604 -0.997605 
-0.991984 -0.956143 -0.991133 
-0.991984 -0.458113 -0.992825 
-0.991984 -0.989832 -0.98566 
-0.991984 -0.999857 -0.873646 
-0.474604 -0.956143 -0.996781 
-0.474604 -0.458113 -0.864769 
-0.474604 -0.999857 -0.994762 
-0.956143 -0.458113 -0.841315 
-0.956143 -0.989832 -0.465225 
-0.458113 -0.989832 -0.955109 
-0.504923 -0.973486 -0.995729 
-0.504923 -0.988912 -0.99691 
-0.504923 -0.9746 -0.998764 
-0.504923 -0.5192 -0.833672 
-0.504923 -0.970306 -0.855643 
-0.504923 -0.500141 -0.80295 
-0.504923 -0.87027 -0.961473 
-0.989691 -0.992327 -0.514856 
-0.989691 -0.988912 -0.448279 
-0.989691 -0.9746 -0.998154 
-0.989691 -0.5192 -0.991018 
-0.989691 -0.500141 -0.995696 
-0.989691 -0.87027 -0.989009 
-0.992327 -0.973486 -0.997605 
-0.992327 -0.988912 -0.8698 
-0.992327 -0.9746 -0.994418 
-0.992327 -0.5192 -0.991133 
-0.992327 -0.500141 -0.992825 
-0.992327 -0.87027 -0.98566 
-0.973486 -0.5192 -0.996781 
-0.973486 -0.500141 -0.864769 
-0.988912 -0.5192 -0.991559 
-0.988912 -0.500141 -0.999355 
-0.988912 -0.87027 -0.992248 
-0.9746 -0.5192 -0.863249 
-0.9746 -0.500141 -0.996846 
-0.9746 -0.87027 -0.467057 
-0.5192 -0.970306 -0.996771 
-0.5192 -0.500141 -0.841315 
-0.5192 -0.87027 -0.465225 
-0.970306 -0.500141 -0.986081 
-0.500141 -0.87027 -0.955109 
-0.961152 -0.855738 -0.448279 
-0.970836 -0.999834 -0.979969 
-0.970836 -0.853081 -0.498536 
-0.970836 -0.99802 -0.386096 
-0.999834 -0.853081 -0.973209 
-0.999834 -0.99802 -0.997766 
-0.853081 -0.99802 -0.844445 
-0.865899 -0.441129 -0.514856 
-0.865899 -0.971833 -0.448279 
-0.865899 -0.998919 -0.989009 
-0.865899 -0.527721 -0.977169 
-0.999326 -0.995275 -0.461814 
-0.999326 -0.527721 -0.995329 
-0.441129 -0.995275 -0.997605 
-0.441129 -0.971833 -0.8698 
-0.441129 -0.998919 -0.98566 
-0.441129 -0.864169 -0.97101 
-0.441129 -0.527721 -0.873646 
-0.995275 -0.527721 -0.994762 
-0.971833 -0.998919 -0.992248 
-0.864169 -0.973053 -0.474583 
-0.864169 -0.527721 -0.438248 
-0.973053 -0.527721 -0.856341 
-0.941727 -0.572598 -0.869911 
-0.941727 -0.839489 -0.960625 
-0.941727 -0.487042 -0.990373 
-0.941727 -0.952278 -0.997927 
-0.941727 -0.972602 -0.988635 
-0.941727 -0.994288 -0.508498 
-0.941727 -0.824867 -0.417058 
-0.998621 -0.965268 -0.449951 
-0.998621 -0.487042 -0.967012 
-0.998231 -0.965268 -0.997471 
-0.998231 -0.487042 -0.981564 
-0.572598 -0.965268 -0.989778 
-0.572598 -0.839489 -0.447065 
-0.572598 -0.487042 -0.83115 
-0.572598 -0.952278 -0.85342 
-0.572598 -0.972602 -0.997162 
-0.572598 -0.994288 -0.976891 
-0.572598 -0.824867 -0.531617 
-0.965268 -0.839489 -0.993701 
-0.965268 -0.487042 -0.852338 
-0.965268 -0.952278 -0.999508 
-0.839489 -0.487042 -0.898555 
-0.839489 -0.952278 -0.451582 
-0.839489 -0.994288 -0.999143 
-0.839489 -0.824867 -0.839999 
-0.487042 -0.952278 -0.956404 
-0.487042 -0.972602 -0.997253 
-0.487042 -0.824867 -0.950523 
-0.952278 -0.824867 -0.963746 
-0.972602 -0.994288 -0.999837 
-0.972602 -0.824867 -0.990768 
-0.994288 -0.824867 -0.860771 
-0.995729 -0.833672 -0.996781 
-0.995729 -0.80295 -0.864769 
-0.99691 -0.833672 -0.991559 
-0.99691 -0.80295 -0.999355 
-0.99691 -0.961473 -0.992248 
-0.998764 -0.833672 -0.863249 
-0.998764 -0.80295 -0.996846 
-0.998764 -0.961473 -0.467057 
-0.968542 -0.855643 -0.451582 
-0.833672 -0.855643 -0.996771 
-0.833672 -0.80295 -0.841315 
-0.833672 -0.961473 -0.465225 
-0.855643 -0.80295 -0.986081 
-0.80295 -0.961473 -0.955109 
-0.514856 -0.448279 -0.8698 
-0.514856 -0.998154 -0.994418 
-0.514856 -0.991018 -0.991133 
-0.514856 -0.995696 -0.992825 
-0.514856 -0.989009 -0.98566 
-0.514856 -0.977169 -0.873646 
-0.448279 -0.991018 -0.991559 
-0.448279 -0.995696 -0.999355 
-0.448279 -0.989009 -0.992248 
-0.998154 -0.991018 -0.863249 
-0.998154 -0.995696 -0.996846 
-0.998154 -0.989009 -0.467057 
-0.991018 -0.995696 -0.841315 
-0.991018 -0.989009 -0.465225 
-0.995696 -0.989009 -0.955109 
-0.852998 -0.461814 -0.969476 
-0.852998 -0.962718 -0.445022 
-0.852998 -0.997316 -0.850895 
-0.461814 -0.962718 -0.999475 
-0.461814 -0.969952 -0.864769 
-0.461814 -0.995329 -0.994762 
-0.962718 -0.997316 -0.449951 
-0.969476 -0.445022 -0.999475 
-0.445022 -0.850895 -0.449951 
-0.445022 -0.999164 -0.967012 
-0.850895 -0.999164 -0.852338 
-0.997605 -0.991133 -0.996781 
-0.997605 -0.992825 -0.864769 
-0.997605 -0.873646 -0.994762 
-0.8698 -0.991133 -0.991559 
-0.8698 -0.992825 -0.999355 
-0.8698 -0.98566 -0.992248 
-0.994418 -0.991133 -0.863249 
-0.994418 -0.992825 -0.996846 
-0.994418 -0.98566 -0.467057 
-0.991133 -0.992825 -0.841315 
-0.991133 -0.98566 -0.465225 
-0.992825 -0.98566 -0.955109 
-0.97101 -0.873646 -0.438248 
-0.979969 -0.985814 -0.439123 
-0.979969 -0.498536 -0.973209 
-0.979969 -0.998822 -0.85989 
-0.979969 -0.386096 -0.997766 
-0.985814 -0.498536 -0.987276 
-0.985814 -0.998822 -0.489787 
-0.985814 -0.386096 -0.999074 
-0.854152 -0.498536 -0.968279 
-0.854152 -0.386096 -0.506138 
-0.854152 -0.964006 -0.405765 
-0.498536 -0.386096 -0.844445 
-0.498536 -0.964006 -0.998761 
-0.386096 -0.964006 -0.857618 
-0.996781 -0.864769 -0.841315 
-0.869911 -0.960625 -0.447065 
-0.869911 -0.990373 -0.83115 
-0.869911 -0.997927 -0.85342 
-0.869911 -0.811698 -0.996809 
-0.869911 -0.988635 -0.997162 
-0.869911 -0.508498 -0.976891 
-0.869911 -0.417058 -0.531617 
-0.988933 -0.811698 -0.872198 
-0.988933 -0.988635 -0.988603 
-0.988933 -0.938315 -0.509708 
-0.988933 -0.508498 -0.97349 
-0.960625 -0.990373 -0.898555 
-0.960625 -0.997927 -0.451582 
-0.960625 -0.508498 -0.999143 
-0.960625 -0.417058 -0.839999 
-0.990373 -0.997927 -0.956404 
-0.990373 -0.988635 -0.997253 
-0.990373 -0.417058 -0.950523 
-0.997927 -0.417058 -0.963746 
-0.811698 -0.988635 -0.988016 
-0.811698 -0.938315 -0.468988 
-0.811698 -0.508498 -0.523438 
-0.811698 -0.96814 -0.929433 
-0.811698 -0.417058 -0.949275 
-0.988635 -0.938315 -0.979082 
-0.988635 -0.508498 -0.999837 
-0.988635 -0.417058 -0.990768 
-0.938315 -0.508498 -0.872649 
-0.938315 -0.96814 -0.984626 
-0.938315 -0.417058 -0.985273 
-0.508498 -0.96814 -0.857568 
-0.508498 -0.417058 -0.860771 
-0.96814 -0.417058 -0.997782 
-0.991559 -0.999355 -0.841315 
-0.991559 -0.992248 -0.465225 
-0.999355 -0.992248 -0.955109 
-0.99514 -0.993514 -0.439123 
-0.99514 -0.999995 -0.85989 
-0.99514 -0.861382 -0.988444 
-0.99514 -0.521984 -0.99055 
-0.993514 -0.436539 -0.995024 
-0.993514 -0.999995 -0.489787 
-0.993514 -0.857607 -0.998359 
-0.993514 -0.861382 -0.999196 
-0.993514 -0.521984 -0.996365 
-0.436539 -0.963321 -0.854585 
-0.436539 -0.999995 -0.995822 
-0.436539 -0.857607 -0.488453 
-0.436539 -0.861382 -0.968678 
-0.436539 -0.521984 -0.872036 
-0.995224 -0.992454 -0.405765 
-0.995224 -0.861382 -0.996938 
-0.995224 -0.990856 -0.859115 
-0.995224 -0.521984 -0.988076 
-0.963321 -0.999995 -0.999382 
-0.963321 -0.857607 -0.437716 
-0.999995 -0.857607 -0.992829 
-0.992454 -0.861382 -0.988603 
-0.992454 -0.990856 -0.509708 
-0.992454 -0.521984 -0.981163 
-0.857607 -0.521984 -0.974492 
-0.861382 -0.990856 -0.979082 
-0.861382 -0.521984 -0.427341 
-0.990856 -0.521984 -0.976738 
-0.969828 -0.439123 -0.866884 
-0.969828 -0.85989 -0.458466 
-0.439123 -0.973209 -0.987276 
-0.439123 -0.85989 -0.489787 
-0.439123 -0.997766 -0.999074 
-0.439123 -0.988444 -0.999196 
-0.439123 -0.99055 -0.996365 
-0.973209 -0.997766 -0.844445 
-0.988444 -0.99055 -0.427341 
-0.866884 -0.99818 -0.995024 
-0.866884 -0.458466 -0.489787 
-0.866884 -0.988844 -0.998359 
-0.866884 -0.467057 -0.971536 
-0.99818 -0.992774 -0.854585 
-0.99818 -0.458466 -0.995822 
-0.99818 -0.988844 -0.488453 
-0.992774 -0.458466 -0.999382 
-0.992774 -0.988844 -0.437716 
-0.992774 -0.467057 -0.99859 
-0.458466 -0.988844 -0.992829 
-0.458466 -0.863249 -0.969961 
-0.458466 -0.467057 -0.856639 
-0.988844 -0.467057 -0.998203 
-0.863249 -0.996846 -0.841315 
-0.863249 -0.467057 -0.465225 
-0.996846 -0.467057 -0.955109 
-0.995024 -0.489787 -0.995822 
-0.995024 -0.998359 -0.488453 
-0.995024 -0.999196 -0.968678 
-0.995024 -0.996365 -0.872036 
-0.987276 -0.999074 -0.844445 
-0.489787 -0.998359 -0.992829 
-0.489787 -0.971536 -0.856639 
-0.998359 -0.971536 -0.998203 
-0.998359 -0.996365 -0.974492 
-0.999196 -0.996365 -0.427341 
-0.979364 -0.992552 -0.853674 
-0.449951 -0.998477 -0.990556 
-0.449951 -0.967012 -0.852338 
-0.997471 -0.853674 -0.990556 
-0.997471 -0.981564 -0.852338 
-0.853674 -0.967183 -0.437716 
-0.854585 -0.995822 -0.999382 
-0.854585 -0.488453 -0.437716 
-0.995822 -0.488453 -0.992829 
-0.488453 -0.872036 -0.974492 
-0.968678 -0.872036 -0.427341 
-0.968279 -0.506138 -0.844445 
-0.968279 -0.405765 -0.998761 
-0.506138 -0.405765 -0.857618 
-0.506138 -0.859115 -0.9742 
-0.405765 -0.97073 -0.872198 
-0.405765 -0.996938 -0.988603 
-0.405765 -0.859115 -0.509708 
-0.405765 -0.988076 -0.981163 
-0.97073 -0.996938 -0.988016 
-0.97073 -0.859115 -0.468988 
-0.97073 -0.988076 -0.992446 
-0.996938 -0.859115 -0.979082 
-0.996938 -0.988076 -0.427341 
-0.859115 -0.988076 -0.976738 
-0.844445 -0.998761 -0.857618 
-0.989778 -0.447065 -0.993701 
-0.989778 -0.83115 -0.852338 
-0.989778 -0.85342 -0.999508 
-0.447065 -0.83115 -0.898555 
-0.447065 -0.85342 -0.451582 
-0.447065 -0.976891 -0.999143 
-0.447065 -0.531617 -0.839999 
-0.83115 -0.85342 -0.956404 
-0.83115 -0.997162 -0.997253 
-0.83115 -0.531617 -0.950523 
-0.85342 -0.531617 -0.963746 
-0.996809 -0.997162 -0.988016 
-0.996809 -0.976891 -0.523438 
-0.996809 -0.531617 -0.949275 
-0.997162 -0.976891 -0.999837 
-0.997162 -0.531617 -0.990768 
-0.976891 -0.531617 -0.860771 
-0.993701 -0.852338 -0.898555 
-0.993701 -0.999508 -0.451582 
-0.852338 -0.999508 -0.956404 
-0.999382 -0.437716 -0.992829 
-0.999382 -0.99859 -0.856639 
-0.437716 -0.99859 -0.998203 
-0.992829 -0.856639 -0.998203 
-0.969961 -0.856639 -0.465225 
-0.857618 -0.9742 -0.509708 
-0.872198 -0.988603 -0.988016 
-0.872198 -0.509708 -0.468988 
-0.872198 -0.97349 -0.523438 
-0.872198 -0.981163 -0.992446 
-0.988603 -0.509708 -0.979082 
-0.988603 -0.97349 -0.999837 
-0.988603 -0.981163 -0.427341 
-0.509708 -0.97349 -0.872649 
-0.509708 -0.981163 -0.976738 
-0.898555 -0.451582 -0.956404 
-0.898555 -0.839999 -0.950523 
-0.451582 -0.839999 -0.963746 
-0.999143 -0.839999 -0.860771 
-0.956404 -0.950523 -0.963746 
-0.997253 -0.950523 -0.990768 
-0.996771 -0.841315 -0.986081 
-0.841315 -0.465225 -0.955109 
-0.978946 -0.468988 -0.999156 
-0.978946 -0.523438 -0.966336 
-0.978946 -0.929433 -0.474583 
-0.978946 -0.999342 -0.438248 
-0.988016 -0.468988 -0.979082 
-0.988016 -0.523438 -0.999837 
-0.988016 -0.992446 -0.427341 
-0.988016 -0.949275 -0.990768 
-0.468988 -0.523438 -0.872649 
-0.468988 -0.929433 -0.984626 
-0.468988 -0.992446 -0.976738 
-0.468988 -0.949275 -0.985273 
-0.523438 -0.929433 -0.857568 
-0.523438 -0.999342 -0.998161 
-0.523438 -0.949275 -0.860771 
-0.929433 -0.999342 -0.856341 
-0.929433 -0.949275 -0.997782 
-0.999156 -0.966336 -0.872649 
-0.999156 -0.474583 -0.984626 
-0.966336 -0.474583 -0.857568 
-0.966336 -0.438248 -0.998161 
-0.474583 -0.438248 -0.856341 
-0.979082 -0.999837 -0.872649 
-0.979082 -0.427341 -0.976738 
-0.979082 -0.990768 -0.985273 
-0.999837 -0.990768 -0.860771 
-0.872649 -0.984626 -0.857568 
-0.872649 -0.985273 -0.860771 
-0.984626 -0.985273 -0.997782 
-0.857568 -0.998161 -0.856341 
-0.857568 -0.860771 -0.997782 
