1.33658 1.24325 1.94637 2.49103 1.35885 2.50701 
1.33658 1.24325 1.94637 2.45318 2.59932 1.32435 
1.33658 1.24325 1.94637 2.58448 2.03993 1.97451 
1.33658 2.49103 1.35885 2.45318 2.59932 2.42745 
1.33658 2.49103 1.35885 2.58448 2.03993 1.27434 
1.33658 2.45318 2.59932 2.58448 2.03993 1.30947 
1.24325 2.49103 2.50701 2.45318 1.32435 2.42745 
1.24325 2.49103 2.50701 2.58448 1.97451 1.27434 
1.24325 2.45318 1.32435 2.58448 1.97451 1.30947 
2.49103 2.45318 2.42745 2.58448 1.27434 1.30947 
4.26715 2.61026 2.61626 1.25998 3.46123 1.37591 
4.26715 2.61026 2.61626 3.63521 3.5572 1.40439 
4.26715 2.61026 2.61626 3.21224 1.28788 1.36656 
4.26715 1.25998 3.46123 3.63521 3.5572 2.41529 
4.26715 1.25998 3.46123 3.21224 1.28788 2.25762 
4.26715 3.63521 3.5572 3.21224 1.28788 2.4587 
2.61026 1.25998 1.37591 3.63521 1.40439 2.41529 
2.61026 1.25998 1.37591 1.37405 3.84041 2.54555 
2.61026 1.25998 1.37591 3.21224 1.36656 2.25762 
2.61026 3.63521 1.40439 3.21224 1.36656 2.4587 
2.61026 1.37405 3.84041 3.21224 1.36656 4.29397 
1.25998 2.5796 3.80044 1.37405 2.54555 1.27619 
1.25998 3.63521 2.41529 3.21224 2.25762 2.4587 
1.25998 1.37405 2.54555 3.21224 2.25762 4.29397 
3.81728 2.5796 1.26818 1.37405 2.53157 1.27619 
1.27025 2.54153 3.79577 1.3607 2.58844 1.24187 
1.27025 3.93177 4.31349 1.3607 2.58844 4.41352 
1.27025 3.93177 4.31349 4.03111 4.08153 1.3812 
1.27025 1.3607 2.58844 4.15682 3.83247 4.45196 
1.27025 1.3607 2.58844 4.43182 4.43361 4.34948 
1.27025 1.3607 2.58844 2.61351 1.39324 3.91388 
1.27025 4.15682 3.83247 4.43182 4.43361 1.31761 
1.27025 4.15682 3.83247 2.61351 1.39324 4.19305 
1.27025 4.15682 3.83247 4.44461 3.82039 1.21956 
1.27025 4.43182 4.43361 4.44461 3.82039 2.52946 
1.27025 2.61351 1.39324 3.86297 2.63435 1.25426 
1.27025 2.61351 1.39324 4.44461 3.82039 3.90986 
1.27025 2.61351 1.39324 4.03111 4.08153 4.38385 
1.27025 3.86297 2.63435 4.44461 3.82039 4.33843 
2.54153 1.3607 1.24187 3.83163 1.30801 2.54467 
3.93177 1.3607 4.41352 4.2927 1.21477 4.43903 
3.93177 4.2927 1.21477 4.03111 1.3812 2.58595 
1.3607 4.15682 4.45196 4.43182 4.34948 1.31761 
1.3607 4.15682 4.45196 2.61351 3.91388 4.19305 
4.15682 4.43182 1.31761 4.44461 1.21956 2.52946 
4.15682 2.61351 4.19305 4.44461 1.21956 3.90986 
2.61351 3.86297 1.25426 4.44461 3.90986 4.33843 
4.09532 1.26164 4.16169 1.29145 4.49178 2.53315 
4.09532 1.26164 4.16169 4.43563 1.25452 4.14182 
4.09532 4.44718 1.29385 1.29145 4.49178 4.47169 
4.09532 4.44718 1.29385 4.43563 1.25452 2.52484 
2.56194 3.80103 1.24187 1.26164 1.30801 2.54467 
2.56194 4.27487 4.18231 1.26164 1.30801 4.07535 
2.56194 1.26164 1.30801 1.29145 3.8106 2.53315 
2.56194 1.26164 1.30801 4.43563 4.39547 4.14182 
1.26164 1.29145 2.53315 2.52675 3.77071 1.25181 
3.78785 1.29145 2.53887 2.52675 1.34405 1.25181 
3.46322 2.53742 1.31753 3.40588 2.4705 1.51869 
3.46322 2.53742 1.31753 3.67469 3.56102 2.44816 
3.46322 2.53742 1.31753 1.25452 2.35622 1.34136 
3.46322 2.53742 1.31753 4.40376 2.74324 2.3675 
3.46322 3.40588 2.4705 3.67469 3.56102 1.26818 
3.46322 3.40588 2.4705 1.25452 2.35622 2.40137 
3.46322 3.40588 2.4705 4.40376 2.74324 1.42982 
3.46322 3.67469 3.56102 1.25452 2.35622 2.86262 
3.46322 3.67469 3.56102 4.40376 2.74324 2.45109 
3.46322 1.25452 2.35622 4.40376 2.74324 3.46382 
2.53742 3.40588 1.51869 1.29385 3.73024 4.43844 
2.53742 3.40588 1.51869 3.67469 2.44816 1.26818 
2.53742 3.40588 1.51869 1.25452 1.34136 2.40137 
2.53742 3.40588 1.51869 4.14795 3.49205 2.53157 
2.53742 3.40588 1.51869 4.40376 2.3675 1.42982 
2.53742 1.29385 3.73024 1.25452 1.34136 2.52484 
2.53742 3.67469 2.44816 1.25452 1.34136 2.86262 
2.53742 3.67469 2.44816 4.14795 3.49205 1.27619 
2.53742 3.67469 2.44816 4.40376 2.3675 2.45109 
2.53742 1.25452 1.34136 4.14795 3.49205 3.56176 
2.53742 1.25452 1.34136 4.40376 2.3675 3.46382 
2.53742 4.14795 3.49205 4.40376 2.3675 3.69921 
3.77725 2.55929 1.26458 1.29385 2.51593 1.27329 
2.55929 1.29385 1.27329 1.25452 3.76703 2.52484 
3.40588 1.29385 4.43844 1.25452 2.40137 2.52484 
3.40588 3.67469 1.26818 1.25452 2.40137 2.86262 
3.40588 3.67469 1.26818 4.14795 2.53157 1.27619 
3.40588 3.67469 1.26818 4.40376 1.42982 2.45109 
3.40588 1.25452 2.40137 4.14795 2.53157 3.56176 
3.40588 1.25452 2.40137 4.40376 1.42982 3.46382 
3.40588 4.14795 2.53157 4.40376 1.42982 3.69921 
3.67469 1.25452 2.86262 4.14795 1.27619 3.56176 
3.67469 1.25452 2.86262 4.40376 2.45109 3.46382 
3.67469 4.14795 1.27619 4.40376 2.45109 3.69921 
1.25452 4.14795 3.56176 4.40376 3.46382 3.69921 
1.94637 1.35885 2.50701 2.59932 1.32435 2.42745 
1.94637 1.35885 2.50701 2.03993 1.97451 1.27434 
1.94637 2.59932 1.32435 2.03993 1.97451 1.30947 
1.35885 2.59932 2.42745 2.03993 1.27434 1.30947 
2.58844 3.83247 4.45196 4.43361 4.34948 1.31761 
2.58844 3.83247 4.45196 1.39324 3.91388 4.19305 
3.83247 4.43361 1.31761 4.18958 2.55346 3.85274 
3.83247 4.43361 1.31761 3.82039 1.21956 2.52946 
3.83247 4.18958 2.55346 1.39324 4.19305 4.09319 
3.83247 4.18958 2.55346 3.82039 1.21956 1.36344 
3.83247 1.39324 4.19305 3.82039 1.21956 3.90986 
4.43361 4.18958 3.85274 3.82039 2.52946 1.36344 
4.18958 1.39324 4.09319 2.63435 4.28431 1.25426 
4.18958 1.39324 4.09319 3.82039 1.36344 3.90986 
4.18958 2.63435 4.28431 3.82039 1.36344 4.33843 
1.39324 2.63435 1.25426 3.82039 3.90986 4.33843 
1.39324 2.63435 1.25426 3.96398 2.57281 1.34659 
2.50701 1.32435 2.42745 1.97451 1.27434 1.30947 
4.28968 4.18231 1.30947 1.30801 4.32499 4.07535 
2.58171 2.4916 2.30004 3.71583 3.28682 1.30765 
2.58171 2.4916 2.30004 1.47001 1.38297 1.41299 
2.58171 2.4916 2.30004 1.23358 3.79154 3.17525 
2.58171 2.4916 2.30004 3.61569 1.21657 3.44422 
2.58171 3.71583 3.28682 1.47001 1.38297 2.65948 
2.58171 3.71583 3.28682 1.23358 3.79154 4.24238 
2.58171 3.71583 3.28682 3.61569 1.21657 4.26499 
2.58171 1.47001 1.38297 1.23358 3.79154 2.55781 
2.58171 1.47001 1.38297 3.61569 1.21657 2.57856 
2.4916 2.53797 4.0632 1.47001 1.41299 3.75261 
2.4916 2.53797 4.0632 1.23358 3.17525 1.31798 
2.4916 3.71583 1.30765 1.47001 1.41299 2.65948 
2.4916 3.71583 1.30765 1.23358 3.17525 4.24238 
2.4916 3.71583 1.30765 3.61569 3.44422 4.26499 
2.4916 1.47001 1.41299 1.23358 3.17525 2.55781 
2.4916 1.47001 1.41299 3.61569 3.44422 2.57856 
2.53797 1.47001 3.75261 1.23358 1.31798 2.55781 
2.53797 1.23358 1.31798 3.75754 1.25274 2.54998 
3.71583 1.47001 2.65948 1.23358 4.24238 2.55781 
3.71583 1.47001 2.65948 3.61569 4.26499 2.57856 
2.5066 1.20331 1.31761 1.346 3.84906 2.54615 
2.5066 1.20331 1.31761 3.71125 1.21956 2.52946 
1.20331 2.50008 3.64847 1.346 2.54615 1.27033 
2.50008 3.89499 1.39564 1.346 1.27033 2.63946 
1.21477 2.52746 1.31753 3.63558 3.33466 3.33321 
1.21477 2.52746 1.31753 3.50461 2.4705 1.51869 
1.21477 2.52746 1.31753 3.51299 2.35622 1.34136 
1.21477 2.52746 1.31753 1.3812 2.58595 3.89495 
1.21477 2.52746 1.31753 3.41134 2.74324 2.3675 
1.21477 3.63558 3.33466 3.50461 2.4705 2.64024 
1.21477 3.63558 3.33466 3.51299 2.35622 4.46377 
1.21477 3.63558 3.33466 1.3812 2.58595 4.39148 
1.21477 3.63558 3.33466 3.41134 2.74324 1.21657 
1.21477 3.50461 2.4705 3.51299 2.35622 2.40137 
1.21477 3.50461 2.4705 3.41134 2.74324 1.42982 
1.21477 3.51299 2.35622 3.41134 2.74324 3.46382 
1.21477 1.3812 2.58595 2.59466 3.77783 1.23396 
1.21477 1.3812 2.58595 3.41134 2.74324 4.48095 
2.52746 3.63558 3.33321 3.50461 1.51869 2.64024 
2.52746 3.63558 3.33321 3.51299 1.34136 4.46377 
2.52746 3.63558 3.33321 1.3812 3.89495 4.39148 
2.52746 3.63558 3.33321 3.41134 2.3675 1.21657 
2.52746 3.50461 1.51869 3.51299 1.34136 2.40137 
2.52746 3.50461 1.51869 3.41134 2.3675 1.42982 
2.52746 3.51299 1.34136 3.41134 2.3675 3.46382 
2.52746 1.3812 3.89495 3.41134 2.3675 4.48095 
3.63558 3.50461 2.64024 3.51299 4.46377 2.40137 
3.63558 3.50461 2.64024 3.41134 1.21657 1.42982 
3.63558 3.51299 4.46377 3.41134 1.21657 3.46382 
3.63558 4.29636 2.30004 1.3812 4.39148 4.36699 
3.63558 4.29636 2.30004 4.2713 3.28682 1.30765 
3.63558 4.29636 2.30004 3.41134 1.21657 3.44422 
3.63558 1.3812 4.39148 4.2713 3.28682 4.06712 
3.63558 1.3812 4.39148 3.41134 1.21657 4.48095 
3.63558 4.2713 3.28682 3.41134 1.21657 4.26499 
3.94555 1.3812 2.58257 4.2713 4.48481 4.06712 
3.94555 1.3812 2.58257 2.59466 1.41003 1.23396 
3.94555 4.2713 4.48481 2.59466 1.41003 4.00137 
3.50461 3.51299 2.40137 3.41134 1.42982 3.46382 
4.29636 1.3812 4.36699 4.2713 1.30765 4.06712 
4.29636 1.3812 4.36699 3.41134 3.44422 4.48095 
4.29636 4.2713 1.30765 3.41134 3.44422 4.26499 
1.3812 4.2713 4.06712 2.59466 1.23396 4.00137 
1.3812 4.2713 4.06712 3.41134 4.48095 4.26499 
1.31761 2.55346 3.85274 1.21956 2.52946 1.36344 
2.55346 4.19305 4.09319 1.21956 1.36344 3.90986 
2.55346 1.21956 1.36344 3.60977 1.16596 2.47704 
3.87433 1.30733 2.56781 2.58507 1.31802 1.29456 
1.30733 1.30967 2.52894 2.58507 1.29456 3.8214 
1.30733 1.30967 2.52894 2.50695 3.67879 1.26458 
1.30967 2.50695 1.26458 3.72938 2.51593 1.27329 
1.31753 3.33466 3.33321 2.4705 1.51869 2.64024 
1.31753 3.33466 3.33321 3.56102 2.44816 3.63847 
1.31753 3.33466 3.33321 2.35622 1.34136 4.46377 
1.31753 3.33466 3.33321 2.58595 3.89495 4.39148 
1.31753 3.33466 3.33321 2.74324 2.3675 1.21657 
1.31753 2.4705 1.51869 3.56102 2.44816 1.26818 
1.31753 2.4705 1.51869 2.35622 1.34136 2.40137 
1.31753 2.4705 1.51869 2.74324 2.3675 1.42982 
1.31753 3.56102 2.44816 2.35622 1.34136 2.86262 
1.31753 3.56102 2.44816 2.74324 2.3675 2.45109 
1.31753 2.35622 1.34136 2.74324 2.3675 3.46382 
1.31753 2.58595 3.89495 2.74324 2.3675 4.48095 
3.33466 2.4705 2.64024 3.56102 3.63847 1.26818 
3.33466 2.4705 2.64024 2.35622 4.46377 2.40137 
3.33466 2.4705 2.64024 2.74324 1.21657 1.42982 
3.33466 3.56102 3.63847 2.35622 4.46377 2.86262 
3.33466 3.56102 3.63847 2.74324 1.21657 2.45109 
3.33466 2.35622 4.46377 2.74324 1.21657 3.46382 
3.33466 2.58595 4.39148 2.74324 1.21657 4.48095 
2.4705 3.56102 1.26818 2.35622 2.40137 2.86262 
2.4705 3.56102 1.26818 2.74324 1.42982 2.45109 
2.4705 2.35622 2.40137 2.74324 1.42982 3.46382 
3.56102 2.35622 2.86262 2.74324 2.45109 3.46382 
2.61626 3.46123 1.37591 3.5572 1.40439 2.41529 
2.61626 3.46123 1.37591 1.28788 1.36656 2.25762 
2.61626 3.46123 1.37591 4.44071 2.64274 3.6546 
2.61626 1.31802 3.91676 1.28788 1.36656 2.60507 
2.61626 3.5572 1.40439 1.28788 1.36656 2.4587 
2.61626 3.5572 1.40439 4.44071 2.64274 1.30076 
2.61626 1.28788 1.36656 4.44071 2.64274 3.53935 
3.46123 3.5572 2.41529 1.28788 2.25762 2.4587 
3.46123 3.5572 2.41529 4.44071 3.6546 1.30076 
3.46123 1.28788 2.25762 4.44071 3.6546 3.53935 
2.56781 1.31802 1.29456 1.28788 3.83226 2.60507 
3.5572 1.28788 2.4587 4.44071 1.30076 3.53935 
1.37591 1.40439 2.41529 1.36656 2.25762 2.4587 
1.37591 1.40439 2.41529 2.64274 3.6546 1.30076 
1.37591 3.84041 2.54555 1.36656 2.25762 4.29397 
1.37591 1.36656 2.25762 2.64274 3.6546 3.53935 
4.43477 1.40439 4.49195 2.64274 4.4066 1.30076 
3.94494 1.40439 2.59491 2.64274 1.30411 1.30076 
1.40439 1.36656 2.4587 2.64274 1.30076 3.53935 
2.61269 1.25776 1.39564 3.87635 1.27033 2.63946 
2.61269 1.25776 1.39564 1.42177 4.01315 2.66658 
1.25776 2.60105 3.85681 1.42177 2.66658 1.25274 
2.60105 3.906 1.31798 1.42177 1.25274 2.54998 
3.33321 1.51869 2.64024 2.44816 3.63847 1.26818 
3.33321 1.51869 2.64024 1.34136 4.46377 2.40137 
3.33321 1.51869 2.64024 2.3675 1.21657 1.42982 
3.33321 2.44816 3.63847 1.34136 4.46377 2.86262 
3.33321 2.44816 3.63847 2.3675 1.21657 2.45109 
3.33321 1.34136 4.46377 2.3675 1.21657 3.46382 
3.33321 3.89495 4.39148 2.3675 1.21657 4.48095 
1.51869 3.73024 4.43844 1.34136 2.40137 2.52484 
1.51869 2.44816 1.26818 1.34136 2.40137 2.86262 
1.51869 2.44816 1.26818 3.49205 2.53157 1.27619 
1.51869 2.44816 1.26818 2.3675 1.42982 2.45109 
1.51869 1.34136 2.40137 3.49205 2.53157 3.56176 
1.51869 1.34136 2.40137 2.3675 1.42982 3.46382 
1.51869 3.49205 2.53157 2.3675 1.42982 3.69921 
2.44816 1.34136 2.86262 3.49205 1.27619 3.56176 
2.44816 1.34136 2.86262 2.3675 2.45109 3.46382 
2.44816 3.49205 1.27619 2.3675 2.45109 3.69921 
1.34136 3.49205 3.56176 2.3675 3.46382 3.69921 
2.41529 2.25762 2.4587 3.6546 1.30076 3.53935 
1.39564 4.49195 4.49707 4.4066 4.27877 1.30076 
4.09319 4.28431 1.25426 1.36344 3.90986 4.33843 
2.53615 1.36344 3.79461 1.16596 1.37831 2.47704 
2.53615 1.16596 1.37831 3.70445 1.19781 2.55813 
2.64024 3.63847 1.26818 4.46377 2.40137 2.86262 
2.64024 3.63847 1.26818 1.21657 1.42982 2.45109 
2.64024 4.46377 2.40137 1.21657 1.42982 3.46382 
2.64024 1.38297 4.00554 1.21657 1.42982 2.57856 
4.40353 2.30004 2.65628 4.39148 4.39023 4.36699 
4.40353 2.30004 2.65628 3.28682 1.38537 1.30765 
4.40353 2.30004 2.65628 1.38297 3.91686 1.41299 
4.40353 4.39148 4.39023 3.28682 1.38537 4.06712 
4.40353 3.28682 1.38537 1.38297 3.91686 2.65948 
3.63847 4.46377 2.86262 1.21657 2.45109 3.46382 
2.30004 4.39148 4.36699 3.28682 1.30765 4.06712 
2.30004 4.39148 4.36699 1.21657 3.44422 4.48095 
2.30004 3.28682 1.30765 1.38297 1.41299 2.65948 
2.30004 3.28682 1.30765 3.79154 3.17525 4.24238 
2.30004 3.28682 1.30765 1.21657 3.44422 4.26499 
2.30004 1.38297 1.41299 3.79154 3.17525 2.55781 
2.30004 1.38297 1.41299 1.21657 3.44422 2.57856 
4.39148 3.28682 4.06712 1.21657 4.48095 4.26499 
3.28682 1.38297 2.65948 3.79154 4.24238 2.55781 
3.28682 1.38297 2.65948 1.21657 4.26499 2.57856 
1.24977 3.69073 2.53887 2.55806 1.34405 1.25181 
1.24977 2.55806 1.34405 1.41003 2.65514 3.94218 
1.24977 2.58257 3.80346 1.41003 2.65514 1.23396 
2.58257 4.48481 4.06712 1.41003 1.23396 4.00137 
3.82942 1.25426 2.61938 2.57281 1.28851 1.34659 
2.61938 1.28851 1.34659 1.30411 3.86925 2.55187 
1.28851 2.59491 3.83246 1.30411 2.55187 1.30076 
1.37831 1.19781 2.55813 2.56778 3.93472 1.38537 
1.19781 3.85024 2.65628 2.56778 1.38537 1.30765 
1.19781 2.56778 1.38537 4.36934 4.12936 4.00137 
1.26818 2.40137 2.86262 2.53157 1.27619 3.56176 
1.26818 2.40137 2.86262 1.42982 2.45109 3.46382 
1.26818 2.53157 1.27619 1.42982 2.45109 3.69921 
2.40137 2.53157 3.56176 1.42982 3.46382 3.69921 
2.65628 4.39023 4.36699 1.38537 1.30765 4.06712 
2.65628 1.38537 1.30765 3.91686 1.41299 2.65948 
4.39023 1.38537 4.06712 4.12936 1.23396 4.00137 
2.86262 1.27619 3.56176 2.45109 3.46382 3.69921 
4.0632 1.41299 3.75261 3.17525 1.31798 2.55781 
4.36699 1.30765 4.06712 3.44422 4.48095 4.26499 
1.30765 1.41299 2.65948 3.17525 4.24238 2.55781 
1.30765 1.41299 2.65948 3.44422 4.26499 2.57856 
