-0.484518
-0.432765
-0.990786
-0.846794
-0.840361
-0.861673
-0.998716
-0.999452
-0.99709
-0.995337
-0.985334
-0.865539
-0.995568
-0.4424
-0.969294
-0.86093
-0.995758
-0.960453
-0.503972
-0.932489
-0.997914
-0.999045
-0.448235
-0.855007
-0.999427
-0.974083
-0.497127
-0.98204
-0.986046
-0.999944
-0.98962
-0.999868
-0.866019
-0.971271
-0.969925
-0.989925
-0.977817
-0.9954
-0.98004
-0.858211
-0.99988
-0.968569
-0.994934
-0.998223
-0.997862
-0.985551
-0.443344
-0.967972
-0.989985
-0.460093
-0.989711
-0.852647
-0.996108
-0.992056
-0.999687
-0.950485
-0.99564
-0.854354
-0.967486
-0.857799
-0.982194
-0.946762
-0.461421
-0.991014
-0.962509
-0.439271
-0.981759
-0.988939
-0.726048
-0.997015
-0.49617
-0.863911
-0.751726
-0.997383
-0.999672
-0.998532
-0.968331
-0.986612
-0.862273
-0.969961
-0.998975
-0.989663
-0.983057
-0.51366
-0.869062
-0.969431
-0.975335
-0.999303
-0.979575
-0.991815
-0.849438
-0.993985
-0.997462
-0.478008
-0.998314
-0.734025
-0.995037
-0.986257
-0.985965
-0.99982
-0.99827
-0.99596
-0.431959
-0.991469
-0.985963
-0.996688
-0.982834
-0.469185
-0.968997
-0.988734
-0.861252
-0.999893
-0.999166
-0.846889
-0.854442
-0.964567
-0.550604
-0.427118
-0.966568
-0.959405
-0.992214
-0.849372
-0.409098
-0.848297
-0.972604
-0.489478
-0.964342
-0.835847
-0.450542
-0.997512
-0.998481
-0.995633
-0.989178
-0.415984
-0.988879
-0.85276
-0.960472
-0.974624
-0.999797
-0.953042
-0.995958
-0.99414
-0.953548
-0.986146
-0.507606
-0.985451
-0.992413
-0.863212
-0.947126
-0.990098
-0.989792
-0.995579
-0.987565
-0.999456
-0.973371
-0.996277
-0.855505
-0.998643
-0.997142
-0.474384
-0.998873
-0.856888
-0.970679
-0.983162
-0.9978
-0.998032
-0.41884
-0.959084
-0.971749
-0.468817
-0.470086
-0.861763
-0.849429
-0.965226
-0.999563
-0.991517
-0.47434
-0.941831
-0.998693
-0.843336
-0.993655
-0.956362
-0.822725
-0.99442
-0.992435
-0.861897
-0.99542
-0.991211
-0.967512
-0.883971
-0.469977
-0.98692
-0.996538
-0.990687
-0.997138
-0.866424
-0.995136
-0.950359
-0.999021
-0.859119
-0.991984
-0.474604
-0.956143
-0.458113
-0.989832
-0.999857
-0.504923
-0.989691
-0.992327
-0.973486
-0.988912
-0.9746
-0.5192
-0.970306
-0.500141
-0.87027
-0.961152
-0.970836
-0.855738
-0.999834
-0.853081
-0.99802
-0.865899
-0.999326
-0.441129
-0.995275
-0.971833
-0.998919
-0.864169
-0.973053
-0.527721
-0.941727
-0.998621
-0.998231
-0.572598
-0.965268
-0.839489
-0.487042
-0.952278
-0.972602
-0.994288
-0.824867
-0.995729
-0.99691
-0.998764
-0.968542
-0.833672
-0.855643
-0.80295
-0.961473
-0.514856
-0.448279
-0.998154
-0.991018
-0.995696
-0.989009
-0.977169
-0.852998
-0.461814
-0.962718
-0.997316
-0.969952
-0.995329
-0.969476
-0.445022
-0.850895
-0.999164
-0.997605
-0.8698
-0.994418
-0.991133
-0.992825
-0.98566
-0.97101
-0.873646
-0.979969
-0.985814
-0.854152
-0.498536
-0.998822
-0.386096
-0.964006
-0.999475
-0.996781
-0.864769
-0.994762
-0.869911
-0.988933
-0.960625
-0.990373
-0.997927
-0.811698
-0.988635
-0.938315
-0.508498
-0.96814
-0.417058
-0.991559
-0.999355
-0.992248
-0.99514
-0.993514
-0.436539
-0.995224
-0.963321
-0.999995
-0.992454
-0.857607
-0.861382
-0.990856
-0.521984
-0.969828
-0.439123
-0.973209
-0.85989
-0.997766
-0.988444
-0.99055
-0.866884
-0.99818
-0.992774
-0.458466
-0.988844
-0.863249
-0.996846
-0.467057
-0.995024
-0.987276
-0.489787
-0.999074
-0.998359
-0.971536
-0.999196
-0.996365
-0.979364
-0.992552
-0.449951
-0.998477
-0.967012
-0.997471
-0.853674
-0.981564
-0.967183
-0.854585
-0.995822
-0.488453
-0.968678
-0.872036
-0.968279
-0.506138
-0.405765
-0.97073
-0.996938
-0.859115
-0.988076
-0.844445
-0.998761
-0.989778
-0.447065
-0.83115
-0.85342
-0.996809
-0.997162
-0.976891
-0.531617
-0.990556
-0.993701
-0.852338
-0.999508
-0.999382
-0.437716
-0.99859
-0.992829
-0.969961
-0.856639
-0.857618
-0.9742
-0.872198
-0.988603
-0.509708
-0.97349
-0.981163
-0.898555
-0.451582
-0.999143
-0.839999
-0.956404
-0.997253
-0.950523
-0.998203
-0.974492
-0.996771
-0.841315
-0.465225
-0.986081
-0.963746
-0.978946
-0.988016
-0.468988
-0.523438
-0.929433
-0.992446
-0.999342
-0.949275
-0.955109
-0.999156
-0.966336
-0.474583
-0.438248
-0.979082
-0.999837
-0.427341
-0.990768
-0.872649
-0.984626
-0.976738
-0.985273
-0.857568
-0.998161
-0.860771
-0.856341
-0.997782
