1.33658
1.24325
4.48174
2.49103
2.45318
2.58448
4.90956
4.96039
4.80565
4.70455
4.26715
2.61026
4.71733
1.25998
3.81728
2.5796
4.72797
3.63521
1.37405
3.21224
4.85696
4.93197
1.27025
2.54153
4.9586
3.93177
1.3607
4.15682
4.2927
4.99588
4.43182
4.9903
2.61351
3.86297
3.83163
4.44461
4.03111
4.70806
4.09532
2.56194
4.9912
3.80103
4.68272
4.87693
4.85365
4.27487
1.26164
3.78785
4.44718
1.29145
4.43563
2.52675
4.74777
4.53909
4.97722
3.46322
4.72135
2.53742
3.77725
2.55929
4.16169
3.40588
1.29385
4.49178
3.67469
1.25452
4.14795
4.40376
1.94637
4.80115
1.35885
2.59932
2.03993
4.82363
4.97612
4.89726
3.79577
4.31349
2.58844
3.83247
4.92716
4.43361
4.18958
1.39324
2.63435
3.82039
3.96398
4.9499
4.08153
4.52795
2.50701
4.63303
4.8285
1.32435
4.88286
1.97451
4.68827
4.30038
4.28976
4.98684
4.88002
4.73933
1.24187
4.51218
4.28968
4.78156
4.18231
1.30801
3.8106
4.39547
2.58171
4.99217
4.94037
2.4916
2.53797
3.71583
1.47001
1.23358
3.75754
3.61569
4.54644
2.5066
1.20331
2.50008
3.89499
1.346
3.71125
2.42745
1.27434
4.8316
4.89388
4.72097
4.41352
1.21477
4.40134
2.52746
3.63558
3.94555
4.98518
3.50461
4.73924
4.641
3.51299
4.29636
1.3812
4.2713
4.5558
2.59466
3.41134
4.45196
4.43903
4.71796
4.34948
4.9607
3.91388
4.75753
2.54467
4.9047
4.80886
1.31761
4.9202
2.55346
3.84906
4.19305
4.84974
4.86455
1.21956
3.60977
3.87433
1.30733
1.30967
2.58507
2.50695
3.72938
4.96833
4.51434
1.31753
3.33466
4.90805
2.4705
4.6163
3.56102
2.35622
4.65553
4.55685
2.58595
4.70912
4.50056
3.77783
2.74324
1.30947
4.32499
4.77274
4.47737
4.80862
2.61626
4.69361
3.46123
4.93031
2.56781
4.53575
1.31802
3.5572
1.28788
4.44071
4.98955
1.37591
4.43477
4.55178
3.91676
4.40269
3.94494
1.40439
3.84041
1.36656
2.64274
3.64847
3.85274
2.54615
4.98784
2.52946
4.86379
2.61269
4.95152
1.25776
4.70116
3.87635
4.92336
2.60105
3.906
1.42177
3.33321
4.9032
4.87742
1.51869
3.73024
2.44816
1.34136
3.49205
3.89495
4.64864
2.3675
4.72633
4.7948
4.91279
3.80044
2.41529
2.54555
2.25762
3.6546
1.39564
1.27033
4.87242
4.49195
4.72449
4.4066
4.01315
2.52894
1.29456
3.67879
4.8195
3.83226
4.70417
3.8214
1.26458
2.51593
4.94018
4.83742
2.63946
4.65542
4.49707
4.5755
4.27877
3.85681
2.66658
4.09319
4.28431
2.53615
1.36344
4.91674
1.16596
3.70445
4.96207
4.78709
2.60507
4.67353
2.64024
4.40353
3.63847
4.46377
4.85783
2.30004
4.39148
3.28682
1.38297
3.79154
1.21657
4.51622
4.95352
4.54805
4.69384
4.60929
1.24977
4.69841
3.69073
4.99963
4.55776
2.55806
2.58257
4.48481
1.41003
3.82942
1.25426
3.90986
2.57281
4.84757
4.38385
4.47142
2.61938
4.87415
4.57301
1.28851
4.3999
2.59491
4.791
1.30411
4.68757
4.33843
1.34659
4.93398
4.88579
3.86925
4.94244
4.76263
4.07535
4.56239
1.27329
4.89358
3.76703
4.8291
2.53315
4.14182
3.77071
2.53887
4.73152
1.34405
3.80346
2.65514
3.79461
1.37831
1.19781
3.85024
4.79649
2.56778
4.36934
2.47704
4.91262
4.43844
1.26818
2.40137
2.53157
4.78879
4.81003
4.00554
1.42982
4.47169
4.61862
2.52484
4.96439
4.95548
1.25181
4.90111
4.57567
3.83246
2.55187
2.55813
3.93472
2.65628
4.39023
1.38537
3.91686
4.12936
2.86262
1.27619
4.93875
2.45109
3.56176
4.81561
3.46382
4.8756
3.94218
4.78648
2.4587
1.30076
4.29397
3.69921
4.0632
4.36699
1.30765
1.41299
3.17525
4.55736
4.95265
3.44422
3.53935
4.93966
3.75261
1.31798
1.25274
4.06712
4.98808
1.23396
4.48095
2.65948
4.24238
4.00137
4.26499
2.55781
4.87291
2.57856
2.54998
4.84861
