-0.470392 -0.499698 -0.705612 
-0.470392 -0.968573 -0.98746 
-0.470392 -0.859551 -0.470874 
-0.470392 -0.935874 -0.975272 
-0.470392 -0.85708 -0.846131 
-0.470392 -0.936021 -0.975232 
-0.470392 -0.858212 -0.682463 
-0.470392 -0.964456 -0.991206 
-0.499698 -0.859551 -0.874202 
-0.499698 -0.935874 -0.991586 
-0.499698 -0.85708 -0.474029 
-0.499698 -0.936021 -0.991933 
-0.499698 -0.858212 -0.720597 
-0.499698 -0.964456 -0.996519 
-0.968573 -0.935874 -0.849731 
-0.968573 -0.936021 -0.415253 
-0.968573 -0.992431 -0.512174 
-0.968573 -0.964456 -0.969543 
-0.859551 -0.85708 -0.868262 
-0.859551 -0.858212 -0.510304 
-0.935874 -0.936021 -0.476543 
-0.935874 -0.990747 -0.878171 
-0.935874 -0.992431 -0.971957 
-0.935874 -0.964456 -0.494931 
-0.85708 -0.858212 -0.489735 
-0.936021 -0.990747 -0.973408 
-0.936021 -0.992431 -0.858267 
-0.936021 -0.964456 -0.86605 
-0.990747 -0.964456 -0.490114 
-0.996681 -0.994284 -0.856183 
-0.996681 -0.975306 -0.957129 
-0.996681 -0.858486 -0.955993 
-0.996681 -0.993179 -0.422969 
-0.996681 -0.450214 -0.97667 
-0.998181 -0.868971 -0.862589 
-0.998181 -0.445489 -0.960583 
-0.998181 -0.944499 -0.940524 
-0.998181 -0.966487 -0.407259 
-0.998181 -0.991242 -0.977258 
-0.868971 -0.445489 -0.522482 
-0.868971 -0.944499 -0.494162 
-0.868971 -0.450214 -0.972607 
-0.868971 -0.966487 -0.526035 
-0.868971 -0.991242 -0.858964 
-0.994284 -0.975306 -0.592389 
-0.994284 -0.858486 -0.842693 
-0.994284 -0.993179 -0.503574 
-0.994284 -0.450214 -0.954031 
-0.445489 -0.858486 -0.968168 
-0.445489 -0.944499 -0.83108 
-0.445489 -0.450214 -0.850848 
-0.445489 -0.966487 -0.849034 
-0.445489 -0.991242 -0.960188 
-0.975306 -0.858486 -0.539013 
-0.975306 -0.993179 -0.867185 
-0.975306 -0.450214 -0.881015 
-0.858486 -0.993179 -0.90628 
-0.858486 -0.450214 -0.462814 
-0.993179 -0.450214 -0.96087 
-0.944499 -0.450214 -0.993222 
-0.944499 -0.966487 -0.819307 
-0.944499 -0.991242 -0.448278 
-0.450214 -0.966487 -0.999409 
-0.966487 -0.991242 -0.935736 
-0.465853 -0.853033 -0.968833 
-0.465853 -0.980267 -0.986429 
-0.465853 -0.479926 -0.860369 
-0.465853 -0.974237 -0.986756 
-0.465853 -0.992623 -0.986985 
-0.465853 -0.867615 -0.493268 
-0.465853 -0.970925 -0.864597 
-0.465853 -0.97624 -0.978139 
-0.465853 -0.978815 -0.971731 
-0.465853 -0.994457 -0.981491 
-0.853033 -0.980267 -0.994178 
-0.853033 -0.479926 -0.431446 
-0.853033 -0.974237 -0.981089 
-0.853033 -0.997357 -0.995822 
-0.853033 -0.99611 -0.99665 
-0.853033 -0.991836 -0.97729 
-0.853033 -0.969034 -0.506198 
-0.853033 -0.97624 -0.994551 
-0.980267 -0.479926 -0.982759 
-0.980267 -0.997357 -0.432016 
-0.980267 -0.867615 -0.999989 
-0.980267 -0.978815 -0.475177 
-0.980267 -0.994457 -0.859444 
-0.479926 -0.974237 -0.964212 
-0.479926 -0.997357 -0.992652 
-0.479926 -0.99611 -0.996908 
-0.479926 -0.991836 -0.976205 
-0.479926 -0.992623 -0.995927 
-0.479926 -0.867615 -0.97379 
-0.479926 -0.969034 -0.861247 
-0.479926 -0.97624 -0.97665 
-0.479926 -0.978815 -0.992059 
-0.974237 -0.991836 -0.476543 
-0.974237 -0.992623 -0.878171 
-0.974237 -0.97624 -0.494931 
-0.997357 -0.969034 -0.999125 
-0.997357 -0.978815 -0.852658 
-0.997357 -0.994457 -0.965499 
-0.99611 -0.969034 -0.995892 
-0.991836 -0.992623 -0.973408 
-0.991836 -0.969034 -0.997751 
-0.991836 -0.97624 -0.86605 
-0.992623 -0.867615 -0.996541 
-0.992623 -0.97624 -0.490114 
-0.867615 -0.970925 -0.444179 
-0.867615 -0.97624 -0.995436 
-0.867615 -0.978815 -0.984275 
-0.867615 -0.994457 -0.979497 
-0.970925 -0.978815 -0.995449 
-0.970925 -0.994457 -0.983711 
-0.978815 -0.994457 -0.446948 
-0.986529 -0.470976 -0.994633 
-0.986529 -0.997346 -0.465821 
-0.986529 -0.476742 -0.978766 
-0.986529 -0.992453 -0.422969 
-0.986529 -0.8552 -0.993593 
-0.875639 -0.972344 -0.431446 
-0.875639 -0.470976 -0.506198 
-0.875639 -0.476742 -0.975429 
-0.875639 -0.992453 -0.999489 
-0.972344 -0.470976 -0.861247 
-0.96568 -0.470976 -0.989548 
-0.96568 -0.968702 -0.984745 
-0.96568 -0.476742 -0.9618 
-0.96568 -0.984696 -0.444192 
-0.96568 -0.8552 -0.958884 
-0.96568 -0.995993 -0.863819 
-0.96568 -0.981473 -0.483345 
-0.470976 -0.476742 -0.866071 
-0.470976 -0.992453 -0.992578 
-0.470976 -0.8552 -0.970654 
-0.470976 -0.995993 -0.998083 
-0.470976 -0.981473 -0.99177 
-0.968702 -0.997346 -0.996 
-0.968702 -0.476742 -0.849233 
-0.968702 -0.984696 -0.955105 
-0.968702 -0.8552 -0.445149 
-0.997346 -0.476742 -0.984914 
-0.997346 -0.992453 -0.84258 
-0.997346 -0.8552 -0.990796 
-0.476742 -0.984696 -0.966491 
-0.476742 -0.992453 -0.994211 
-0.476742 -0.8552 -0.443173 
-0.476742 -0.981473 -0.989028 
-0.984696 -0.8552 -0.936926 
-0.984696 -0.995993 -0.962053 
-0.984696 -0.981473 -0.840173 
-0.8552 -0.981473 -0.993083 
-0.995993 -0.981473 -0.448278 
-0.994547 -0.954042 -0.432016 
-0.994547 -0.856183 -0.876959 
-0.994547 -0.957129 -0.961212 
-0.994547 -0.955993 -0.998054 
-0.994547 -0.422969 -0.955584 
-0.994547 -0.997028 -0.977474 
-0.954042 -0.856183 -0.548033 
-0.954042 -0.994633 -0.999125 
-0.954042 -0.957129 -0.869231 
-0.954042 -0.465821 -0.994387 
-0.954042 -0.955993 -0.967583 
-0.954042 -0.422969 -0.824174 
-0.954042 -0.97667 -0.997547 
-0.954042 -0.997028 -0.939409 
-0.856183 -0.849159 -0.993956 
-0.856183 -0.957129 -0.592389 
-0.856183 -0.465821 -0.962763 
-0.856183 -0.955993 -0.842693 
-0.856183 -0.422969 -0.503574 
-0.856183 -0.97667 -0.954031 
-0.856183 -0.997028 -0.876935 
-0.971634 -0.849159 -0.508386 
-0.971634 -0.465821 -0.870591 
-0.971634 -0.422969 -0.998332 
-0.849159 -0.465821 -0.443832 
-0.849159 -0.422969 -0.957124 
-0.994633 -0.978766 -0.866071 
-0.994633 -0.422969 -0.992578 
-0.994633 -0.993593 -0.970654 
-0.957129 -0.465821 -0.991834 
-0.957129 -0.955993 -0.539013 
-0.957129 -0.422969 -0.867185 
-0.957129 -0.97667 -0.881015 
-0.957129 -0.997028 -0.547968 
-0.465821 -0.978766 -0.984914 
-0.465821 -0.955993 -0.988589 
-0.465821 -0.422969 -0.84258 
-0.465821 -0.993593 -0.990796 
-0.465821 -0.97667 -0.995635 
-0.978766 -0.422969 -0.994211 
-0.978766 -0.993593 -0.443173 
-0.955993 -0.422969 -0.90628 
-0.955993 -0.97667 -0.462814 
-0.955993 -0.997028 -0.857064 
-0.422969 -0.97667 -0.96087 
-0.422969 -0.997028 -0.971854 
-0.97667 -0.997028 -0.967691 
-0.705612 -0.470874 -0.874202 
-0.705612 -0.975272 -0.991586 
-0.705612 -0.846131 -0.474029 
-0.705612 -0.975232 -0.991933 
-0.705612 -0.682463 -0.720597 
-0.705612 -0.991206 -0.996519 
-0.985435 -0.470874 -0.951963 
-0.985435 -0.998778 -0.856652 
-0.985435 -0.682463 -0.977606 
-0.985435 -0.994967 -0.482057 
-0.985435 -0.995847 -0.480347 
-0.98746 -0.975272 -0.849731 
-0.98746 -0.975232 -0.415253 
-0.98746 -0.991206 -0.969543 
-0.470874 -0.846131 -0.868262 
-0.470874 -0.998778 -0.962077 
-0.470874 -0.682463 -0.510304 
-0.470874 -0.994967 -0.95927 
-0.470874 -0.995847 -0.98476 
-0.975272 -0.975232 -0.476543 
-0.975272 -0.991206 -0.494931 
-0.846131 -0.682463 -0.489735 
-0.975232 -0.991206 -0.86605 
-0.998778 -0.682463 -0.976991 
-0.998778 -0.994967 -0.543368 
-0.998778 -0.995847 -0.96531 
-0.682463 -0.994967 -0.984251 
-0.682463 -0.995847 -0.992965 
-0.994967 -0.995847 -0.864278 
-0.968833 -0.986429 -0.994178 
-0.968833 -0.860369 -0.431446 
-0.968833 -0.986756 -0.981089 
-0.968833 -0.978139 -0.994551 
-0.986429 -0.860369 -0.982759 
-0.986429 -0.990095 -0.974604 
-0.986429 -0.493268 -0.999989 
-0.986429 -0.971731 -0.475177 
-0.986429 -0.981491 -0.859444 
-0.860369 -0.986756 -0.964212 
-0.860369 -0.986985 -0.995927 
-0.860369 -0.493268 -0.97379 
-0.860369 -0.978139 -0.97665 
-0.860369 -0.971731 -0.992059 
-0.986756 -0.986985 -0.878171 
-0.986756 -0.978139 -0.494931 
-0.986756 -0.998962 -0.972382 
-0.986985 -0.493268 -0.996541 
-0.986985 -0.978139 -0.490114 
-0.986985 -0.998962 -0.445097 
-0.990095 -0.493268 -0.974734 
-0.990095 -0.864597 -0.961639 
-0.990095 -0.998728 -0.468431 
-0.990095 -0.971586 -0.984377 
-0.990095 -0.971731 -0.86846 
-0.990095 -0.981491 -0.516439 
-0.493268 -0.864597 -0.444179 
-0.493268 -0.998728 -0.978952 
-0.493268 -0.978139 -0.995436 
-0.493268 -0.971586 -0.851146 
-0.493268 -0.971731 -0.984275 
-0.493268 -0.981491 -0.979497 
-0.864597 -0.998728 -0.944355 
-0.864597 -0.971586 -0.469875 
-0.864597 -0.971731 -0.995449 
-0.864597 -0.981491 -0.983711 
-0.998728 -0.971586 -0.955105 
-0.998728 -0.971731 -0.972641 
-0.998728 -0.981491 -0.87702 
-0.978139 -0.998962 -0.858491 
-0.971731 -0.981491 -0.446948 
-0.874202 -0.474029 -0.868262 
-0.874202 -0.720597 -0.510304 
-0.991586 -0.991933 -0.476543 
-0.991586 -0.996519 -0.494931 
-0.474029 -0.720597 -0.489735 
-0.991933 -0.996519 -0.86605 
-0.982006 -0.431446 -0.989455 
-0.982006 -0.981089 -0.849731 
-0.982006 -0.97729 -0.415253 
-0.982006 -0.998618 -0.512174 
-0.982006 -0.506198 -0.995092 
-0.982006 -0.994551 -0.969543 
-0.994178 -0.431446 -0.982759 
-0.994178 -0.995822 -0.432016 
-0.994178 -0.999489 -0.955584 
-0.431446 -0.981089 -0.964212 
-0.431446 -0.995822 -0.992652 
-0.431446 -0.99665 -0.996908 
-0.431446 -0.97729 -0.976205 
-0.431446 -0.506198 -0.861247 
-0.431446 -0.994551 -0.97665 
-0.981089 -0.97729 -0.476543 
-0.981089 -0.998618 -0.971957 
-0.981089 -0.994551 -0.494931 
-0.995822 -0.506198 -0.999125 
-0.995822 -0.999489 -0.824174 
-0.99665 -0.506198 -0.995892 
-0.97729 -0.998618 -0.858267 
-0.97729 -0.506198 -0.997751 
-0.97729 -0.994551 -0.86605 
-0.506198 -0.975429 -0.866071 
-0.506198 -0.999489 -0.992578 
-0.975429 -0.999489 -0.994211 
-0.951963 -0.856652 -0.962077 
-0.951963 -0.977606 -0.510304 
-0.951963 -0.826047 -0.995146 
-0.951963 -0.482057 -0.95927 
-0.951963 -0.480347 -0.98476 
-0.951963 -0.968429 -0.976126 
-0.998839 -0.863003 -0.848915 
-0.998839 -0.480347 -0.970106 
-0.998839 -0.965998 -0.476865 
-0.856652 -0.977606 -0.976991 
-0.856652 -0.993074 -0.993668 
-0.856652 -0.826047 -0.820895 
-0.856652 -0.943653 -0.94726 
-0.856652 -0.482057 -0.543368 
-0.856652 -0.480347 -0.96531 
-0.856652 -0.968429 -0.465893 
-0.977606 -0.482057 -0.984251 
-0.977606 -0.480347 -0.992965 
-0.977606 -0.968429 -0.98433 
-0.993074 -0.826047 -0.845318 
-0.993074 -0.943653 -0.461487 
-0.993074 -0.482057 -0.971304 
-0.826047 -0.863003 -0.991516 
-0.826047 -0.943653 -0.402222 
-0.826047 -0.482057 -0.533595 
-0.826047 -0.480347 -0.950684 
-0.826047 -0.968429 -0.93833 
-0.863003 -0.482057 -0.971665 
-0.863003 -0.480347 -0.499957 
-0.863003 -0.965998 -0.42825 
-0.943653 -0.482057 -0.860676 
-0.943653 -0.480347 -0.987478 
-0.943653 -0.968429 -0.981635 
-0.482057 -0.480347 -0.864278 
-0.482057 -0.968429 -0.875606 
-0.480347 -0.965998 -0.862632 
-0.480347 -0.968429 -0.999896 
-0.989455 -0.849731 -0.964212 
-0.989455 -0.415253 -0.976205 
-0.989455 -0.995092 -0.861247 
-0.989455 -0.969543 -0.97665 
-0.849731 -0.415253 -0.476543 
-0.849731 -0.512174 -0.971957 
-0.849731 -0.969543 -0.494931 
-0.415253 -0.860593 -0.966238 
-0.415253 -0.970514 -0.999635 
-0.415253 -0.512174 -0.858267 
-0.415253 -0.995092 -0.997751 
-0.415253 -0.969543 -0.86605 
-0.998937 -0.860593 -0.849465 
-0.998937 -0.970514 -0.413635 
-0.998937 -0.512174 -0.957804 
-0.998937 -0.98798 -0.995951 
-0.998937 -0.990704 -0.990183 
-0.860593 -0.970514 -0.478117 
-0.860593 -0.512174 -0.419661 
-0.860593 -0.98798 -0.935681 
-0.860593 -0.990704 -0.935867 
-0.970514 -0.512174 -0.8451 
-0.970514 -0.98798 -0.96737 
-0.970514 -0.990704 -0.959815 
-0.512174 -0.98798 -0.958179 
-0.512174 -0.990704 -0.957878 
-0.995092 -0.98798 -0.998083 
-0.995092 -0.990704 -0.99177 
-0.98798 -0.990704 -0.448278 
-0.868262 -0.510304 -0.489735 
-0.962077 -0.510304 -0.976991 
-0.962077 -0.998239 -0.886133 
-0.962077 -0.99912 -0.966708 
-0.962077 -0.995146 -0.820895 
-0.962077 -0.95927 -0.543368 
-0.962077 -0.98476 -0.96531 
-0.962077 -0.976126 -0.465893 
-0.510304 -0.998239 -0.999847 
-0.510304 -0.99912 -0.996414 
-0.510304 -0.95927 -0.984251 
-0.510304 -0.98476 -0.992965 
-0.510304 -0.976126 -0.98433 
-0.998239 -0.99912 -0.539013 
-0.998239 -0.995146 -0.992957 
-0.998239 -0.95927 -0.98131 
-0.998239 -0.976126 -0.547968 
-0.99912 -0.976126 -0.857064 
-0.995146 -0.95927 -0.533595 
-0.995146 -0.98476 -0.950684 
-0.995146 -0.976126 -0.93833 
-0.95927 -0.98476 -0.864278 
-0.95927 -0.976126 -0.875606 
-0.98476 -0.976126 -0.999896 
-0.982759 -0.432016 -0.992652 
-0.982759 -0.999989 -0.97379 
-0.982759 -0.475177 -0.992059 
-0.432016 -0.876959 -0.548033 
-0.432016 -0.994384 -0.983462 
-0.432016 -0.961212 -0.869231 
-0.432016 -0.998054 -0.967583 
-0.432016 -0.955584 -0.824174 
-0.432016 -0.475177 -0.852658 
-0.432016 -0.859444 -0.965499 
-0.432016 -0.977474 -0.939409 
-0.876959 -0.994384 -0.971954 
-0.876959 -0.961212 -0.592389 
-0.876959 -0.998054 -0.842693 
-0.876959 -0.955584 -0.503574 
-0.876959 -0.475177 -0.9741 
-0.876959 -0.977474 -0.876935 
-0.994384 -0.961212 -0.886133 
-0.994384 -0.998054 -0.966708 
-0.994384 -0.977474 -0.465893 
-0.974604 -0.999989 -0.974734 
-0.974604 -0.475177 -0.86846 
-0.974604 -0.859444 -0.516439 
-0.999989 -0.475177 -0.984275 
-0.999989 -0.859444 -0.979497 
-0.961212 -0.998054 -0.539013 
-0.961212 -0.955584 -0.867185 
-0.961212 -0.475177 -0.99446 
-0.961212 -0.977474 -0.547968 
-0.998054 -0.955584 -0.90628 
-0.998054 -0.977474 -0.857064 
-0.955584 -0.475177 -0.998011 
-0.955584 -0.977474 -0.971854 
-0.475177 -0.859444 -0.446948 
-0.475177 -0.977474 -0.995662 
-0.964212 -0.976205 -0.476543 
-0.964212 -0.995927 -0.878171 
-0.964212 -0.97665 -0.494931 
-0.992652 -0.861247 -0.999125 
-0.992652 -0.992059 -0.852658 
-0.996908 -0.861247 -0.995892 
-0.976205 -0.995927 -0.973408 
-0.976205 -0.861247 -0.997751 
-0.976205 -0.97665 -0.86605 
-0.995927 -0.97379 -0.996541 
-0.995927 -0.97665 -0.490114 
-0.97379 -0.97665 -0.995436 
-0.97379 -0.992059 -0.984275 
-0.476543 -0.878171 -0.973408 
-0.476543 -0.971957 -0.858267 
-0.476543 -0.494931 -0.86605 
-0.878171 -0.494931 -0.490114 
-0.878171 -0.972382 -0.445097 
-0.494931 -0.972382 -0.858491 
-0.970263 -0.494104 -0.854275 
-0.970263 -0.863281 -0.476456 
-0.970263 -0.998507 -0.407259 
-0.494104 -0.464923 -0.866324 
-0.494104 -0.863281 -0.453281 
-0.494104 -0.875038 -0.975081 
-0.494104 -0.994646 -0.996639 
-0.494104 -0.998507 -0.958018 
-0.494104 -0.992888 -0.997469 
-0.464923 -0.863281 -0.971673 
-0.464923 -0.875038 -0.508386 
-0.464923 -0.974324 -0.870591 
-0.863281 -0.998507 -0.840636 
-0.875038 -0.974324 -0.443832 
-0.994646 -0.997582 -0.845318 
-0.994646 -0.992888 -0.461487 
-0.997582 -0.992888 -0.402222 
-0.548033 -0.983462 -0.971954 
-0.548033 -0.869231 -0.592389 
-0.548033 -0.994387 -0.962763 
-0.548033 -0.967583 -0.842693 
-0.548033 -0.824174 -0.503574 
-0.548033 -0.997547 -0.954031 
-0.548033 -0.852658 -0.9741 
-0.548033 -0.939409 -0.876935 
-0.983462 -0.869231 -0.886133 
-0.983462 -0.967583 -0.966708 
-0.983462 -0.997547 -0.998705 
-0.983462 -0.939409 -0.465893 
-0.999125 -0.824174 -0.992578 
-0.869231 -0.994387 -0.991834 
-0.869231 -0.967583 -0.539013 
-0.869231 -0.824174 -0.867185 
-0.869231 -0.997547 -0.881015 
-0.869231 -0.852658 -0.99446 
-0.869231 -0.939409 -0.547968 
-0.994387 -0.967583 -0.988589 
-0.994387 -0.824174 -0.84258 
-0.994387 -0.997547 -0.995635 
-0.967583 -0.824174 -0.90628 
-0.967583 -0.997547 -0.462814 
-0.967583 -0.939409 -0.857064 
-0.824174 -0.997547 -0.96087 
-0.824174 -0.852658 -0.998011 
-0.824174 -0.939409 -0.971854 
-0.997547 -0.939409 -0.967691 
-0.852658 -0.965499 -0.446948 
-0.852658 -0.939409 -0.995662 
-0.862589 -0.960583 -0.522482 
-0.862589 -0.973253 -0.969896 
-0.862589 -0.854275 -0.998438 
-0.862589 -0.958358 -0.985168 
-0.862589 -0.476456 -0.970025 
-0.862589 -0.99859 -0.986008 
-0.862589 -0.940524 -0.494162 
-0.862589 -0.407259 -0.526035 
-0.862589 -0.977258 -0.858964 
-0.978309 -0.973253 -0.849465 
-0.978309 -0.854275 -0.998899 
-0.978309 -0.958358 -0.413635 
-0.978309 -0.476456 -0.987489 
-0.978309 -0.99859 -0.957804 
-0.978309 -0.940524 -0.995951 
-0.978309 -0.407259 -0.992584 
-0.978309 -0.977258 -0.990183 
-0.978309 -0.996504 -0.476865 
-0.960583 -0.973253 -0.998289 
-0.960583 -0.476456 -0.995489 
-0.960583 -0.940524 -0.83108 
-0.960583 -0.407259 -0.849034 
-0.960583 -0.977258 -0.960188 
-0.973253 -0.958358 -0.478117 
-0.973253 -0.476456 -0.994325 
-0.973253 -0.99859 -0.419661 
-0.973253 -0.940524 -0.935681 
-0.973253 -0.407259 -0.970244 
-0.973253 -0.977258 -0.935867 
-0.973253 -0.996504 -0.968084 
-0.854275 -0.958358 -0.997334 
-0.854275 -0.476456 -0.453281 
-0.854275 -0.407259 -0.958018 
-0.958358 -0.476456 -0.981803 
-0.958358 -0.99859 -0.8451 
-0.958358 -0.940524 -0.96737 
-0.958358 -0.407259 -0.971398 
-0.958358 -0.977258 -0.959815 
-0.958358 -0.996504 -0.850334 
-0.476456 -0.940524 -0.99362 
-0.476456 -0.407259 -0.840636 
-0.476456 -0.996504 -0.996449 
-0.99859 -0.940524 -0.958179 
-0.99859 -0.407259 -0.993948 
-0.99859 -0.977258 -0.957878 
-0.99859 -0.996504 -0.997495 
-0.940524 -0.407259 -0.819307 
-0.940524 -0.977258 -0.448278 
-0.407259 -0.977258 -0.935736 
-0.522482 -0.969896 -0.998289 
-0.522482 -0.970025 -0.995489 
-0.522482 -0.972054 -0.998712 
-0.522482 -0.494162 -0.83108 
-0.522482 -0.972607 -0.850848 
-0.522482 -0.526035 -0.849034 
-0.522482 -0.858964 -0.960188 
-0.969896 -0.985168 -0.478117 
-0.969896 -0.970025 -0.994325 
-0.969896 -0.986008 -0.419661 
-0.969896 -0.972054 -0.971905 
-0.969896 -0.997638 -0.999232 
-0.969896 -0.494162 -0.935681 
-0.969896 -0.526035 -0.970244 
-0.969896 -0.858964 -0.935867 
-0.998438 -0.985168 -0.997334 
-0.998438 -0.970025 -0.453281 
-0.998438 -0.526035 -0.958018 
-0.985168 -0.970025 -0.981803 
-0.985168 -0.986008 -0.8451 
-0.985168 -0.972054 -0.979726 
-0.985168 -0.997638 -0.998863 
-0.985168 -0.494162 -0.96737 
-0.985168 -0.526035 -0.971398 
-0.985168 -0.858964 -0.959815 
-0.970025 -0.494162 -0.99362 
-0.970025 -0.526035 -0.840636 
-0.986008 -0.972054 -0.981212 
-0.986008 -0.494162 -0.958179 
-0.986008 -0.526035 -0.993948 
-0.986008 -0.858964 -0.957878 
-0.972054 -0.997638 -0.444192 
-0.972054 -0.494162 -0.863819 
-0.972054 -0.526035 -0.990221 
-0.972054 -0.858964 -0.483345 
-0.997638 -0.494162 -0.962053 
-0.997638 -0.858964 -0.840173 
-0.494162 -0.972607 -0.993222 
-0.494162 -0.526035 -0.819307 
-0.494162 -0.858964 -0.448278 
-0.972607 -0.526035 -0.999409 
-0.526035 -0.858964 -0.935736 
-0.966238 -0.999635 -0.478117 
-0.966238 -0.858267 -0.419661 
-0.999635 -0.858267 -0.8451 
-0.973408 -0.86605 -0.490114 
-0.849465 -0.413635 -0.478117 
-0.849465 -0.987489 -0.994325 
-0.849465 -0.957804 -0.419661 
-0.849465 -0.995469 -0.971905 
-0.849465 -0.995951 -0.935681 
-0.849465 -0.992584 -0.970244 
-0.849465 -0.990183 -0.935867 
-0.849465 -0.848915 -0.99869 
-0.849465 -0.476865 -0.968084 
-0.998899 -0.413635 -0.997334 
-0.998899 -0.987489 -0.453281 
-0.998899 -0.992584 -0.958018 
-0.413635 -0.987489 -0.981803 
-0.413635 -0.957804 -0.8451 
-0.413635 -0.995469 -0.979726 
-0.413635 -0.995951 -0.96737 
-0.413635 -0.992584 -0.971398 
-0.413635 -0.990183 -0.959815 
-0.413635 -0.848915 -0.960761 
-0.413635 -0.970106 -0.999212 
-0.413635 -0.476865 -0.850334 
-0.987489 -0.995951 -0.99362 
-0.987489 -0.992584 -0.840636 
-0.987489 -0.476865 -0.996449 
-0.957804 -0.995469 -0.981212 
-0.957804 -0.995951 -0.958179 
-0.957804 -0.992584 -0.993948 
-0.957804 -0.990183 -0.957878 
-0.957804 -0.476865 -0.997495 
-0.995469 -0.995951 -0.863819 
-0.995469 -0.992584 -0.990221 
-0.995469 -0.990183 -0.483345 
-0.995951 -0.992584 -0.819307 
-0.995951 -0.990183 -0.448278 
-0.992584 -0.990183 -0.935736 
-0.848915 -0.970106 -0.499957 
-0.848915 -0.476865 -0.42825 
-0.970106 -0.476865 -0.862632 
-0.971954 -0.592389 -0.886133 
-0.971954 -0.842693 -0.966708 
-0.971954 -0.954031 -0.998705 
-0.971954 -0.876935 -0.465893 
-0.993956 -0.962763 -0.443832 
-0.993956 -0.503574 -0.957124 
-0.592389 -0.962763 -0.991834 
-0.592389 -0.842693 -0.539013 
-0.592389 -0.503574 -0.867185 
-0.592389 -0.954031 -0.881015 
-0.592389 -0.9741 -0.99446 
-0.592389 -0.876935 -0.547968 
-0.962763 -0.842693 -0.988589 
-0.962763 -0.503574 -0.84258 
-0.962763 -0.954031 -0.995635 
-0.842693 -0.503574 -0.90628 
-0.842693 -0.954031 -0.462814 
-0.842693 -0.876935 -0.857064 
-0.503574 -0.954031 -0.96087 
-0.503574 -0.9741 -0.998011 
-0.503574 -0.876935 -0.971854 
-0.954031 -0.876935 -0.967691 
-0.9741 -0.876935 -0.995662 
-0.998289 -0.995489 -0.994325 
-0.998289 -0.998712 -0.971905 
-0.998289 -0.83108 -0.935681 
-0.998289 -0.849034 -0.970244 
-0.998289 -0.960188 -0.935867 
-0.995489 -0.83108 -0.99362 
-0.995489 -0.849034 -0.840636 
-0.998712 -0.83108 -0.863819 
-0.998712 -0.849034 -0.990221 
-0.998712 -0.960188 -0.483345 
-0.968168 -0.850848 -0.462814 
-0.83108 -0.850848 -0.993222 
-0.83108 -0.849034 -0.819307 
-0.83108 -0.960188 -0.448278 
-0.850848 -0.849034 -0.999409 
-0.849034 -0.960188 -0.935736 
-0.478117 -0.994325 -0.981803 
-0.478117 -0.419661 -0.8451 
-0.478117 -0.971905 -0.979726 
-0.478117 -0.999232 -0.998863 
-0.478117 -0.935681 -0.96737 
-0.478117 -0.970244 -0.971398 
-0.478117 -0.935867 -0.959815 
-0.478117 -0.99869 -0.960761 
-0.478117 -0.968084 -0.850334 
-0.994325 -0.935681 -0.99362 
-0.994325 -0.970244 -0.840636 
-0.994325 -0.968084 -0.996449 
-0.419661 -0.971905 -0.981212 
-0.419661 -0.935681 -0.958179 
-0.419661 -0.970244 -0.993948 
-0.419661 -0.935867 -0.957878 
-0.419661 -0.968084 -0.997495 
-0.971905 -0.999232 -0.444192 
-0.971905 -0.935681 -0.863819 
-0.971905 -0.970244 -0.990221 
-0.971905 -0.935867 -0.483345 
-0.999232 -0.935681 -0.962053 
-0.999232 -0.935867 -0.840173 
-0.935681 -0.970244 -0.819307 
-0.935681 -0.935867 -0.448278 
-0.970244 -0.935867 -0.935736 
-0.99869 -0.968084 -0.42825 
-0.866324 -0.453281 -0.971673 
-0.866324 -0.975081 -0.508386 
-0.997334 -0.453281 -0.981803 
-0.997334 -0.958018 -0.971398 
-0.453281 -0.958018 -0.840636 
-0.996639 -0.997469 -0.461487 
-0.508386 -0.870591 -0.443832 
-0.508386 -0.998332 -0.957124 
-0.870591 -0.998332 -0.84258 
-0.981803 -0.96737 -0.99362 
-0.981803 -0.971398 -0.840636 
-0.981803 -0.850334 -0.996449 
-0.8451 -0.979726 -0.981212 
-0.8451 -0.96737 -0.958179 
-0.8451 -0.971398 -0.993948 
-0.8451 -0.959815 -0.957878 
-0.8451 -0.850334 -0.997495 
-0.979726 -0.998863 -0.444192 
-0.979726 -0.96737 -0.863819 
-0.979726 -0.971398 -0.990221 
-0.979726 -0.959815 -0.483345 
-0.998863 -0.96737 -0.962053 
-0.998863 -0.959815 -0.840173 
-0.96737 -0.971398 -0.819307 
-0.96737 -0.959815 -0.448278 
-0.971398 -0.959815 -0.935736 
-0.960761 -0.999212 -0.499957 
-0.960761 -0.850334 -0.42825 
-0.999212 -0.850334 -0.862632 
-0.996541 -0.490114 -0.995436 
-0.863578 -0.490114 -0.973478 
-0.863578 -0.445097 -0.52846 
-0.863578 -0.966455 -0.471997 
-0.863578 -0.999348 -0.862728 
-0.490114 -0.445097 -0.858491 
-0.445097 -0.966455 -0.872464 
-0.445097 -0.999348 -0.97225 
-0.966455 -0.999348 -0.461487 
-0.99362 -0.840636 -0.819307 
-0.976991 -0.886133 -0.999847 
-0.976991 -0.966708 -0.996414 
-0.976991 -0.543368 -0.984251 
-0.976991 -0.96531 -0.992965 
-0.976991 -0.465893 -0.98433 
-0.886133 -0.966708 -0.539013 
-0.886133 -0.998705 -0.881015 
-0.886133 -0.820895 -0.992957 
-0.886133 -0.543368 -0.98131 
-0.886133 -0.465893 -0.547968 
-0.993668 -0.820895 -0.845318 
-0.993668 -0.94726 -0.461487 
-0.993668 -0.543368 -0.971304 
-0.966708 -0.998705 -0.462814 
-0.966708 -0.465893 -0.857064 
-0.998705 -0.465893 -0.967691 
-0.820895 -0.94726 -0.402222 
-0.820895 -0.543368 -0.533595 
-0.820895 -0.96531 -0.950684 
-0.820895 -0.465893 -0.93833 
-0.94726 -0.543368 -0.860676 
-0.94726 -0.96531 -0.987478 
-0.94726 -0.465893 -0.981635 
-0.543368 -0.96531 -0.864278 
-0.543368 -0.465893 -0.875606 
-0.96531 -0.465893 -0.999896 
-0.981212 -0.958179 -0.863819 
-0.981212 -0.993948 -0.990221 
-0.981212 -0.957878 -0.483345 
-0.958179 -0.993948 -0.819307 
-0.958179 -0.957878 -0.448278 
-0.993948 -0.957878 -0.935736 
-0.974734 -0.961639 -0.444179 
-0.974734 -0.468431 -0.978952 
-0.974734 -0.984377 -0.851146 
-0.974734 -0.85648 -0.992201 
-0.974734 -0.86846 -0.984275 
-0.974734 -0.516439 -0.979497 
-0.961639 -0.468431 -0.944355 
-0.961639 -0.96729 -0.989033 
-0.961639 -0.984377 -0.469875 
-0.961639 -0.85648 -0.95723 
-0.961639 -0.86846 -0.995449 
-0.961639 -0.516439 -0.983711 
-0.468431 -0.96729 -0.849233 
-0.468431 -0.984377 -0.955105 
-0.468431 -0.85648 -0.445149 
-0.468431 -0.86846 -0.972641 
-0.468431 -0.516439 -0.87702 
-0.96729 -0.984377 -0.966491 
-0.96729 -0.85648 -0.443173 
-0.984377 -0.85648 -0.936926 
-0.85648 -0.516439 -0.974369 
-0.86846 -0.516439 -0.446948 
-0.965066 -0.444179 -0.858596 
-0.965066 -0.978952 -0.984745 
-0.965066 -0.851146 -0.444192 
-0.965066 -0.992201 -0.958884 
-0.965066 -0.997136 -0.483345 
-0.444179 -0.978952 -0.944355 
-0.444179 -0.851146 -0.469875 
-0.444179 -0.992201 -0.95723 
-0.444179 -0.997136 -0.963721 
-0.444179 -0.984275 -0.995449 
-0.444179 -0.979497 -0.983711 
-0.978952 -0.851146 -0.955105 
-0.978952 -0.992201 -0.445149 
-0.978952 -0.984275 -0.972641 
-0.978952 -0.979497 -0.87702 
-0.851146 -0.992201 -0.936926 
-0.851146 -0.997136 -0.840173 
-0.992201 -0.997136 -0.993083 
-0.992201 -0.979497 -0.974369 
-0.984275 -0.979497 -0.446948 
-0.858596 -0.984745 -0.944355 
-0.858596 -0.9618 -0.989033 
-0.858596 -0.444192 -0.469875 
-0.858596 -0.958884 -0.95723 
-0.858596 -0.863819 -0.99805 
-0.858596 -0.483345 -0.963721 
-0.989548 -0.9618 -0.866071 
-0.989548 -0.958884 -0.970654 
-0.989548 -0.863819 -0.998083 
-0.989548 -0.483345 -0.99177 
-0.984745 -0.9618 -0.849233 
-0.984745 -0.444192 -0.955105 
-0.984745 -0.958884 -0.445149 
-0.9618 -0.444192 -0.966491 
-0.9618 -0.958884 -0.443173 
-0.9618 -0.483345 -0.989028 
-0.444192 -0.958884 -0.936926 
-0.444192 -0.863819 -0.962053 
-0.444192 -0.483345 -0.840173 
-0.958884 -0.483345 -0.993083 
-0.863819 -0.990221 -0.819307 
-0.863819 -0.483345 -0.448278 
-0.990221 -0.483345 -0.935736 
-0.944355 -0.989033 -0.849233 
-0.944355 -0.469875 -0.955105 
-0.944355 -0.95723 -0.445149 
-0.944355 -0.995449 -0.972641 
-0.944355 -0.983711 -0.87702 
-0.989033 -0.469875 -0.966491 
-0.989033 -0.95723 -0.443173 
-0.989033 -0.963721 -0.989028 
-0.469875 -0.95723 -0.936926 
-0.469875 -0.99805 -0.962053 
-0.469875 -0.963721 -0.840173 
-0.95723 -0.963721 -0.993083 
-0.95723 -0.983711 -0.974369 
-0.99805 -0.963721 -0.448278 
-0.995449 -0.983711 -0.446948 
-0.999847 -0.996414 -0.539013 
-0.999847 -0.984251 -0.98131 
-0.999847 -0.98433 -0.547968 
-0.996414 -0.98433 -0.857064 
-0.984251 -0.992965 -0.864278 
-0.984251 -0.98433 -0.875606 
-0.992965 -0.98433 -0.999896 
-0.443832 -0.957124 -0.84258 
-0.866071 -0.992578 -0.994211 
-0.866071 -0.970654 -0.443173 
-0.866071 -0.99177 -0.989028 
-0.970654 -0.99177 -0.993083 
-0.998083 -0.99177 -0.448278 
-0.996 -0.849233 -0.984914 
-0.996 -0.445149 -0.990796 
-0.849233 -0.955105 -0.966491 
-0.849233 -0.445149 -0.443173 
-0.955105 -0.445149 -0.936926 
-0.445149 -0.87702 -0.974369 
-0.972641 -0.87702 -0.446948 
-0.973478 -0.52846 -0.858491 
-0.52846 -0.471997 -0.872464 
-0.52846 -0.862728 -0.97225 
-0.471997 -0.967592 -0.845318 
-0.471997 -0.862728 -0.461487 
-0.967592 -0.862728 -0.402222 
-0.991834 -0.539013 -0.988589 
-0.991834 -0.867185 -0.84258 
-0.991834 -0.881015 -0.995635 
-0.539013 -0.867185 -0.90628 
-0.539013 -0.881015 -0.462814 
-0.539013 -0.547968 -0.857064 
-0.867185 -0.881015 -0.96087 
-0.867185 -0.99446 -0.998011 
-0.867185 -0.547968 -0.971854 
-0.881015 -0.547968 -0.967691 
-0.992957 -0.98131 -0.533595 
-0.992957 -0.547968 -0.93833 
-0.99446 -0.547968 -0.995662 
-0.98131 -0.547968 -0.875606 
-0.984914 -0.84258 -0.994211 
-0.984914 -0.990796 -0.443173 
-0.988589 -0.84258 -0.90628 
-0.988589 -0.995635 -0.462814 
-0.84258 -0.995635 -0.96087 
-0.966491 -0.443173 -0.936926 
-0.966491 -0.989028 -0.840173 
-0.443173 -0.989028 -0.993083 
-0.936926 -0.840173 -0.993083 
-0.962053 -0.840173 -0.448278 
-0.872464 -0.97225 -0.461487 
-0.845318 -0.461487 -0.402222 
-0.845318 -0.971304 -0.533595 
-0.461487 -0.971304 -0.860676 
-0.90628 -0.462814 -0.96087 
-0.90628 -0.857064 -0.971854 
-0.462814 -0.857064 -0.967691 
-0.96087 -0.971854 -0.967691 
-0.998011 -0.971854 -0.995662 
-0.993222 -0.819307 -0.999409 
-0.819307 -0.448278 -0.935736 
-0.991516 -0.533595 -0.971665 
-0.991516 -0.950684 -0.499957 
-0.402222 -0.533595 -0.860676 
-0.402222 -0.950684 -0.987478 
-0.402222 -0.93833 -0.981635 
-0.533595 -0.950684 -0.864278 
-0.533595 -0.93833 -0.875606 
-0.950684 -0.93833 -0.999896 
-0.971665 -0.499957 -0.864278 
-0.499957 -0.42825 -0.862632 
-0.860676 -0.987478 -0.864278 
-0.860676 -0.981635 -0.875606 
-0.987478 -0.981635 -0.999896 
-0.864278 -0.875606 -0.999896 
