-0.476891 -0.506327 -0.713151 -0.86777 -0.477375 -0.882486 
-0.476891 -0.506327 -0.713151 -0.865288 -0.854291 -0.480544 
-0.476891 -0.506327 -0.713151 -0.866426 -0.689899 -0.728202 
-0.476891 -0.977275 -0.996244 -0.944431 -0.984003 -0.857907 
-0.476891 -0.977275 -0.996244 -0.944578 -0.983962 -0.421509 
-0.476891 -0.86777 -0.477375 -0.865288 -0.854291 -0.87652 
-0.476891 -0.86777 -0.477375 -0.866426 -0.689899 -0.51698 
-0.476891 -0.944431 -0.984003 -0.944578 -0.983962 -0.48307 
-0.476891 -0.865288 -0.854291 -0.866426 -0.689899 -0.49632 
-0.506327 -0.86777 -0.882486 -0.865288 -0.480544 -0.87652 
-0.506327 -0.86777 -0.882486 -0.866426 -0.728202 -0.51698 
-0.506327 -0.865288 -0.480544 -0.866426 -0.728202 -0.49632 
-0.977275 -0.944431 -0.857907 -0.944578 -0.421509 -0.48307 
-0.977275 -0.944431 -0.857907 -0.973139 -0.978248 -0.501539 
-0.977275 -0.944578 -0.421509 -0.973139 -0.978248 -0.874298 
-0.86777 -0.865288 -0.87652 -0.866426 -0.51698 -0.49632 
-0.944431 -0.944578 -0.48307 -0.999547 -0.886472 -0.982131 
-0.944431 -0.944578 -0.48307 -0.973139 -0.501539 -0.874298 
-0.944431 -0.999547 -0.886472 -0.973139 -0.501539 -0.4967 
-0.944578 -0.999547 -0.982131 -0.973139 -0.874298 -0.4967 
-0.877232 -0.451878 -0.529211 -0.953094 -0.500767 -0.839174 
-0.877232 -0.451878 -0.529211 -0.456624 -0.981326 -0.859029 
-0.877232 -0.451878 -0.529211 -0.975179 -0.532781 -0.857207 
-0.877232 -0.953094 -0.500767 -0.975179 -0.532781 -0.827349 
-0.451878 -0.866701 -0.976867 -0.456624 -0.859029 -0.46928 
-0.451878 -0.953094 -0.839174 -0.975179 -0.857207 -0.827349 
-0.984037 -0.866701 -0.545815 -0.456624 -0.88933 -0.46928 
-0.472333 -0.861224 -0.977535 -0.486467 -0.868592 -0.437773 
-0.472333 -0.861224 -0.977535 -0.982963 -0.995538 -0.989846 
-0.472333 -0.98902 -0.995209 -0.486467 -0.868592 -0.991523 
-0.472333 -0.98902 -0.995209 -0.987562 -0.980447 -0.481697 
-0.472333 -0.486467 -0.868592 -0.982963 -0.995538 -0.972894 
-0.472333 -0.486467 -0.868592 -0.87587 -0.499868 -0.982514 
-0.472333 -0.486467 -0.868592 -0.984975 -0.986883 -0.985387 
-0.472333 -0.982963 -0.995538 -0.984975 -0.986883 -0.501539 
-0.472333 -0.87587 -0.499868 -0.979637 -0.872838 -0.450562 
-0.472333 -0.87587 -0.499868 -0.987562 -0.980447 -0.993046 
-0.861224 -0.486467 -0.437773 -0.982963 -0.989846 -0.972894 
-0.861224 -0.486467 -0.437773 -0.977737 -0.512856 -0.869474 
-0.486467 -0.982963 -0.972894 -0.984975 -0.985387 -0.501539 
-0.88393 -0.981062 -0.437773 -0.477478 -0.512856 -0.869474 
-0.88393 -0.477478 -0.512856 -0.483269 -0.984161 -0.874319 
-0.974369 -0.477478 -0.998342 -0.483269 -0.970472 -0.874319 
-0.974369 -0.477478 -0.998342 -0.8634 -0.967543 -0.979365 
-0.974369 -0.977404 -0.993518 -0.483269 -0.970472 -0.857407 
-0.974369 -0.977404 -0.993518 -0.993468 -0.450576 -0.963747 
-0.974369 -0.977404 -0.993518 -0.8634 -0.967543 -0.451537 
-0.974369 -0.483269 -0.970472 -0.993468 -0.450576 -0.975183 
-0.974369 -0.483269 -0.970472 -0.8634 -0.967543 -0.449552 
-0.974369 -0.483269 -0.970472 -0.990232 -0.489902 -0.99782 
-0.974369 -0.993468 -0.450576 -0.8634 -0.967543 -0.945488 
-0.974369 -0.993468 -0.450576 -0.990232 -0.489902 -0.848307 
-0.477478 -0.483269 -0.874319 -0.8634 -0.979365 -0.449552 
-0.977404 -0.483269 -0.857407 -0.993468 -0.963747 -0.975183 
-0.977404 -0.483269 -0.857407 -0.8634 -0.451537 -0.449552 
-0.977404 -0.993468 -0.963747 -0.8634 -0.451537 -0.945488 
-0.483269 -0.993468 -0.975183 -0.8634 -0.449552 -0.945488 
-0.483269 -0.993468 -0.975183 -0.990232 -0.99782 -0.848307 
-0.962679 -0.864387 -0.554875 -0.96578 -0.877493 -0.599428 
-0.962679 -0.864387 -0.554875 -0.964639 -0.97628 -0.850838 
-0.962679 -0.864387 -0.554875 -0.429258 -0.832237 -0.51022 
-0.962679 -0.96578 -0.877493 -0.964639 -0.97628 -0.545815 
-0.962679 -0.96578 -0.877493 -0.429258 -0.832237 -0.875438 
-0.962679 -0.964639 -0.97628 -0.429258 -0.832237 -0.914706 
-0.864387 -0.96578 -0.599428 -0.964639 -0.850838 -0.545815 
-0.864387 -0.96578 -0.599428 -0.429258 -0.51022 -0.875438 
-0.864387 -0.96578 -0.599428 -0.985408 -0.962668 -0.88933 
-0.864387 -0.472301 -0.971439 -0.964639 -0.850838 -0.997378 
-0.864387 -0.472301 -0.971439 -0.429258 -0.51022 -0.850724 
-0.864387 -0.964639 -0.850838 -0.429258 -0.51022 -0.914706 
-0.864387 -0.964639 -0.850838 -0.985408 -0.962668 -0.46928 
-0.864387 -0.429258 -0.51022 -0.985408 -0.962668 -0.969537 
-0.980348 -0.857332 -0.515053 -0.472301 -0.878859 -0.450214 
-0.857332 -0.472301 -0.450214 -0.429258 -0.965775 -0.850724 
-0.96578 -0.964639 -0.545815 -0.429258 -0.875438 -0.914706 
-0.96578 -0.964639 -0.545815 -0.985408 -0.88933 -0.46928 
-0.96578 -0.429258 -0.875438 -0.985408 -0.88933 -0.969537 
-0.472301 -0.964639 -0.997378 -0.429258 -0.850724 -0.914706 
-0.964639 -0.429258 -0.914706 -0.985408 -0.46928 -0.969537 
-0.713151 -0.477375 -0.882486 -0.854291 -0.480544 -0.87652 
-0.713151 -0.477375 -0.882486 -0.689899 -0.728202 -0.51698 
-0.713151 -0.854291 -0.480544 -0.689899 -0.728202 -0.49632 
-0.994211 -0.477375 -0.960591 -0.689899 -0.986347 -0.51698 
-0.996244 -0.984003 -0.857907 -0.983962 -0.421509 -0.48307 
-0.477375 -0.854291 -0.87652 -0.689899 -0.51698 -0.49632 
-0.977535 -0.868592 -0.437773 -0.995538 -0.989846 -0.972894 
-0.995209 -0.998892 -0.983332 -0.980447 -0.481697 -0.876719 
-0.995209 -0.998892 -0.983332 -0.99025 -0.867663 -0.523142 
-0.995209 -0.980447 -0.481697 -0.99025 -0.867663 -0.453344 
-0.868592 -0.995538 -0.972894 -0.986883 -0.985387 -0.501539 
-0.995538 -0.995768 -0.886472 -0.986883 -0.501539 -0.4967 
-0.998892 -0.499868 -0.983462 -0.872838 -0.97031 -0.450562 
-0.998892 -0.499868 -0.983462 -0.9803 -0.993148 -0.859329 
-0.998892 -0.499868 -0.983462 -0.980447 -0.876719 -0.993046 
-0.998892 -0.499868 -0.983462 -0.99025 -0.523142 -0.988247 
-0.998892 -0.872838 -0.97031 -0.9803 -0.993148 -0.476372 
-0.998892 -0.872838 -0.97031 -0.99025 -0.523142 -0.992479 
-0.998892 -0.980447 -0.876719 -0.99025 -0.523142 -0.453344 
-0.499868 -0.872838 -0.450562 -0.9803 -0.859329 -0.476372 
-0.499868 -0.872838 -0.450562 -0.99025 -0.988247 -0.992479 
-0.499868 -0.980447 -0.993046 -0.99025 -0.988247 -0.453344 
-0.882486 -0.480544 -0.87652 -0.728202 -0.51698 -0.49632 
-0.990767 -0.437773 -0.998249 -0.989846 -0.857907 -0.972894 
-0.990767 -0.437773 -0.998249 -0.98603 -0.421509 -0.98494 
-0.990767 -0.989846 -0.857907 -0.98603 -0.421509 -0.48307 
-0.437773 -0.989846 -0.972894 -0.98603 -0.98494 -0.48307 
-0.960591 -0.864859 -0.97075 -0.986347 -0.51698 -0.98573 
-0.960591 -0.864859 -0.97075 -0.488608 -0.96793 -0.550189 
-0.960591 -0.864859 -0.97075 -0.48689 -0.993533 -0.973996 
-0.960591 -0.864859 -0.97075 -0.97713 -0.98486 -0.472373 
-0.960591 -0.986347 -0.51698 -0.488608 -0.96793 -0.993022 
-0.960591 -0.986347 -0.51698 -0.97713 -0.98486 -0.993101 
-0.960591 -0.488608 -0.96793 -0.48689 -0.993533 -0.872518 
-0.960591 -0.488608 -0.96793 -0.97713 -0.98486 -0.883896 
-0.864859 -0.986347 -0.98573 -0.488608 -0.550189 -0.993022 
-0.864859 -0.986347 -0.98573 -0.97713 -0.472373 -0.993101 
-0.864859 -0.834118 -0.828944 -0.952244 -0.955867 -0.40842 
-0.864859 -0.834118 -0.828944 -0.488608 -0.550189 -0.540374 
-0.864859 -0.834118 -0.828944 -0.48689 -0.973996 -0.959306 
-0.864859 -0.834118 -0.828944 -0.97713 -0.472373 -0.946898 
-0.864859 -0.952244 -0.955867 -0.488608 -0.550189 -0.868901 
-0.864859 -0.952244 -0.955867 -0.48689 -0.973996 -0.996263 
-0.864859 -0.952244 -0.955867 -0.97713 -0.472373 -0.990394 
-0.864859 -0.488608 -0.550189 -0.48689 -0.973996 -0.872518 
-0.864859 -0.488608 -0.550189 -0.97713 -0.472373 -0.883896 
-0.986347 -0.488608 -0.993022 -0.97713 -0.993101 -0.883896 
-0.834118 -0.952244 -0.40842 -0.488608 -0.540374 -0.868901 
-0.834118 -0.952244 -0.40842 -0.48689 -0.959306 -0.996263 
-0.834118 -0.952244 -0.40842 -0.97713 -0.946898 -0.990394 
-0.834118 -0.488608 -0.540374 -0.48689 -0.959306 -0.872518 
-0.834118 -0.488608 -0.540374 -0.97713 -0.946898 -0.883896 
-0.871238 -0.488608 -0.98038 -0.48689 -0.506587 -0.872518 
-0.871238 -0.48689 -0.506587 -0.974688 -0.434563 -0.870865 
-0.952244 -0.488608 -0.868901 -0.48689 -0.996263 -0.872518 
-0.952244 -0.488608 -0.868901 -0.97713 -0.990394 -0.883896 
-0.998249 -0.857907 -0.972894 -0.421509 -0.98494 -0.48307 
-0.998249 -0.857907 -0.972894 -0.978248 -0.985387 -0.501539 
-0.998249 -0.421509 -0.98494 -0.978248 -0.985387 -0.874298 
-0.857907 -0.421509 -0.48307 -0.518858 -0.980673 -0.866481 
-0.857907 -0.421509 -0.48307 -0.978248 -0.501539 -0.874298 
-0.421509 -0.868817 -0.974929 -0.518858 -0.866481 -0.425936 
-0.868817 -0.979224 -0.484651 -0.518858 -0.425936 -0.853256 
-0.868817 -0.979224 -0.484651 -0.996767 -0.944237 -0.976066 
-0.868817 -0.979224 -0.484651 -0.999503 -0.944424 -0.968478 
-0.868817 -0.518858 -0.425936 -0.996767 -0.944237 -0.966834 
-0.868817 -0.518858 -0.425936 -0.999503 -0.944424 -0.966532 
-0.868817 -0.996767 -0.944237 -0.999503 -0.944424 -0.45468 
-0.979224 -0.518858 -0.853256 -0.996767 -0.976066 -0.966834 
-0.979224 -0.518858 -0.853256 -0.999503 -0.968478 -0.966532 
-0.979224 -0.996767 -0.976066 -0.999503 -0.968478 -0.45468 
-0.518858 -0.996767 -0.966834 -0.999503 -0.966532 -0.45468 
-0.97075 -0.51698 -0.98573 -0.96793 -0.550189 -0.993022 
-0.97075 -0.51698 -0.98573 -0.98486 -0.472373 -0.993101 
-0.97075 -0.96793 -0.550189 -0.993533 -0.973996 -0.872518 
-0.97075 -0.96793 -0.550189 -0.98486 -0.472373 -0.883896 
-0.51698 -0.96793 -0.993022 -0.98486 -0.993101 -0.883896 
-0.438346 -0.885256 -0.554875 -0.969881 -0.877493 -0.599428 
-0.438346 -0.885256 -0.554875 -0.964228 -0.832237 -0.51022 
-0.438346 -0.885256 -0.554875 -0.481697 -0.860847 -0.982826 
-0.438346 -0.885256 -0.554875 -0.986215 -0.947982 -0.885231 
-0.438346 -0.969881 -0.877493 -0.964228 -0.832237 -0.875438 
-0.438346 -0.969881 -0.877493 -0.986215 -0.947982 -0.55481 
-0.438346 -0.964228 -0.832237 -0.986215 -0.947982 -0.98057 
-0.438346 -0.481697 -0.860847 -0.867663 -0.974187 -0.453344 
-0.885256 -0.969881 -0.599428 -0.964228 -0.51022 -0.875438 
-0.885256 -0.969881 -0.599428 -0.986215 -0.885231 -0.55481 
-0.885256 -0.964228 -0.51022 -0.986215 -0.885231 -0.98057 
-0.983332 -0.481697 -0.876719 -0.867663 -0.523142 -0.453344 
-0.969881 -0.964228 -0.875438 -0.986215 -0.55481 -0.98057 
-0.972894 -0.98494 -0.48307 -0.985387 -0.501539 -0.874298 
-0.48307 -0.886472 -0.982131 -0.501539 -0.874298 -0.4967 
-0.886472 -0.501539 -0.4967 -0.9811 -0.451484 -0.866706 
-0.978972 -0.500708 -0.862471 -0.871517 -0.482982 -0.459704 
-0.500708 -0.471398 -0.874573 -0.871517 -0.459704 -0.980388 
-0.500708 -0.471398 -0.874573 -0.883326 -0.983811 -0.515053 
-0.471398 -0.883326 -0.515053 -0.983051 -0.878859 -0.450214 
-0.554875 -0.992229 -0.98067 -0.877493 -0.599428 -0.89447 
-0.554875 -0.992229 -0.98067 -0.97628 -0.850838 -0.975401 
-0.554875 -0.992229 -0.98067 -0.947982 -0.885231 -0.472373 
-0.554875 -0.877493 -0.599428 -0.97628 -0.850838 -0.545815 
-0.554875 -0.877493 -0.599428 -0.832237 -0.51022 -0.875438 
-0.554875 -0.877493 -0.599428 -0.947982 -0.885231 -0.55481 
-0.554875 -0.97628 -0.850838 -0.832237 -0.51022 -0.914706 
-0.554875 -0.97628 -0.850838 -0.947982 -0.885231 -0.865272 
-0.554875 -0.832237 -0.51022 -0.947982 -0.885231 -0.98057 
-0.992229 -0.877493 -0.89447 -0.97628 -0.975401 -0.545815 
-0.992229 -0.877493 -0.89447 -0.947982 -0.472373 -0.55481 
-0.992229 -0.97628 -0.975401 -0.947982 -0.472373 -0.865272 
-0.877493 -0.97628 -0.545815 -0.832237 -0.875438 -0.914706 
-0.877493 -0.97628 -0.545815 -0.947982 -0.55481 -0.865272 
-0.877493 -0.832237 -0.875438 -0.947982 -0.55481 -0.98057 
-0.97628 -0.832237 -0.914706 -0.947982 -0.865272 -0.98057 
-0.870822 -0.969249 -0.529211 -0.949101 -0.500767 -0.839174 
-0.870822 -0.969249 -0.529211 -0.413479 -0.532781 -0.857207 
-0.870822 -0.969249 -0.529211 -0.985998 -0.867181 -0.968852 
-0.870822 -0.981975 -0.978604 -0.967014 -0.993943 -0.484651 
-0.870822 -0.981975 -0.978604 -0.949101 -0.500767 -0.944237 
-0.870822 -0.981975 -0.978604 -0.413479 -0.532781 -0.978953 
-0.870822 -0.981975 -0.978604 -0.985998 -0.867181 -0.944424 
-0.870822 -0.967014 -0.993943 -0.482982 -0.978732 -0.990563 
-0.870822 -0.967014 -0.993943 -0.949101 -0.500767 -0.976066 
-0.870822 -0.967014 -0.993943 -0.413479 -0.532781 -0.980112 
-0.870822 -0.967014 -0.993943 -0.985998 -0.867181 -0.968478 
-0.870822 -0.482982 -0.978732 -0.413479 -0.532781 -0.848772 
-0.870822 -0.949101 -0.500767 -0.413479 -0.532781 -0.827349 
-0.870822 -0.949101 -0.500767 -0.985998 -0.867181 -0.45468 
-0.870822 -0.413479 -0.532781 -0.985998 -0.867181 -0.944292 
-0.987053 -0.981975 -0.85764 -0.967014 -0.419884 -0.484651 
-0.987053 -0.981975 -0.85764 -0.985998 -0.99898 -0.944424 
-0.987053 -0.967014 -0.419884 -0.482982 -0.996274 -0.990563 
-0.987053 -0.967014 -0.419884 -0.985998 -0.99898 -0.968478 
-0.969249 -0.949101 -0.839174 -0.413479 -0.857207 -0.827349 
-0.969249 -0.949101 -0.839174 -0.985998 -0.968852 -0.45468 
-0.969249 -0.413479 -0.857207 -0.985998 -0.968852 -0.944292 
-0.981975 -0.967014 -0.484651 -0.949101 -0.944237 -0.976066 
-0.981975 -0.967014 -0.484651 -0.413479 -0.978953 -0.980112 
-0.981975 -0.967014 -0.484651 -0.985998 -0.944424 -0.968478 
-0.981975 -0.949101 -0.944237 -0.413479 -0.978953 -0.827349 
-0.981975 -0.949101 -0.944237 -0.985998 -0.944424 -0.45468 
-0.981975 -0.413479 -0.978953 -0.985998 -0.944424 -0.944292 
-0.862471 -0.482982 -0.459704 -0.413479 -0.966673 -0.848772 
-0.967014 -0.482982 -0.990563 -0.413479 -0.980112 -0.848772 
-0.967014 -0.949101 -0.976066 -0.413479 -0.980112 -0.827349 
-0.967014 -0.949101 -0.976066 -0.985998 -0.968478 -0.45468 
-0.967014 -0.413479 -0.980112 -0.985998 -0.968478 -0.944292 
-0.949101 -0.413479 -0.827349 -0.985998 -0.45468 -0.944292 
-0.529211 -0.500767 -0.839174 -0.532781 -0.857207 -0.827349 
-0.529211 -0.500767 -0.839174 -0.867181 -0.968852 -0.45468 
-0.529211 -0.532781 -0.857207 -0.867181 -0.968852 -0.944292 
-0.978604 -0.993943 -0.484651 -0.994786 -0.425936 -0.853256 
-0.978604 -0.993943 -0.484651 -0.980771 -0.980621 -0.988477 
-0.978604 -0.993943 -0.484651 -0.500767 -0.944237 -0.976066 
-0.978604 -0.993943 -0.484651 -0.532781 -0.978953 -0.980112 
-0.978604 -0.993943 -0.484651 -0.867181 -0.944424 -0.968478 
-0.978604 -0.994786 -0.425936 -0.980771 -0.980621 -0.989969 
-0.978604 -0.994786 -0.425936 -0.500767 -0.944237 -0.966834 
-0.978604 -0.994786 -0.425936 -0.867181 -0.944424 -0.966532 
-0.978604 -0.980771 -0.980621 -0.500767 -0.944237 -0.872057 
-0.978604 -0.980771 -0.980621 -0.532781 -0.978953 -0.999018 
-0.978604 -0.980771 -0.980621 -0.867181 -0.944424 -0.489902 
-0.978604 -0.500767 -0.944237 -0.532781 -0.978953 -0.827349 
-0.978604 -0.500767 -0.944237 -0.867181 -0.944424 -0.45468 
-0.978604 -0.532781 -0.978953 -0.867181 -0.944424 -0.944292 
-0.993943 -0.978732 -0.990563 -0.532781 -0.980112 -0.848772 
-0.993943 -0.994786 -0.853256 -0.980771 -0.988477 -0.989969 
-0.993943 -0.994786 -0.853256 -0.500767 -0.976066 -0.966834 
-0.993943 -0.994786 -0.853256 -0.867181 -0.968478 -0.966532 
-0.993943 -0.980771 -0.988477 -0.500767 -0.976066 -0.872057 
-0.993943 -0.980771 -0.988477 -0.532781 -0.980112 -0.999018 
-0.993943 -0.980771 -0.988477 -0.867181 -0.968478 -0.489902 
-0.993943 -0.500767 -0.976066 -0.532781 -0.980112 -0.827349 
-0.993943 -0.500767 -0.976066 -0.867181 -0.968478 -0.45468 
-0.993943 -0.532781 -0.980112 -0.867181 -0.968478 -0.944292 
-0.994786 -0.980771 -0.989969 -0.500767 -0.966834 -0.872057 
-0.994786 -0.980771 -0.989969 -0.867181 -0.966532 -0.489902 
-0.994786 -0.500767 -0.966834 -0.867181 -0.966532 -0.45468 
-0.980771 -0.500767 -0.872057 -0.532781 -0.999018 -0.827349 
-0.980771 -0.500767 -0.872057 -0.867181 -0.489902 -0.45468 
-0.980771 -0.532781 -0.999018 -0.867181 -0.489902 -0.944292 
-0.500767 -0.532781 -0.827349 -0.867181 -0.45468 -0.944292 
-0.85764 -0.419884 -0.484651 -0.966458 -0.425936 -0.853256 
-0.85764 -0.419884 -0.484651 -0.99898 -0.944424 -0.968478 
-0.85764 -0.419884 -0.484651 -0.483393 -0.976783 -0.858513 
-0.85764 -0.966458 -0.425936 -0.99898 -0.944424 -0.966532 
-0.419884 -0.966458 -0.853256 -0.99898 -0.968478 -0.966532 
-0.419884 -0.857088 -0.969428 -0.483393 -0.858513 -0.434563 
-0.857088 -0.978814 -0.506587 -0.483393 -0.434563 -0.870865 
-0.98067 -0.599428 -0.89447 -0.850838 -0.975401 -0.545815 
-0.98067 -0.599428 -0.89447 -0.885231 -0.472373 -0.55481 
-0.98067 -0.850838 -0.975401 -0.885231 -0.472373 -0.865272 
-0.599428 -0.850838 -0.545815 -0.51022 -0.875438 -0.914706 
-0.599428 -0.850838 -0.545815 -0.962668 -0.88933 -0.46928 
-0.599428 -0.850838 -0.545815 -0.885231 -0.55481 -0.865272 
-0.599428 -0.51022 -0.875438 -0.962668 -0.88933 -0.969537 
-0.599428 -0.51022 -0.875438 -0.885231 -0.55481 -0.98057 
-0.599428 -0.962668 -0.88933 -0.885231 -0.55481 -0.976389 
-0.971439 -0.850838 -0.997378 -0.51022 -0.850724 -0.914706 
-0.850838 -0.51022 -0.914706 -0.962668 -0.46928 -0.969537 
-0.850838 -0.51022 -0.914706 -0.885231 -0.865272 -0.98057 
-0.850838 -0.962668 -0.46928 -0.885231 -0.865272 -0.976389 
-0.51022 -0.962668 -0.969537 -0.885231 -0.98057 -0.976389 
-0.839174 -0.857207 -0.827349 -0.968852 -0.45468 -0.944292 
-0.484651 -0.425936 -0.853256 -0.980621 -0.988477 -0.989969 
-0.484651 -0.425936 -0.853256 -0.944237 -0.976066 -0.966834 
-0.484651 -0.425936 -0.853256 -0.944424 -0.968478 -0.966532 
-0.484651 -0.980621 -0.988477 -0.944237 -0.976066 -0.872057 
-0.484651 -0.980621 -0.988477 -0.978953 -0.980112 -0.999018 
-0.484651 -0.980621 -0.988477 -0.944424 -0.968478 -0.489902 
-0.484651 -0.944237 -0.976066 -0.978953 -0.980112 -0.827349 
-0.484651 -0.944237 -0.976066 -0.944424 -0.968478 -0.45468 
-0.484651 -0.978953 -0.980112 -0.944424 -0.968478 -0.944292 
-0.425936 -0.980621 -0.989969 -0.944237 -0.966834 -0.872057 
-0.425936 -0.980621 -0.989969 -0.944424 -0.966532 -0.489902 
-0.425936 -0.944237 -0.966834 -0.944424 -0.966532 -0.45468 
-0.980621 -0.944237 -0.872057 -0.978953 -0.999018 -0.827349 
-0.980621 -0.944237 -0.872057 -0.944424 -0.489902 -0.45468 
-0.980621 -0.978953 -0.999018 -0.944424 -0.489902 -0.944292 
-0.944237 -0.978953 -0.827349 -0.944424 -0.45468 -0.944292 
-0.853256 -0.988477 -0.989969 -0.976066 -0.966834 -0.872057 
-0.853256 -0.988477 -0.989969 -0.968478 -0.966532 -0.489902 
-0.853256 -0.976066 -0.966834 -0.968478 -0.966532 -0.45468 
-0.988477 -0.976066 -0.872057 -0.980112 -0.999018 -0.827349 
-0.988477 -0.976066 -0.872057 -0.968478 -0.489902 -0.45468 
-0.988477 -0.980112 -0.999018 -0.968478 -0.489902 -0.944292 
-0.976066 -0.980112 -0.827349 -0.968478 -0.45468 -0.944292 
-0.871815 -0.4967 -0.982201 -0.451484 -0.535216 -0.866706 
-0.871815 -0.451484 -0.535216 -0.975147 -0.478504 -0.880741 
-0.98573 -0.550189 -0.993022 -0.472373 -0.993101 -0.883896 
-0.89447 -0.975401 -0.545815 -0.472373 -0.55481 -0.865272 
-0.89447 -0.550189 -0.990068 -0.472373 -0.55481 -0.883896 
-0.828944 -0.955867 -0.40842 -0.550189 -0.540374 -0.868901 
-0.828944 -0.955867 -0.40842 -0.973996 -0.959306 -0.996263 
-0.828944 -0.955867 -0.40842 -0.472373 -0.946898 -0.990394 
-0.828944 -0.550189 -0.540374 -0.973996 -0.959306 -0.872518 
-0.828944 -0.550189 -0.540374 -0.472373 -0.946898 -0.883896 
-0.955867 -0.550189 -0.868901 -0.973996 -0.996263 -0.872518 
-0.955867 -0.550189 -0.868901 -0.472373 -0.990394 -0.883896 
-0.989969 -0.966834 -0.872057 -0.966532 -0.489902 -0.45468 
-0.983462 -0.97031 -0.450562 -0.474922 -0.987699 -0.95295 
-0.983462 -0.97031 -0.450562 -0.993148 -0.859329 -0.476372 
-0.983462 -0.97031 -0.450562 -0.523142 -0.988247 -0.992479 
-0.983462 -0.474922 -0.987699 -0.993148 -0.859329 -0.963747 
-0.983462 -0.474922 -0.987699 -0.876719 -0.993046 -0.98136 
-0.983462 -0.474922 -0.987699 -0.523142 -0.988247 -0.885317 
-0.983462 -0.876719 -0.993046 -0.523142 -0.988247 -0.453344 
-0.97031 -0.474922 -0.95295 -0.975986 -0.997825 -0.857407 
-0.97031 -0.474922 -0.95295 -0.993148 -0.476372 -0.963747 
-0.97031 -0.474922 -0.95295 -0.864686 -0.965882 -0.451537 
-0.97031 -0.474922 -0.95295 -0.523142 -0.992479 -0.885317 
-0.97031 -0.975986 -0.997825 -0.993148 -0.476372 -0.975183 
-0.97031 -0.975986 -0.997825 -0.864686 -0.965882 -0.449552 
-0.97031 -0.993148 -0.476372 -0.864686 -0.965882 -0.945488 
-0.97031 -0.864686 -0.965882 -0.523142 -0.992479 -0.983096 
-0.474922 -0.975986 -0.857407 -0.993148 -0.963747 -0.975183 
-0.474922 -0.975986 -0.857407 -0.864686 -0.451537 -0.449552 
-0.474922 -0.993148 -0.963747 -0.864686 -0.451537 -0.945488 
-0.474922 -0.864686 -0.451537 -0.523142 -0.885317 -0.983096 
-0.474922 -0.876719 -0.98136 -0.523142 -0.885317 -0.453344 
-0.975986 -0.993148 -0.975183 -0.864686 -0.449552 -0.945488 
-0.973752 -0.450562 -0.866812 -0.987699 -0.993518 -0.95295 
-0.973752 -0.450562 -0.866812 -0.859329 -0.450576 -0.476372 
-0.973752 -0.987699 -0.993518 -0.859329 -0.450576 -0.963747 
-0.450562 -0.987699 -0.95295 -0.859329 -0.476372 -0.963747 
-0.450562 -0.987699 -0.95295 -0.988247 -0.992479 -0.885317 
-0.987699 -0.993046 -0.98136 -0.988247 -0.885317 -0.453344 
-0.866812 -0.993518 -0.95295 -0.970472 -0.997825 -0.857407 
-0.866812 -0.993518 -0.95295 -0.450576 -0.476372 -0.963747 
-0.866812 -0.993518 -0.95295 -0.967543 -0.965882 -0.451537 
-0.866812 -0.970472 -0.997825 -0.450576 -0.476372 -0.975183 
-0.866812 -0.970472 -0.997825 -0.967543 -0.965882 -0.449552 
-0.866812 -0.970472 -0.997825 -0.489902 -0.972401 -0.99782 
-0.866812 -0.450576 -0.476372 -0.967543 -0.965882 -0.945488 
-0.866812 -0.450576 -0.476372 -0.489902 -0.972401 -0.848307 
-0.998342 -0.970472 -0.874319 -0.967543 -0.979365 -0.449552 
-0.993518 -0.970472 -0.857407 -0.450576 -0.963747 -0.975183 
-0.993518 -0.970472 -0.857407 -0.967543 -0.451537 -0.449552 
-0.993518 -0.450576 -0.963747 -0.967543 -0.451537 -0.945488 
-0.970472 -0.450576 -0.975183 -0.967543 -0.449552 -0.945488 
-0.970472 -0.450576 -0.975183 -0.489902 -0.99782 -0.848307 
-0.450576 -0.872057 -0.970725 -0.489902 -0.848307 -0.45468 
-0.872057 -0.999018 -0.827349 -0.489902 -0.45468 -0.944292 
-0.95295 -0.997825 -0.857407 -0.476372 -0.963747 -0.975183 
-0.95295 -0.997825 -0.857407 -0.965882 -0.451537 -0.449552 
-0.95295 -0.476372 -0.963747 -0.965882 -0.451537 -0.945488 
-0.95295 -0.965882 -0.451537 -0.992479 -0.885317 -0.983096 
-0.997825 -0.476372 -0.975183 -0.965882 -0.449552 -0.945488 
-0.997825 -0.476372 -0.975183 -0.972401 -0.99782 -0.848307 
-0.857407 -0.963747 -0.975183 -0.451537 -0.449552 -0.945488 
-0.535216 -0.478504 -0.880741 -0.870961 -0.980967 -0.467947 
-0.478504 -0.976289 -0.853474 -0.870961 -0.467947 -0.40842 
-0.545815 -0.875438 -0.914706 -0.88933 -0.46928 -0.969537 
-0.545815 -0.875438 -0.914706 -0.55481 -0.865272 -0.98057 
-0.545815 -0.88933 -0.46928 -0.55481 -0.865272 -0.976389 
-0.875438 -0.88933 -0.969537 -0.55481 -0.98057 -0.976389 
-0.853474 -0.467947 -0.40842 -0.980017 -0.540374 -0.868901 
-0.914706 -0.46928 -0.969537 -0.865272 -0.98057 -0.976389 
-0.40842 -0.540374 -0.868901 -0.959306 -0.996263 -0.872518 
-0.40842 -0.540374 -0.868901 -0.946898 -0.990394 -0.883896 
