1.31023
1.36569
3.80113
2.5706
3.2549
2.55469
3.25678
4.48002
4.55669
2.56195
3.71358
4.78118
4.8742
2.63372
4.6484
1.2654
3.96323
2.56371
4.59271
3.37257
1.27376
3.75581
4.50196
1.30191
2.52915
4.1021
1.32794
3.93566
4.82203
4.74788
4.52891
4.5658
2.62438
3.85482
3.81142
3.98794
4.05943
4.65742
4.3104
2.68093
3.88865
3.73882
1.31131
3.804
4.82135
1.32199
4.2448
4.55771
2.54274
4.74121
4.13899
4.66217
3.52127
2.54897
3.87157
2.50531
4.66668
3.57451
1.30185
4.05801
3.55459
1.22653
4.6132
3.99953
4.80195
1.87771
4.27074
4.34543
1.31112
3.96234
2.48706
3.96128
4.91378
1.80523
4.50033
4.68448
4.73298
3.80691
4.30672
2.57593
4.31885
4.32741
4.45184
1.35326
2.60391
4.91039
4.04016
3.87043
4.9263
3.8739
4.13956
2.67056
4.51746
1.31695
4.53339
1.92759
4.7716
4.15574
4.64294
1.24098
4.12709
4.73155
4.77934
4.01646
4.90301
1.37842
4.66238
3.96645
4.96301
3.48693
4.91788
2.55196
4.02522
4.58758
2.37377
2.59328
3.36039
1.33194
1.32873
3.74547
3.79794
4.42496
2.5088
1.21355
4.9246
2.57739
3.84523
1.39027
4.69125
3.82291
4.36556
4.47811
2.62882
3.66627
1.38655
4.87794
4.93719
4.69417
3.61319
4.24703
3.98488
4.17989
1.24196
2.69055
4.65363
3.94504
4.99917
3.64961
4.86595
3.5475
1.31908
2.56991
4.02156
3.70861
4.56719
4.79467
3.98699
4.73746
3.92437
2.58168
3.99898
4.53921
1.32162
2.69945
3.87932
1.35646
3.88958
3.83941
1.35487
1.30021
2.59512
2.67658
3.93788
4.66739
4.83602
4.89557
4.57852
1.46448
4.20296
4.93751
2.63552
4.65376
3.77937
2.36384
4.83377
2.52682
3.73503
3.30147
1.34649
4.73551
2.59053
4.04496
3.63766
3.91096
2.53692
3.59652
1.32146
4.90113
3.31661
1.20027
4.01558
4.77071
1.41104
3.83098
4.891
4.26131
3.83392
4.29131
3.88166
4.83953
1.35498
3.89506
1.41831
2.5668
3.75054
4.97348
3.91481
2.5623
4.84662
2.61372
2.50717
4.92196
1.21085
4.34656
3.58655
4.71186
4.73881
4.56393
4.45559
2.50383
3.83579
1.32222
3.87924
4.63155
1.56461
3.67968
2.46673
1.37327
3.52107
3.9322
2.69037
4.88121
4.71295
4.90929
3.79216
2.40098
2.51564
2.50455
3.63024
1.32456
4.65053
1.22094
3.87806
4.94491
3.25241
3.83898
3.2548
4.90784
3.79031
2.61558
4.8206
1.27921
3.95737
4.77867
3.59039
4.82897
3.87252
1.38275
2.64498
4.88408
4.14932
2.48092
4.08598
4.91954
3.77474
3.86596
3.62328
3.64103
4.94357
2.51248
4.7729
2.5971
1.34721
1.26471
3.75513
4.95304
4.61458
2.45477
4.76753
4.00827
2.76006
4.61696
3.76051
4.90881
2.34667
3.41336
1.45451
3.73111
1.30198
4.13088
3.59329
4.63117
3.58788
4.83056
3.94838
3.65781
1.30663
3.77301
4.23383
2.55086
2.63019
1.39882
3.72608
1.2631
4.06337
4.71
2.51747
4.54583
4.80849
4.23034
4.07923
2.56443
4.42879
4.24652
3.66091
1.26312
3.60611
2.59871
4.45721
1.33437
3.37049
4.40758
1.30928
3.57631
4.86568
3.69873
4.71073
4.21126
4.98881
4.76546
4.22952
4.58227
4.23221
1.26249
3.57443
2.61386
4.56366
3.84848
4.86783
4.52585
4.74162
2.50576
3.53929
1.26481
3.89589
2.69099
3.91656
1.42329
1.31319
3.77956
2.59145
2.56375
4.52881
1.44529
2.62144
2.72069
4.58185
4.65759
4.13392
1.46434
4.25238
4.38964
2.46607
4.48218
4.72107
3.75589
4.64464
1.26134
4.40741
3.26853
3.6658
2.45209
2.65817
3.88638
2.48221
1.29397
3.86374
2.93215
1.29638
2.55458
3.6431
4.86319
3.87684
4.58801
3.93904
4.59482
2.33847
1.27033
4.95739
3.78172
4.51431
1.192
1.43393
3.46638
3.28701
3.25312
3.87232
1.3662
1.23551
1.26798
4.72255
2.57794
4.34613
4.14405
2.60178
2.68069
2.59081
4.99235
