-0.470392
-0.499698
-0.968573
-0.859551
-0.935874
-0.85708
-0.936021
-0.990747
-0.992431
-0.858212
-0.964456
-0.996681
-0.998181
-0.868971
-0.994284
-0.445489
-0.975306
-0.858486
-0.993179
-0.944499
-0.450214
-0.966487
-0.991242
-0.465853
-0.853033
-0.980267
-0.479926
-0.974237
-0.997357
-0.99611
-0.991836
-0.992623
-0.867615
-0.970925
-0.969034
-0.97624
-0.978815
-0.994457
-0.986529
-0.875639
-0.972344
-0.96568
-0.470976
-0.968702
-0.997346
-0.476742
-0.984696
-0.992453
-0.8552
-0.995993
-0.981473
-0.994547
-0.954042
-0.856183
-0.971634
-0.849159
-0.994633
-0.957129
-0.465821
-0.978766
-0.955993
-0.422969
-0.993593
-0.97667
-0.997028
-0.705612
-0.985435
-0.98746
-0.470874
-0.975272
-0.846131
-0.975232
-0.998778
-0.682463
-0.991206
-0.994967
-0.995847
-0.968833
-0.986429
-0.860369
-0.986756
-0.986985
-0.990095
-0.493268
-0.864597
-0.998728
-0.978139
-0.971586
-0.998962
-0.971731
-0.981491
-0.874202
-0.991586
-0.474029
-0.991933
-0.720597
-0.996519
-0.982006
-0.994178
-0.431446
-0.981089
-0.995822
-0.99665
-0.97729
-0.998618
-0.506198
-0.994551
-0.975429
-0.999489
-0.951963
-0.998839
-0.856652
-0.977606
-0.993074
-0.826047
-0.863003
-0.943653
-0.482057
-0.480347
-0.965998
-0.968429
-0.989455
-0.849731
-0.415253
-0.998937
-0.860593
-0.970514
-0.512174
-0.995092
-0.969543
-0.98798
-0.990704
-0.868262
-0.962077
-0.510304
-0.998239
-0.99912
-0.995146
-0.95927
-0.98476
-0.976126
-0.982759
-0.432016
-0.876959
-0.994384
-0.974604
-0.999989
-0.961212
-0.998054
-0.955584
-0.475177
-0.859444
-0.977474
-0.964212
-0.992652
-0.996908
-0.976205
-0.995927
-0.97379
-0.861247
-0.97665
-0.992059
-0.476543
-0.878171
-0.971957
-0.494931
-0.972382
-0.970263
-0.494104
-0.464923
-0.863281
-0.875038
-0.974324
-0.994646
-0.997582
-0.998507
-0.992888
-0.548033
-0.983462
-0.999125
-0.869231
-0.994387
-0.967583
-0.824174
-0.997547
-0.852658
-0.965499
-0.939409
-0.489735
-0.995892
-0.862589
-0.978309
-0.960583
-0.973253
-0.854275
-0.958358
-0.476456
-0.99859
-0.940524
-0.407259
-0.977258
-0.996504
-0.522482
-0.969896
-0.998438
-0.985168
-0.970025
-0.986008
-0.972054
-0.997638
-0.494162
-0.972607
-0.526035
-0.858964
-0.966238
-0.999635
-0.973408
-0.858267
-0.997751
-0.86605
-0.849465
-0.998899
-0.413635
-0.987489
-0.957804
-0.995469
-0.995951
-0.992584
-0.990183
-0.848915
-0.970106
-0.476865
-0.971954
-0.993956
-0.592389
-0.962763
-0.842693
-0.503574
-0.954031
-0.9741
-0.876935
-0.998289
-0.995489
-0.998712
-0.968168
-0.83108
-0.850848
-0.849034
-0.960188
-0.478117
-0.994325
-0.419661
-0.971905
-0.999232
-0.935681
-0.970244
-0.935867
-0.99869
-0.968084
-0.866324
-0.997334
-0.453281
-0.975081
-0.996639
-0.958018
-0.997469
-0.971673
-0.508386
-0.870591
-0.998332
-0.981803
-0.8451
-0.979726
-0.998863
-0.96737
-0.971398
-0.959815
-0.960761
-0.999212
-0.850334
-0.996541
-0.863578
-0.490114
-0.445097
-0.966455
-0.999348
-0.99362
-0.840636
-0.996449
-0.976991
-0.886133
-0.993668
-0.966708
-0.998705
-0.820895
-0.94726
-0.543368
-0.96531
-0.465893
-0.981212
-0.958179
-0.993948
-0.957878
-0.997495
-0.974734
-0.961639
-0.468431
-0.96729
-0.984377
-0.85648
-0.86846
-0.516439
-0.965066
-0.444179
-0.978952
-0.995436
-0.851146
-0.992201
-0.997136
-0.984275
-0.979497
-0.858596
-0.989548
-0.984745
-0.9618
-0.444192
-0.958884
-0.863819
-0.990221
-0.483345
-0.944355
-0.989033
-0.469875
-0.95723
-0.99805
-0.963721
-0.995449
-0.983711
-0.999847
-0.996414
-0.984251
-0.992965
-0.98433
-0.443832
-0.957124
-0.866071
-0.992578
-0.970654
-0.998083
-0.99177
-0.996
-0.849233
-0.955105
-0.445149
-0.972641
-0.87702
-0.973478
-0.52846
-0.471997
-0.967592
-0.862728
-0.858491
-0.991834
-0.539013
-0.867185
-0.881015
-0.992957
-0.99446
-0.98131
-0.547968
-0.984914
-0.988589
-0.84258
-0.990796
-0.995635
-0.966491
-0.994211
-0.443173
-0.989028
-0.936926
-0.962053
-0.840173
-0.872464
-0.97225
-0.845318
-0.461487
-0.971304
-0.90628
-0.462814
-0.857064
-0.96087
-0.998011
-0.971854
-0.993083
-0.974369
-0.993222
-0.819307
-0.448278
-0.999409
-0.967691
-0.991516
-0.402222
-0.533595
-0.950684
-0.93833
-0.935736
-0.971665
-0.499957
-0.42825
-0.446948
-0.995662
-0.860676
-0.987478
-0.981635
-0.864278
-0.875606
-0.862632
-0.999896
