1.31023 1.36569 1.87771 2.5706 1.31112 2.67056 
1.31023 1.36569 1.87771 2.55469 2.48706 1.31695 
1.31023 1.36569 1.87771 2.56195 1.80523 1.92759 
1.31023 3.80113 4.34543 3.2549 3.96234 2.5088 
1.31023 3.80113 4.34543 3.25678 3.96128 1.21355 
1.31023 2.5706 1.31112 2.55469 2.48706 2.62882 
1.31023 2.5706 1.31112 2.56195 1.80523 1.38655 
1.31023 3.2549 3.96234 3.25678 3.96128 1.32162 
1.31023 2.55469 2.48706 2.56195 1.80523 1.34649 
1.36569 2.5706 2.67056 2.55469 1.31695 2.62882 
1.36569 2.5706 2.67056 2.56195 1.92759 1.38655 
1.36569 2.55469 1.31695 2.56195 1.92759 1.34649 
3.80113 3.2549 2.5088 3.25678 1.21355 1.32162 
3.80113 3.2549 2.5088 3.71358 3.82291 1.35646 
3.80113 3.25678 1.21355 3.71358 3.82291 2.61372 
2.5706 2.55469 2.62882 2.56195 1.38655 1.34649 
3.2549 3.25678 1.32162 4.48002 2.69945 3.91481 
3.2549 3.25678 1.32162 3.71358 1.35646 2.61372 
3.2549 4.48002 2.69945 3.71358 1.35646 1.34721 
3.25678 4.48002 3.91481 3.71358 2.61372 1.34721 
2.63372 1.2654 1.41104 3.37257 1.35498 2.40098 
2.63372 1.2654 1.41104 1.27376 3.89506 2.51564 
2.63372 1.2654 1.41104 3.75581 1.41831 2.50455 
2.63372 3.37257 1.35498 3.75581 1.41831 2.33847 
1.2654 2.56371 3.79216 1.27376 2.51564 1.29638 
1.2654 3.37257 2.40098 3.75581 2.50455 2.33847 
3.96323 2.56371 1.44529 1.27376 2.72069 1.29638 
1.30191 2.52915 3.80691 1.32794 2.57593 1.24098 
1.30191 2.52915 3.80691 3.93566 4.31885 4.12709 
1.30191 4.1021 4.30672 1.32794 2.57593 4.17989 
1.30191 4.1021 4.30672 4.05943 3.8739 1.31908 
1.30191 1.32794 2.57593 3.93566 4.31885 3.70861 
1.30191 1.32794 2.57593 2.62438 1.35326 3.92437 
1.30191 1.32794 2.57593 3.98794 4.04016 3.99898 
1.30191 3.93566 4.31885 3.98794 4.04016 1.35646 
1.30191 2.62438 1.35326 3.85482 2.60391 1.2631 
1.30191 2.62438 1.35326 4.05943 3.8739 4.23034 
2.52915 1.32794 1.24098 3.93566 4.12709 3.70861 
2.52915 1.32794 1.24098 3.81142 1.37842 2.58168 
1.32794 3.93566 3.70861 3.98794 3.99898 1.35646 
2.68093 3.88865 1.24098 1.31131 1.37842 2.58168 
2.68093 1.31131 1.37842 1.32199 3.96645 2.61386 
3.73882 1.31131 4.42879 1.32199 3.66091 2.61386 
3.73882 1.31131 4.42879 2.54274 3.60611 3.84848 
3.73882 3.804 4.24652 1.32199 3.66091 2.50576 
3.73882 3.804 4.24652 4.2448 1.26312 3.53929 
3.73882 3.804 4.24652 2.54274 3.60611 1.26481 
3.73882 1.32199 3.66091 4.2448 1.26312 3.75589 
3.73882 1.32199 3.66091 2.54274 3.60611 1.26134 
3.73882 1.32199 3.66091 4.13899 1.33437 4.40741 
3.73882 4.2448 1.26312 2.54274 3.60611 3.26853 
3.73882 4.2448 1.26312 4.13899 1.33437 2.45209 
1.31131 1.32199 2.61386 2.54274 3.84848 1.26134 
3.804 1.32199 2.50576 4.2448 3.53929 3.75589 
3.804 1.32199 2.50576 2.54274 1.26481 1.26134 
3.804 4.2448 3.53929 2.54274 1.26481 3.26853 
1.32199 4.2448 3.75589 2.54274 1.26134 3.26853 
1.32199 4.2448 3.75589 4.13899 4.40741 2.45209 
3.52127 2.54897 1.46448 3.57451 2.63552 1.56461 
3.52127 2.54897 1.46448 3.55459 3.77937 2.46673 
3.52127 2.54897 1.46448 1.22653 2.36384 1.37327 
3.52127 3.57451 2.63552 3.55459 3.77937 1.44529 
3.52127 3.57451 2.63552 1.22653 2.36384 2.62144 
3.52127 3.55459 3.77937 1.22653 2.36384 2.93215 
2.54897 3.57451 1.56461 3.55459 2.46673 1.44529 
2.54897 3.57451 1.56461 1.22653 1.37327 2.62144 
2.54897 3.57451 1.56461 3.99953 3.52107 2.72069 
2.54897 1.30185 3.67968 3.55459 2.46673 4.38964 
2.54897 1.30185 3.67968 1.22653 1.37327 2.46607 
2.54897 3.55459 2.46673 1.22653 1.37327 2.93215 
2.54897 3.55459 2.46673 3.99953 3.52107 1.29638 
2.54897 1.22653 1.37327 3.99953 3.52107 3.6431 
3.87157 2.50531 1.38275 1.30185 2.64498 1.26249 
2.50531 1.30185 1.26249 1.22653 3.57443 2.46607 
3.57451 3.55459 1.44529 1.22653 2.62144 2.93215 
3.57451 3.55459 1.44529 3.99953 2.72069 1.29638 
3.57451 1.22653 2.62144 3.99953 2.72069 3.6431 
1.30185 3.55459 4.38964 1.22653 2.46607 2.93215 
3.55459 1.22653 2.93215 3.99953 1.29638 3.6431 
1.87771 1.31112 2.67056 2.48706 1.31695 2.62882 
1.87771 1.31112 2.67056 1.80523 1.92759 1.38655 
1.87771 2.48706 1.31695 1.80523 1.92759 1.34649 
4.27074 1.31112 3.48693 1.80523 4.02522 1.38655 
4.34543 3.96234 2.5088 3.96128 1.21355 1.32162 
1.31112 2.48706 2.62882 1.80523 1.38655 1.34649 
3.80691 2.57593 1.24098 4.31885 4.12709 3.70861 
4.30672 4.45184 3.94504 3.8739 1.31908 2.63019 
4.30672 4.45184 3.94504 4.13956 2.56991 1.39882 
4.30672 3.8739 1.31908 4.13956 2.56991 1.26798 
2.57593 4.31885 3.70861 4.04016 3.99898 1.35646 
4.31885 4.32741 2.69945 4.04016 1.35646 1.34721 
4.45184 1.35326 3.94838 2.60391 3.65781 1.2631 
4.45184 1.35326 3.94838 3.87043 4.23383 2.51747 
4.45184 1.35326 3.94838 3.8739 2.63019 4.23034 
4.45184 1.35326 3.94838 4.13956 1.39882 4.07923 
4.45184 2.60391 3.65781 3.87043 4.23383 1.30928 
4.45184 2.60391 3.65781 4.13956 1.39882 4.21126 
4.45184 3.8739 2.63019 4.13956 1.39882 1.26798 
1.35326 2.60391 1.2631 3.87043 2.51747 1.30928 
1.35326 2.60391 1.2631 4.13956 4.07923 4.21126 
1.35326 3.8739 4.23034 4.13956 4.07923 1.26798 
2.67056 1.31695 2.62882 1.92759 1.38655 1.34649 
4.15574 1.24098 4.42496 4.12709 2.5088 3.70861 
4.15574 1.24098 4.42496 4.01646 1.21355 3.98699 
4.15574 4.12709 2.5088 4.01646 1.21355 1.32162 
1.24098 4.12709 3.70861 4.01646 3.98699 1.32162 
3.48693 2.55196 3.66627 4.02522 1.38655 4.00827 
3.48693 2.55196 3.66627 1.33194 3.61319 1.45451 
3.48693 2.55196 3.66627 1.32873 4.24703 3.73111 
3.48693 2.55196 3.66627 3.79794 3.98488 1.30198 
3.48693 4.02522 1.38655 1.33194 3.61319 4.22952 
3.48693 4.02522 1.38655 3.79794 3.98488 4.23221 
3.48693 1.33194 3.61319 1.32873 4.24703 2.60178 
3.48693 1.33194 3.61319 3.79794 3.98488 2.68069 
2.55196 4.02522 4.00827 1.33194 1.45451 4.22952 
2.55196 4.02522 4.00827 3.79794 1.30198 4.23221 
2.55196 2.37377 2.34667 3.36039 3.41336 1.192 
2.55196 2.37377 2.34667 1.33194 1.45451 1.43393 
2.55196 2.37377 2.34667 1.32873 3.73111 3.46638 
2.55196 2.37377 2.34667 3.79794 1.30198 3.28701 
2.55196 3.36039 3.41336 1.33194 1.45451 2.57794 
2.55196 3.36039 3.41336 1.32873 3.73111 4.34613 
2.55196 3.36039 3.41336 3.79794 1.30198 4.14405 
2.55196 1.33194 1.45451 1.32873 3.73111 2.60178 
2.55196 1.33194 1.45451 3.79794 1.30198 2.68069 
4.02522 1.33194 4.22952 3.79794 4.23221 2.68069 
2.37377 3.36039 1.192 1.33194 1.43393 2.57794 
2.37377 3.36039 1.192 1.32873 3.46638 4.34613 
2.37377 3.36039 1.192 3.79794 3.28701 4.14405 
2.37377 1.33194 1.43393 1.32873 3.46638 2.60178 
2.37377 1.33194 1.43393 3.79794 3.28701 2.68069 
2.59328 1.33194 3.87232 1.32873 1.3662 2.60178 
2.59328 1.32873 1.3662 3.74547 1.23551 2.59081 
3.36039 1.33194 2.57794 1.32873 4.34613 2.60178 
3.36039 1.33194 2.57794 3.79794 4.14405 2.68069 
4.42496 2.5088 3.70861 1.21355 3.98699 1.32162 
4.42496 2.5088 3.70861 3.82291 3.99898 1.35646 
4.42496 1.21355 3.98699 3.82291 3.99898 2.61372 
2.5088 1.21355 1.32162 1.39027 3.87932 2.5623 
2.5088 1.21355 1.32162 3.82291 1.35646 2.61372 
1.21355 2.57739 3.75054 1.39027 2.5623 1.22094 
2.57739 3.84523 1.32456 1.39027 1.22094 2.48092 
2.57739 3.84523 1.32456 4.36556 3.25241 3.77474 
2.57739 3.84523 1.32456 4.47811 3.2548 3.62328 
2.57739 1.39027 1.22094 4.36556 3.25241 3.59329 
2.57739 1.39027 1.22094 4.47811 3.2548 3.58788 
2.57739 4.36556 3.25241 4.47811 3.2548 1.27033 
3.84523 1.39027 2.48092 4.36556 3.77474 3.59329 
3.84523 1.39027 2.48092 4.47811 3.62328 3.58788 
3.84523 4.36556 3.77474 4.47811 3.62328 1.27033 
1.39027 4.36556 3.59329 4.47811 3.58788 1.27033 
3.66627 1.38655 4.00827 3.61319 1.45451 4.22952 
3.66627 1.38655 4.00827 3.98488 1.30198 4.23221 
3.66627 3.61319 1.45451 4.24703 3.73111 2.60178 
3.66627 3.61319 1.45451 3.98488 1.30198 2.68069 
1.38655 3.61319 4.22952 3.98488 4.23221 2.68069 
1.24196 2.69055 1.46448 3.64961 2.63552 1.56461 
1.24196 2.69055 1.46448 3.5475 2.36384 1.37327 
1.24196 2.69055 1.46448 1.31908 2.52682 3.9322 
1.24196 2.69055 1.46448 4.02156 3.30147 2.69037 
1.24196 3.64961 2.63552 3.5475 2.36384 2.62144 
1.24196 3.64961 2.63552 4.02156 3.30147 1.46434 
1.24196 3.5475 2.36384 4.02156 3.30147 3.87684 
1.24196 1.31908 2.52682 2.56991 3.73503 1.26798 
2.69055 3.64961 1.56461 3.5475 1.37327 2.62144 
2.69055 3.64961 1.56461 4.02156 2.69037 1.46434 
2.69055 3.5475 1.37327 4.02156 2.69037 3.87684 
3.94504 1.31908 2.63019 2.56991 1.39882 1.26798 
3.64961 3.5475 2.62144 4.02156 1.46434 3.87684 
3.70861 3.98699 1.32162 3.99898 1.35646 2.61372 
1.32162 2.69945 3.91481 1.35646 2.61372 1.34721 
2.69945 1.35646 1.34721 3.88958 1.26471 2.56375 
3.83941 1.35487 2.53692 2.59512 1.32146 1.27921 
1.35487 1.30021 2.61558 2.59512 1.27921 3.87252 
1.35487 1.30021 2.61558 2.67658 3.95737 1.38275 
1.30021 2.67658 1.38275 3.93788 2.64498 1.26249 
1.46448 4.20296 3.87924 2.63552 1.56461 2.76006 
1.46448 4.20296 3.87924 3.77937 2.46673 3.76051 
1.46448 4.20296 3.87924 3.30147 2.69037 1.30198 
1.46448 2.63552 1.56461 3.77937 2.46673 1.44529 
1.46448 2.63552 1.56461 2.36384 1.37327 2.62144 
1.46448 2.63552 1.56461 3.30147 2.69037 1.46434 
1.46448 3.77937 2.46673 2.36384 1.37327 2.93215 
1.46448 3.77937 2.46673 3.30147 2.69037 2.55458 
1.46448 2.36384 1.37327 3.30147 2.69037 3.87684 
4.20296 2.63552 2.76006 3.77937 3.76051 1.44529 
4.20296 2.63552 2.76006 3.30147 1.30198 1.46434 
4.20296 3.77937 3.76051 3.30147 1.30198 2.55458 
2.63552 3.77937 1.44529 2.36384 2.62144 2.93215 
2.63552 3.77937 1.44529 3.30147 1.46434 2.55458 
2.63552 2.36384 2.62144 3.30147 1.46434 3.87684 
3.77937 2.36384 2.93215 3.30147 2.55458 3.87684 
2.59053 3.63766 1.41104 3.31661 1.35498 2.40098 
2.59053 3.63766 1.41104 1.20027 1.41831 2.50455 
2.59053 3.63766 1.41104 4.01558 2.5668 3.63024 
2.59053 3.91096 3.83098 3.59652 4.26131 1.32456 
2.59053 3.91096 3.83098 3.31661 1.35498 3.25241 
2.59053 3.91096 3.83098 1.20027 1.41831 3.83898 
2.59053 3.91096 3.83098 4.01558 2.5668 3.2548 
2.59053 3.59652 4.26131 1.32146 3.83392 4.14932 
2.59053 3.59652 4.26131 3.31661 1.35498 3.77474 
2.59053 3.59652 4.26131 1.20027 1.41831 3.86596 
2.59053 3.59652 4.26131 4.01558 2.5668 3.62328 
2.59053 1.32146 3.83392 1.20027 1.41831 2.45477 
2.59053 3.31661 1.35498 1.20027 1.41831 2.33847 
2.59053 3.31661 1.35498 4.01558 2.5668 1.27033 
2.59053 1.20027 1.41831 4.01558 2.5668 3.25312 
4.04496 3.91096 2.50717 3.59652 1.21085 1.32456 
4.04496 3.91096 2.50717 4.01558 4.45559 3.2548 
4.04496 3.59652 1.21085 1.32146 4.34656 4.14932 
4.04496 3.59652 1.21085 4.01558 4.45559 3.62328 
3.63766 3.31661 2.40098 1.20027 2.50455 2.33847 
3.63766 3.31661 2.40098 4.01558 3.63024 1.27033 
3.63766 1.20027 2.50455 4.01558 3.63024 3.25312 
3.91096 3.59652 1.32456 3.31661 3.25241 3.77474 
3.91096 3.59652 1.32456 1.20027 3.83898 3.86596 
3.91096 3.59652 1.32456 4.01558 3.2548 3.62328 
3.91096 3.31661 3.25241 1.20027 3.83898 2.33847 
3.91096 3.31661 3.25241 4.01558 3.2548 1.27033 
3.91096 1.20027 3.83898 4.01558 3.2548 3.25312 
2.53692 1.32146 1.27921 1.20027 3.59039 2.45477 
3.59652 1.32146 4.14932 1.20027 3.86596 2.45477 
3.59652 3.31661 3.77474 1.20027 3.86596 2.33847 
3.59652 3.31661 3.77474 4.01558 3.62328 1.27033 
3.59652 1.20027 3.86596 4.01558 3.62328 3.25312 
3.31661 1.20027 2.33847 4.01558 1.27033 3.25312 
1.41104 1.35498 2.40098 1.41831 2.50455 2.33847 
1.41104 1.35498 2.40098 2.5668 3.63024 1.27033 
1.41104 1.41831 2.50455 2.5668 3.63024 3.25312 
3.83098 4.26131 1.32456 4.29131 1.22094 2.48092 
3.83098 4.26131 1.32456 3.88166 3.87806 4.08598 
3.83098 4.26131 1.32456 1.35498 3.25241 3.77474 
3.83098 4.26131 1.32456 1.41831 3.83898 3.86596 
3.83098 4.26131 1.32456 2.5668 3.2548 3.62328 
3.83098 4.29131 1.22094 3.88166 3.87806 4.13088 
3.83098 4.29131 1.22094 1.35498 3.25241 3.59329 
3.83098 4.29131 1.22094 2.5668 3.2548 3.58788 
3.83098 3.88166 3.87806 1.35498 3.25241 2.59871 
3.83098 3.88166 3.87806 1.41831 3.83898 4.45721 
3.83098 3.88166 3.87806 2.5668 3.2548 1.33437 
3.83098 1.35498 3.25241 1.41831 3.83898 2.33847 
3.83098 1.35498 3.25241 2.5668 3.2548 1.27033 
3.83098 1.41831 3.83898 2.5668 3.2548 3.25312 
4.26131 3.83392 4.14932 1.41831 3.86596 2.45477 
4.26131 4.29131 2.48092 3.88166 4.08598 4.13088 
4.26131 4.29131 2.48092 1.35498 3.77474 3.59329 
4.26131 4.29131 2.48092 2.5668 3.62328 3.58788 
4.26131 3.88166 4.08598 1.35498 3.77474 2.59871 
4.26131 3.88166 4.08598 1.41831 3.86596 4.45721 
4.26131 3.88166 4.08598 2.5668 3.62328 1.33437 
4.26131 1.35498 3.77474 1.41831 3.86596 2.33847 
4.26131 1.35498 3.77474 2.5668 3.62328 1.27033 
4.26131 1.41831 3.86596 2.5668 3.62328 3.25312 
4.29131 3.88166 4.13088 1.35498 3.59329 2.59871 
4.29131 3.88166 4.13088 2.5668 3.58788 1.33437 
4.29131 1.35498 3.59329 2.5668 3.58788 1.27033 
3.88166 1.35498 2.59871 1.41831 4.45721 2.33847 
3.88166 1.35498 2.59871 2.5668 1.33437 1.27033 
3.88166 1.41831 4.45721 2.5668 1.33437 3.25312 
1.35498 1.41831 2.33847 2.5668 1.27033 3.25312 
2.50717 1.21085 1.32456 3.58655 1.22094 2.48092 
2.50717 1.21085 1.32456 4.45559 3.2548 3.62328 
2.50717 1.21085 1.32456 1.32222 3.79031 2.51248 
2.50717 3.58655 1.22094 4.45559 3.2548 3.58788 
1.21085 3.58655 2.48092 4.45559 3.62328 3.58788 
1.21085 2.50383 3.64103 1.32222 2.51248 1.23551 
2.50383 3.83579 1.3662 1.32222 1.23551 2.59081 
3.87924 1.56461 2.76006 2.46673 3.76051 1.44529 
3.87924 1.56461 2.76006 2.69037 1.30198 1.46434 
3.87924 2.46673 3.76051 2.69037 1.30198 2.55458 
1.56461 2.46673 1.44529 1.37327 2.62144 2.93215 
1.56461 2.46673 1.44529 3.52107 2.72069 1.29638 
1.56461 2.46673 1.44529 2.69037 1.46434 2.55458 
1.56461 1.37327 2.62144 3.52107 2.72069 3.6431 
1.56461 1.37327 2.62144 2.69037 1.46434 3.87684 
1.56461 3.52107 2.72069 2.69037 1.46434 3.78172 
3.67968 2.46673 4.38964 1.37327 2.46607 2.93215 
2.46673 1.37327 2.93215 3.52107 1.29638 3.6431 
2.46673 1.37327 2.93215 2.69037 2.55458 3.87684 
2.46673 3.52107 1.29638 2.69037 2.55458 3.78172 
1.37327 3.52107 3.6431 2.69037 3.87684 3.78172 
2.40098 2.50455 2.33847 3.63024 1.27033 3.25312 
1.32456 1.22094 2.48092 3.87806 4.08598 4.13088 
1.32456 1.22094 2.48092 3.25241 3.77474 3.59329 
1.32456 1.22094 2.48092 3.2548 3.62328 3.58788 
1.32456 3.87806 4.08598 3.25241 3.77474 2.59871 
1.32456 3.87806 4.08598 3.83898 3.86596 4.45721 
1.32456 3.87806 4.08598 3.2548 3.62328 1.33437 
1.32456 3.25241 3.77474 3.83898 3.86596 2.33847 
1.32456 3.25241 3.77474 3.2548 3.62328 1.27033 
1.32456 3.83898 3.86596 3.2548 3.62328 3.25312 
1.22094 3.87806 4.13088 3.25241 3.59329 2.59871 
1.22094 3.87806 4.13088 3.2548 3.58788 1.33437 
1.22094 3.25241 3.59329 3.2548 3.58788 1.27033 
3.87806 3.25241 2.59871 3.83898 4.45721 2.33847 
3.87806 3.25241 2.59871 3.2548 1.33437 1.27033 
3.87806 3.83898 4.45721 3.2548 1.33437 3.25312 
3.25241 3.83898 2.33847 3.2548 1.27033 3.25312 
2.48092 4.08598 4.13088 3.77474 3.59329 2.59871 
2.48092 4.08598 4.13088 3.62328 3.58788 1.33437 
2.48092 3.77474 3.59329 3.62328 3.58788 1.27033 
4.08598 3.77474 2.59871 3.86596 4.45721 2.33847 
4.08598 3.77474 2.59871 3.62328 1.33437 1.27033 
4.08598 3.86596 4.45721 3.62328 1.33437 3.25312 
3.77474 3.86596 2.33847 3.62328 1.27033 3.25312 
2.5971 1.34721 3.91656 1.26471 1.42329 2.56375 
2.5971 1.26471 1.42329 3.75513 1.31319 2.65817 
4.00827 1.45451 4.22952 1.30198 4.23221 2.68069 
2.76006 3.76051 1.44529 1.30198 1.46434 2.55458 
2.76006 1.45451 4.13392 1.30198 1.46434 2.68069 
2.34667 3.41336 1.192 1.45451 1.43393 2.57794 
2.34667 3.41336 1.192 3.73111 3.46638 4.34613 
2.34667 3.41336 1.192 1.30198 3.28701 4.14405 
2.34667 1.45451 1.43393 3.73111 3.46638 2.60178 
2.34667 1.45451 1.43393 1.30198 3.28701 2.68069 
3.41336 1.45451 2.57794 3.73111 4.34613 2.60178 
3.41336 1.45451 2.57794 1.30198 4.14405 2.68069 
4.13088 3.59329 2.59871 3.58788 1.33437 1.27033 
3.94838 3.65781 1.2631 1.30663 4.06337 3.37049 
3.94838 3.65781 1.2631 4.23383 2.51747 1.30928 
3.94838 3.65781 1.2631 1.39882 4.07923 4.21126 
3.94838 1.30663 4.06337 4.23383 2.51747 3.53929 
3.94838 1.30663 4.06337 2.63019 4.23034 3.89589 
3.94838 1.30663 4.06337 1.39882 4.07923 2.69099 
3.94838 2.63019 4.23034 1.39882 4.07923 1.26798 
3.65781 1.30663 3.37049 3.77301 4.40758 2.50576 
3.65781 1.30663 3.37049 4.23383 1.30928 3.53929 
3.65781 1.30663 3.37049 2.55086 3.57631 1.26481 
3.65781 1.30663 3.37049 1.39882 4.21126 2.69099 
3.65781 3.77301 4.40758 4.23383 1.30928 3.75589 
3.65781 3.77301 4.40758 2.55086 3.57631 1.26134 
3.65781 4.23383 1.30928 2.55086 3.57631 3.26853 
3.65781 2.55086 3.57631 1.39882 4.21126 3.93904 
1.30663 3.77301 2.50576 4.23383 3.53929 3.75589 
1.30663 3.77301 2.50576 2.55086 1.26481 1.26134 
1.30663 4.23383 3.53929 2.55086 1.26481 3.26853 
1.30663 2.55086 1.26481 1.39882 2.69099 3.93904 
1.30663 2.63019 3.89589 1.39882 2.69099 1.26798 
3.77301 4.23383 3.75589 2.55086 1.26134 3.26853 
3.72608 1.2631 2.56443 4.06337 4.24652 3.37049 
3.72608 1.2631 2.56443 2.51747 1.26312 1.30928 
3.72608 4.06337 4.24652 2.51747 1.26312 3.53929 
1.2631 4.06337 3.37049 2.51747 1.30928 3.53929 
1.2631 4.06337 3.37049 4.07923 4.21126 2.69099 
4.06337 4.23034 3.89589 4.07923 2.69099 1.26798 
2.56443 4.24652 3.37049 3.66091 4.40758 2.50576 
2.56443 4.24652 3.37049 1.26312 1.30928 3.53929 
2.56443 4.24652 3.37049 3.60611 3.57631 1.26481 
2.56443 3.66091 4.40758 1.26312 1.30928 3.75589 
2.56443 3.66091 4.40758 3.60611 3.57631 1.26134 
2.56443 3.66091 4.40758 1.33437 3.69873 4.40741 
2.56443 1.26312 1.30928 3.60611 3.57631 3.26853 
2.56443 1.26312 1.30928 1.33437 3.69873 2.45209 
4.42879 3.66091 2.61386 3.60611 3.84848 1.26134 
4.24652 3.66091 2.50576 1.26312 3.53929 3.75589 
4.24652 3.66091 2.50576 3.60611 1.26481 1.26134 
4.24652 1.26312 3.53929 3.60611 1.26481 3.26853 
3.66091 1.26312 3.75589 3.60611 1.26134 3.26853 
3.66091 1.26312 3.75589 1.33437 4.40741 2.45209 
1.26312 2.59871 3.6658 1.33437 2.45209 1.27033 
2.59871 4.45721 2.33847 1.33437 1.27033 3.25312 
3.37049 4.40758 2.50576 1.30928 3.53929 3.75589 
3.37049 4.40758 2.50576 3.57631 1.26481 1.26134 
3.37049 1.30928 3.53929 3.57631 1.26481 3.26853 
3.37049 3.57631 1.26481 4.21126 2.69099 3.93904 
4.40758 1.30928 3.75589 3.57631 1.26134 3.26853 
4.40758 1.30928 3.75589 3.69873 4.40741 2.45209 
2.50576 3.53929 3.75589 1.26481 1.26134 3.26853 
1.42329 1.31319 2.65817 2.59145 3.88638 1.29397 
1.31319 3.77956 2.48221 2.59145 1.29397 1.192 
1.44529 2.62144 2.93215 2.72069 1.29638 3.6431 
1.44529 2.62144 2.93215 1.46434 2.55458 3.87684 
1.44529 2.72069 1.29638 1.46434 2.55458 3.78172 
2.62144 2.72069 3.6431 1.46434 3.87684 3.78172 
2.48221 1.29397 1.192 3.86374 1.43393 2.57794 
2.93215 1.29638 3.6431 2.55458 3.87684 3.78172 
1.192 1.43393 2.57794 3.46638 4.34613 2.60178 
1.192 1.43393 2.57794 3.28701 4.14405 2.68069 
